# Time / Total Energy / Kinetic Temperature / Pressure
50.2 -863.88751 1.1117892 3.5174028
50.4 -886.20773 1.0648957 3.4474075
50.6 -896.65765 0.99758773 3.6107449
50.8 -896.80563 0.9933784 3.3840289
51.0 -894.14145 1.0630512 3.4759865
51.2 -903.10572 0.97631317 3.4710547
51.4 -903.33537 1.0150312 3.8398081
51.6 -880.62014 1.0574886 3.6281219
51.8 -860.70117 1.1153216 3.8833284
52.0 -883.41583 1.0842851 3.2765733
52.2 -880.0066 1.1437355 3.1112613
52.4 -878.11261 1.0778441 3.8510705
52.6 -889.77264 1.0254047 3.6638213
52.8 -905.6765 1.092799 3.3661174
53.0 -914.97321 1.1229434 3.3806273
53.2 -905.59242 1.0576125 3.1987986
53.4 -901.72818 1.0696431 3.2349038
53.6 -895.65783 1.1117523 3.3298572
53.8 -907.92005 0.98870897 3.5324494
54.0 -902.38896 0.9831496 3.4625872
54.2 -906.31684 0.9646766 3.7206301
54.4 -926.4321 1.0020859 3.2676076
54.6 -938.58228 0.99472427 2.8885813
54.8 -925.33557 0.9620187 3.5448859
55.0 -906.66917 0.94631137 3.847222
55.2 -902.1406 1.0108693 3.6761009
55.4 -902.41485 1.0107068 3.3088845
55.6 -869.52413 1.0940827 3.5192054
55.8 -892.18925 1.0055183 3.5626182
56.0 -910.63525 0.94406897 3.5220511
56.2 -922.41974 1.0067375 3.5732412
56.4 -918.25576 1.0583991 3.1682984
56.6 -870.76662 1.0640343 3.423569
56.8 -880.40133 1.0810229 3.440445
57.0 -892.91865 1.086746 3.2942919
57.2 -906.26113 1.025442 3.0632034
57.4 -894.2071 1.0227976 3.0968069
57.6 -882.61151 1.0432816 3.3128329
57.8 -875.63311 1.0856284 3.5921862
58.0 -895.58212 1.0109184 3.6955047
58.2 -891.78422 1.0373206 3.3539984
58.4 -903.38133 0.97401303 3.5752222
58.6 -887.51976 1.052522 3.6067989
58.8 -852.42772 1.0588676 4.0589573
59.0 -850.44874 1.1212011 4.1299082
59.2 -862.39695 1.1305114 3.7778981
59.4 -854.94041 1.0865281 3.7831991
59.6 -885.46357 1.0755686 3.3421868
59.8 -908.89972 0.93147917 3.5434078
60.0 -917.91652 0.95687897 3.4060815
60.2 -912.55522 0.97697807 3.4698415
60.4 -908.33518 1.0633647 3.5713798
60.6 -926.67066 0.9856615 2.5944322
60.8 -924.29759 1.0247801 3.3414373
61.0 -929.62626 0.95468837 3.4682374
61.2 -915.06808 0.98395833 3.5851492
61.4 -905.81716 1.0191512 3.3610159
61.6 -917.28338 0.98921573 3.2035898
61.8 -921.84032 1.0256082 3.1342605
62.0 -933.1612 1.0128982 3.1377591
62.2 -910.0369 1.0127593 3.1830658
62.4 -896.23285 1.063689 3.1778745
62.6 -905.30404 0.9843443 3.3906894
62.8 -915.72949 0.97997473 3.7334766
63.0 -918.26028 1.0413889 3.2481244
63.2 -919.53229 1.0141441 3.6070949
63.4 -934.79592 0.960366 3.3358811
63.6 -918.52101 1.0190391 3.3660063
63.8 -899.69108 1.0042118 3.7046287
64.0 -895.62011 1.0395129 3.4054683
64.2 -897.25664 1.0029602 3.2717671
64.4 -875.69195 1.0939656 3.8217149
64.6 -881.67946 1.0956988 3.3927578
64.8 -915.8691 1.0216088 2.9392991
65.0 -913.71201 1.0132423 3.3834877
65.2 -907.80127 0.99087693 3.4475446
65.4 -912.98526 0.9709159 3.6874774
65.6 -907.75517 0.992496 3.2791073
65.8 -913.40945 1.0550473 3.5186924
66.0 -920.48125 1.0319626 3.4837291
66.2 -920.70123 1.0279191 3.4511687
66.4 -923.01417 1.0160115 3.0456979
66.6 -930.33647 0.88896647 3.7346073
66.8 -942.21364 0.97907067 3.1640546
67.0 -959.37662 0.88923673 3.1663908
67.2 -953.62647 0.92016583 3.3255317
67.4 -949.35101 0.942962 3.1890213
67.6 -945.74574 0.97421157 2.6935748
67.8 -915.67321 1.0289434 3.6701837
68.0 -929.70537 1.0007613 3.240212
68.2 -960.32332 0.9190154 3.1451613
68.4 -949.96244 0.96273197 2.9664189
68.6 -932.28188 0.98562023 3.1495101
68.8 -935.89153 0.98450363 2.9848334
69.0 -927.77869 0.93704263 3.5104424
69.2 -925.08453 0.9241428 2.8798281
69.4 -922.13083 0.9067277 3.8123737
69.6 -928.16681 0.95757527 3.088731
69.8 -918.82071 0.98352003 3.0840448
70.0 -927.3954 0.9911452 3.1939904
70.2 -928.37375 0.9622862 3.365744
70.4 -913.54022 1.0616942 3.0086562
70.6 -895.22957 1.0479825 3.3840236
70.8 -928.34873 0.94760937 3.0639078
71.0 -913.75177 1.051497 3.2203043
71.2 -936.65312 0.909366 3.5128709
71.4 -916.04118 1.0082967 2.984947
71.6 -936.47474 0.9195038 3.0877037
71.8 -936.41362 0.9759049 3.2188417
72.0 -936.12165 0.9274993 3.5129129
72.2 -924.98284 1.0413011 2.6845728
72.4 -904.63116 1.0174099 3.3357781
72.6 -905.92311 0.99634483 3.4511412
72.8 -926.48545 0.91941237 3.4971709
73.0 -918.10347 1.0116147 3.5178616
73.2 -910.16222 1.0268755 3.5074777
73.4 -904.148 1.0287498 3.8217192
73.6 -909.97631 1.0113606 3.3979041
73.8 -927.27918 0.92863467 3.6545255
74.0 -928.01191 0.96182703 3.4696146
74.2 -906.10304 0.98303843 3.6622894
74.4 -930.42601 1.0318061 3.1699874
74.6 -936.70523 0.96359213 3.4932078
74.8 -946.77455 0.9590471 2.9954012
75.0 -933.35116 0.9735961 3.6677694
75.2 -951.07116 0.9140753 3.1940721
75.4 -943.3556 0.94624527 3.2217081
75.6 -959.6023 0.8984673 3.2586959
75.8 -957.07996 0.93933763 2.8861259
76.0 -951.30522 0.9529813 3.2100869
76.2 -940.70946 0.9385151 3.292739
76.4 -941.34163 0.98259483 3.2686408
76.6 -962.82955 0.83604987 3.4140337
76.8 -943.51637 0.93462247 3.2150097
77.0 -950.99208 0.96695483 2.998729
77.2 -955.95049 0.94254483 2.918336
77.4 -948.3566 0.96423747 2.5980096
77.6 -939.91727 0.91610223 3.3876324
77.8 -934.67516 0.90759487 3.5813377
78.0 -950.56333 0.87380893 3.2323479
78.2 -961.18306 0.85246113 3.2865802
78.4 -965.23547 0.8951513 2.8605488
78.6 -939.69118 0.917202 3.488085
78.8 -925.30565 0.99905043 2.8195408
79.0 -926.3386 0.9760982 3.3194028
79.2 -930.14424 1.0015863 3.0724937
79.4 -936.50759 0.93960173 3.1689658
79.6 -952.12349 0.9007915 2.9933966
79.8 -956.62915 0.9310858 3.2341233
80.0 -927.75741 0.9650589 2.9863951
80.2 -937.65127 0.91406113 3.4750323
80.4 -907.82055 0.99212883 3.6074057
80.6 -913.30094 1.0344151 3.1437745
80.8 -913.94493 1.0136604 3.3126867
81.0 -918.98317 0.9377411 3.4745809
81.2 -931.4702 1.0089405 3.1919906
81.4 -912.05308 1.0151829 3.4411355
81.6 -917.19352 1.0775337 3.1007445
81.8 -940.96078 0.95337083 3.183523
82.0 -938.7609 0.96919867 2.9517598
82.2 -924.68533 0.9446065 2.939205
82.4 -919.5258 0.92923407 3.6279823
82.6 -894.33214 1.073247 3.5307318
82.8 -900.41865 1.0543287 3.4077278
83.0 -904.84154 1.0420494 3.3958684
83.2 -893.34395 1.0691168 3.3234927
83.4 -893.57794 1.0827961 3.3377501
83.6 -910.53997 1.0282234 3.4479895
83.8 -913.20397 1.057999 3.4889547
84.0 -917.78823 1.0587742 3.663105
84.2 -936.48907 0.93273127 3.2312845
84.4 -926.73186 1.0042681 3.4141331
84.6 -930.6232 0.96483507 3.6871295
84.8 -929.8654 1.0039503 3.1182404
85.0 -912.15149 1.0317589 3.348608
85.2 -919.68179 0.98149427 3.363835
85.4 -903.69915 1.0627002 3.3020527
85.6 -917.54039 1.0307774 3.2043966
85.8 -913.74061 1.0876292 2.7688465
86.0 -906.73285 1.0462641 3.7964155
86.2 -882.58062 1.0998977 3.4544493
86.4 -888.92347 1.0479629 3.4759
86.6 -874.53905 1.1423441 3.3932175
86.8 -880.90521 1.0082963 3.8453893
87.0 -859.83598 1.1064077 4.122918
87.2 -872.65898 1.0098211 3.7418711
87.4 -906.7336 1.0151945 3.5076511
87.6 -897.72002 1.0147065 3.4393689
87.8 -903.22176 0.9787683 3.6075861
88.0 -901.92624 1.0216429 3.1558906
88.2 -910.29216 1.0321049 3.0671592
88.4 -919.6435 0.95097353 3.3792016
88.6 -897.96003 1.0330887 3.9587957
88.8 -919.51018 1.0203269 3.2954409
89.0 -934.2292 0.89802847 3.4226945
89.2 -945.3302 0.86410593 3.3945931
89.4 -910.27998 1.0445836 3.1888115
89.6 -917.49138 0.91216177 3.5650908
89.8 -900.00693 1.0310453 3.4666692
90.0 -907.35517 1.0575273 3.4299986
90.2 -907.27838 1.086274 3.0645015
90.4 -889.25608 1.0263917 3.6781431
90.6 -896.30836 1.0645249 3.487384
90.8 -910.48547 1.0006003 3.0890741
91.0 -901.79108 1.0636878 3.0699936
91.2 -887.20348 1.019621 3.6103319
91.4 -882.23849 1.0237134 3.4785796
91.6 -873.52912 1.1090126 3.1375426
91.8 -898.79622 1.0344749 3.2654672
92.0 -901.28793 1.044344 3.1126705
92.2 -887.86083 1.0837694 3.5049445
92.4 -886.48014 1.0670668 3.2039058
92.6 -906.74459 1.0220705 2.9964347
92.8 -924.34054 0.99945847 3.0363658
93.0 -927.83659 0.9620838 2.9964888
93.2 -933.51293 0.91240983 3.3893082
93.4 -919.57288 0.95572607 3.7517513
93.6 -915.47276 1.0015366 3.5513694
93.8 -923.01209 1.0144386 3.3401994
94.0 -937.72931 0.88756243 3.8458977
94.2 -926.27262 0.98708287 3.1723185
94.4 -926.46142 0.9507216 3.3241411
94.6 -921.74623 0.95208103 3.2048248
94.8 -915.19042 1.0437009 3.2303012
95.0 -949.59218 0.95190413 3.1180727
95.2 -922.95533 0.9492546 3.5740411
95.4 -900.10482 1.0170716 3.6433007
95.6 -910.5714 1.0029523 3.644336
95.8 -921.2034 1.0068286 3.1626976
96.0 -930.26135 0.94515557 3.7302909
96.2 -922.57372 1.016678 3.1526033
96.4 -902.41566 1.014876 3.7485484
96.6 -889.42357 0.996608 3.5026008
96.8 -876.23126 1.0662755 3.8486572
97.0 -863.29447 1.0375927 3.9814299
97.2 -874.05731 1.1337694 3.9185921
97.4 -902.36792 1.0396608 3.2247293
97.6 -931.71461 0.89815267 3.1326404
97.8 -920.45392 0.98117037 3.4409199
98.0 -916.56597 0.96449107 3.3854509
98.2 -931.70082 0.99249407 3.3077326
98.4 -939.47538 1.0068235 3.1619974
98.6 -957.24971 0.899231 3.1183991
98.8 -947.77633 0.94759483 3.1327862
99.0 -940.64596 0.91223053 3.5778574
99.2 -920.60579 0.92377453 3.0308491
99.4 -927.89331 1.0273553 3.3333742
99.6 -929.88564 0.94137367 3.6075782
99.8 -914.85789 1.041797 3.1205703
100.0 -927.53569 0.98348307 3.3740416
100.2 -942.98197 0.8832501 3.3620001
100.4 -925.47281 0.99150387 3.0664057
100.6 -922.76742 0.955011 3.0908711
100.8 -941.7563 0.98129813 2.913374
101.0 -924.53628 1.0980052 3.2437525
101.2 -905.2395 1.0156952 3.4129973
101.4 -903.97953 0.93044957 3.6496679
101.6 -908.70901 0.99883383 3.4510016
101.8 -917.23601 1.021839 3.0916653
102.0 -923.3816 0.97684413 3.3767333
102.2 -946.38854 0.9427659 3.3466059
102.4 -940.03657 0.95975333 2.9152243
102.6 -943.67206 0.89755547 3.1581197
102.8 -962.10309 0.90094623 2.5961901
103.0 -928.93953 0.9698734 3.3663754
103.2 -935.96795 0.95229097 3.4405149
103.4 -931.03315 0.97272273 3.4028728
103.6 -909.41381 1.0064336 3.4976784
103.8 -896.55836 1.0400892 3.3412981
104.0 -889.35015 0.96196193 3.9994062
104.2 -892.48938 1.0076032 3.0570497
104.4 -894.44815 0.9751988 3.5617817
104.6 -883.82248 1.0163094 3.3613958
104.8 -889.49461 1.0307859 3.3829591
105.0 -921.92705 0.9804765 3.2971175
105.2 -921.89536 0.9293106 3.233673
105.4 -921.73778 0.91415147 3.4306234
105.6 -891.04565 1.0175308 3.4917764
105.8 -902.17814 0.9522333 3.6982042
106.0 -885.03717 1.1344665 3.1369281
106.2 -901.08873 1.0141625 2.9626509
106.4 -913.38897 0.99411287 3.2179513
106.6 -928.77226 0.95897737 3.1058185
106.8 -927.89454 0.98726347 3.4128849
107.0 -916.71286 1.0691891 3.2875165
107.2 -925.49683 0.99511263 3.2718502
107.4 -934.01752 0.96558047 3.4638574
107.6 -918.15544 1.0017179 3.3533288
107.8 -922.37229 0.925759 3.4936861
108.0 -905.44823 0.9794427 3.6207187
108.2 -908.38715 1.0140041 3.654655
108.4 -919.03162 1.0159964 3.5493428
108.6 -936.04777 1.0073284 3.2273382
108.8 -929.32519 1.0198659 3.3446076
109.0 -904.13383 1.0632724 3.38282
109.2 -903.51087 0.9895691 3.650224
109.4 -927.06632 0.93115367 3.1352858
109.6 -936.3521 0.96916043 3.3895426
109.8 -931.92074 0.945267 3.5759744
110.0 -914.59381 1.0038561 3.1114026
110.2 -898.5728 1.0532383 3.3634009
110.4 -876.89139 1.1127392 3.3254136
110.6 -866.68696 1.0818608 4.0458802
110.8 -879.28798 1.0932986 3.5935925
111.0 -906.96434 1.0063435 3.3963123
111.2 -901.26752 1.0093445 3.2835723
111.4 -883.4504 1.0957606 3.3685231
111.6 -909.80405 1.0094835 3.5909522
111.8 -919.4713 0.9532917 3.2549427
112.0 -914.825 1.0127062 3.5546297
112.2 -922.45995 0.93253817 3.7279665
112.4 -918.63442 1.0532297 2.6707881
112.6 -921.54437 1.0059179 3.5787678
112.8 -919.7583 0.9663542 3.2767189
113.0 -906.30972 1.0555675 3.2680282
113.2 -908.32579 1.0103197 3.0500153
113.4 -927.53954 0.98487403 2.8924533
113.6 -908.65374 0.9835286 3.0297913
113.8 -935.74102 0.93093327 3.438241
114.0 -945.03474 0.9333131 3.0385524
114.2 -940.74656 0.9512458 2.9567303
114.4 -915.04546 1.0590217 3.0624545
114.6 -914.78601 0.9969197 3.4820621
114.8 -884.26482 1.0877326 3.4577389
115.0 -880.70116 1.0673268 3.3964972
115.2 -913.06184 1.066888 3.1997466
115.4 -937.36553 0.97453947 3.1694542
115.6 -964.09662 0.8888214 3.189564
115.8 -950.00302 0.93683747 3.1860552
116.0 -945.25542 0.9401782 3.3124496
116.2 -941.51747 0.94386997 3.435208
116.4 -939.56803 0.90859003 3.4387288
116.6 -904.79318 1.0272763 3.475368
116.8 -885.9358 1.0838443 3.5365774
117.0 -892.97442 1.080285 3.1377175
117.2 -897.07331 1.0542164 3.4226764
117.4 -904.13259 1.0923998 3.0873441
117.6 -912.57804 0.89759563 3.4848053
117.8 -896.93126 1.0616909 3.4997011
118.0 -894.16136 1.055615 3.3523547
118.2 -908.3001 0.9693398 3.2073956
118.4 -889.3958 1.0402819 3.5918578
118.6 -895.03007 1.0462842 3.3855089
118.8 -903.859 1.0319378 3.171134
119.0 -918.88024 1.0119662 3.1748369
119.2 -898.14805 1.0767116 3.4119473
119.4 -916.66211 0.98634093 3.4139413
119.6 -922.26055 0.9704964 3.3321648
119.8 -907.6557 1.0700021 3.4033586
120.0 -931.16459 0.95935327 3.3364818
120.2 -936.54017 0.96286463 3.4421694
120.4 -937.81459 0.96601533 3.2425627
120.6 -967.44597 0.86482403 2.777899
120.8 -959.08656 0.90481793 3.1872062
121.0 -970.61279 0.90326267 3.1299874
121.2 -967.20707 0.8448997 3.4753674
121.4 -956.70522 0.9178602 3.2520277
121.6 -929.70605 0.9811949 2.9295839
121.8 -920.1691 0.97635297 3.090465
122.0 -925.58521 1.0381092 3.1924639
122.2 -952.06994 0.9613163 2.8577364
122.4 -929.21923 1.0544401 2.9184334
122.6 -927.91542 0.94286717 3.7225983
122.8 -921.17154 0.98161813 3.9413236
123.0 -920.60451 0.98589547 3.4499774
123.2 -904.19749 1.017431 3.3641267
123.4 -897.88237 1.040943 3.3282351
123.6 -895.46114 1.0733106 3.4307979
123.8 -914.76149 0.9631409 3.4209572
124.0 -913.87376 1.0209382 3.3407961
124.2 -904.45333 1.014709 3.7614331
124.4 -910.41957 1.0238922 3.6117935
124.6 -923.61147 0.98626987 3.651565
124.8 -946.54867 0.95360747 3.1176396
125.0 -944.40992 0.92529927 3.2790242
125.2 -949.2327 0.97102047 3.0917791
125.4 -956.32838 0.9759516 3.2494032
125.6 -983.11871 0.86513853 2.9771443
125.8 -974.64878 0.90538057 2.9214912
126.0 -964.35687 0.91762203 2.9547592
126.2 -946.96619 0.9667491 3.3354329
126.4 -929.14234 0.91595823 3.7114898
126.6 -930.31613 0.96495573 3.1353028
126.8 -944.44877 0.93608283 3.2084589
127.0 -961.40938 0.95514723 2.8331822
127.2 -939.83611 0.97284407 3.1939695
127.4 -947.70239 0.9124588 3.0280512
127.6 -940.12189 0.93303207 2.7073937
127.8 -914.22137 0.9897938 3.2805957
128.0 -905.81802 0.98161453 3.5319385
128.2 -896.33447 1.0004932 3.9671118
128.4 -898.52898 1.0189253 3.802993
128.6 -908.42106 1.0209889 3.5512502
128.8 -906.58628 1.016293 3.6873059
129.0 -906.8578 1.0708923 3.1562189
129.2 -903.37429 1.0340719 3.3983013
129.4 -921.77552 0.95082373 3.3581155
129.6 -908.87474 0.94669707 3.5783835
129.8 -920.41734 0.9628095 3.2935256
130.0 -909.65017 1.0041338 3.2171744
130.2 -890.44802 1.0404481 3.3515881
130.4 -879.92583 1.0317542 3.6514027
130.6 -899.49656 1.0493997 3.079928
130.8 -909.76534 1.0372464 3.3516049
131.0 -922.09243 0.9471176 3.2247547
131.2 -892.33576 1.0018905 3.6609705
131.4 -891.71228 1.0177085 3.6961605
131.6 -878.28692 1.0780512 3.518641
131.8 -881.21957 1.0031968 3.5856422
132.0 -890.48193 1.0595172 3.3898422
132.2 -878.68593 1.0396034 3.7128618
132.4 -903.38163 0.97062457 3.6212851
132.6 -890.11192 1.0855259 3.5805588
132.8 -896.44042 1.0409423 3.2674842
133.0 -906.96544 1.0368739 3.7035312
133.2 -903.5296 0.99211427 3.5900329
133.4 -897.94561 1.0445743 3.6439364
133.6 -898.69651 1.0080859 3.4743974
133.8 -884.94047 1.1436203 3.3445018
134.0 -888.22405 1.0896888 3.1217356
134.2 -909.51821 0.96557623 3.6251932
134.4 -896.02247 1.0428839 3.2835034
134.6 -903.93231 1.0721319 3.1195516
134.8 -914.45596 0.97178347 3.7357738
135.0 -918.53421 1.0283759 3.3883748
135.2 -922.11482 1.0319892 3.6445681
135.4 -935.23325 0.94134613 3.377686
135.6 -946.36773 0.92742087 3.2242015
135.8 -946.26685 0.94982793 3.365469
136.0 -931.51894 0.97003053 3.4868367
136.2 -930.7082 0.98686333 3.2495332
136.4 -910.69702 1.0500491 3.469423
136.6 -934.84855 0.9785025 2.8846477
136.8 -924.45922 0.9820537 3.4038029
137.0 -943.68975 0.92540127 3.0281749
137.2 -936.01149 0.9418053 3.525908
137.4 -916.60606 1.0371215 3.3174365
137.6 -895.58266 1.0408174 2.9972536
137.8 -906.82841 1.0007615 2.9271762
138.0 -917.80602 0.98548053 3.58602
138.2 -938.82104 0.92627913 3.3019414
138.4 -969.46898 0.86772313 3.0138531
138.6 -940.64839 0.98085453 3.2246319
138.8 -946.9172 0.89789323 3.2907045
139.0 -957.04964 0.9086479 3.1936929
139.2 -940.95054 0.92927707 3.3133181
139.4 -916.3813 0.98977387 3.5349945
139.6 -906.56058 0.96662887 3.3398175
139.8 -914.32235 0.958739 3.752053
140.0 -921.04274 0.95510133 3.3052557
140.2 -916.30807 1.0264023 3.7569078
140.4 -928.71639 0.93662327 3.5064772
140.6 -938.10509 0.91866623 3.6635541
140.8 -913.48389 1.011049 3.2577687
141.0 -914.02164 1.0010981 3.1584617
141.2 -915.43313 1.0009738 3.2441312
141.4 -919.79913 0.9982421 3.1956755
141.6 -905.14302 0.9543803 3.7373217
141.8 -914.28937 0.946746 3.5700234
142.0 -919.92115 1.0165481 3.1264012
142.2 -922.46869 1.0121774 3.3191829
142.4 -930.56001 0.97687717 3.0848166
142.6 -929.13004 0.95038037 3.3735734
142.8 -941.31355 0.93794397 3.0878188
143.0 -931.33871 0.98538417 3.0482352
143.2 -920.84232 0.99440283 3.279328
143.4 -924.0514 0.9679642 3.5077144
143.6 -914.59853 0.99050113 3.1186097
143.8 -916.48634 1.0232109 2.9036042
144.0 -906.52984 1.0364056 3.4839605
144.2 -901.91495 1.0805519 3.39518
144.4 -911.18911 1.0207031 3.2483767
144.6 -909.06989 1.0720717 2.8444188
144.8 -909.05857 1.0362885 3.3154557
145.0 -917.43198 0.97810097 3.2980766
145.2 -923.57242 0.91089383 3.4912964
145.4 -927.68611 0.96711453 3.1712875
145.6 -926.74532 0.9373295 3.2739384
145.8 -910.69602 1.0203094 3.3142937
146.0 -917.34095 0.9683631 3.2154038
146.2 -911.47804 0.94648667 3.7084308
146.4 -924.19427 0.95042327 3.2951894
146.6 -912.15558 0.9892762 3.2762513
146.8 -912.01387 0.92135067 3.5564042
147.0 -916.44191 1.0205073 3.0506149
147.2 -917.75735 1.0277893 2.8782061
147.4 -917.30634 0.98261733 3.3747187
147.6 -912.26344 0.9753909 3.394417
147.8 -901.57036 1.1234495 3.1964496
148.0 -892.03793 1.0368126 3.6525435
148.2 -909.39047 1.063653 3.3056158
148.4 -915.09182 0.962056 3.5327505
148.6 -932.41914 0.94535297 3.7162417
148.8 -946.93579 0.9478176 3.2751212
149.0 -946.24497 0.95244657 3.1181849
149.2 -958.83664 0.89618 3.3065543
149.4 -947.68477 0.9345139 3.0078815
149.6 -929.25923 0.90478423 3.382577
149.8 -939.57472 0.9922721 3.0171226
150.0 -941.46298 0.93987907 3.4570031
150.2 -959.12831 0.97498393 2.6818076
150.4 -948.82404 0.8887657 3.4140767
150.6 -925.75698 0.99401987 3.3123135
150.8 -927.78008 0.96370307 3.009289
151.0 -925.38376 1.0083766 3.5514481
151.2 -925.29758 0.98059993 2.8898217
151.4 -936.54952 0.9595995 3.2991719
151.6 -944.3867 0.92306317 3.4622491
151.8 -934.50242 0.94743863 2.9886948
152.0 -913.44243 1.0258908 2.9846111
152.2 -928.23469 0.951204 3.6418694
152.4 -916.78044 1.0066636 3.0900468
152.6 -925.30975 1.0692391 3.2768628
152.8 -917.84799 1.0199326 3.1918144
153.0 -918.26041 0.93316737 3.9291307
153.2 -900.77714 0.99845033 3.5439238
153.4 -883.11459 1.0135273 3.7534666
153.6 -899.7386 1.0640182 3.4459106
153.8 -919.30569 0.97647047 3.3505267
154.0 -936.94001 0.98061647 3.3854112
154.2 -934.45933 0.93825213 3.2618749
154.4 -942.25717 0.937452 2.7367171
154.6 -945.25931 0.93110787 3.1450035
154.8 -930.23511 1.0490127 3.2703002
155.0 -922.92095 1.0395928 3.1318914
155.2 -919.05709 1.0318134 3.2959497
155.4 -891.06751 1.013078 4.0961818
155.6 -887.15728 1.0236798 3.6708331
155.8 -891.07238 1.0375984 3.4333212
156.0 -892.53615 1.0672375 3.3403329
156.2 -882.06847 1.1399523 3.4804442
156.4 -909.08917 1.1015763 3.0504472
156.6 -910.64679 1.0436958 3.2724424
156.8 -930.95668 0.93913593 3.3941739
157.0 -921.57434 1.0198109 2.9029485
157.2 -906.1809 0.95703787 3.7611454
157.4 -912.8834 1.010806 3.0346273
157.6 -901.54218 0.97787253 3.6662177
157.8 -912.24035 0.93897103 3.6221679
158.0 -924.93401 0.94370127 3.2410714
158.2 -909.00179 0.97966817 3.8418841
158.4 -905.25995 1.0211364 3.4077062
158.6 -894.39226 1.0597147 3.7629471
158.8 -894.43166 1.0990421 3.4968635
159.0 -932.03739 0.9959174 3.1245521
159.2 -926.28276 0.96277773 3.581317
159.4 -920.48053 1.0203022 3.4920568
159.6 -925.28921 0.9842158 3.5416445
159.8 -930.89272 0.92462913 3.1821477
160.0 -918.31406 0.9916037 3.0651784
160.2 -892.79194 1.120968 3.2022856
160.4 -894.39741 1.0133542 3.9096158
160.6 -898.3929 1.0363003 3.5515148
160.8 -906.08774 1.0222217 2.9963057
161.0 -906.63068 0.95832197 3.5805865
161.2 -920.22856 1.0249618 3.1396633
161.4 -919.14374 0.96863443 3.1550992
161.6 -902.80128 0.99060437 3.1228737
161.8 -899.66536 1.0178903 3.595071
162.0 -914.45277 1.0437203 3.4701124
162.2 -892.02132 1.0731878 3.5073627
162.4 -888.59284 1.0592136 3.5424723
162.6 -893.28357 1.0066245 3.6928404
162.8 -902.29969 1.0175364 3.5245204
163.0 -900.30705 0.99861527 3.7292002
163.2 -899.55511 1.0088496 3.4037391
163.4 -888.73023 0.9613735 3.721754
163.6 -891.48336 1.0891406 3.3313772
163.8 -904.45042 1.0074425 3.3973654
164.0 -919.3737 0.93270023 3.6835764
164.2 -949.75478 0.89814857 3.3311386
164.4 -921.69875 1.0161157 3.6207544
164.6 -902.58132 1.0315689 3.0369498
164.8 -902.2472 1.0204969 3.7094013
165.0 -900.46757 0.98572093 3.6447314
165.2 -886.19774 1.0107849 3.4599878
165.4 -877.08632 1.083417 3.3934171
165.6 -893.77404 1.0475145 3.2503279
165.8 -932.37573 0.97409703 3.0716626
166.0 -952.44045 0.85839423 3.320666
166.2 -967.82451 0.9400497 2.8328724
166.4 -943.39847 0.9931136 2.9970235
166.6 -943.94703 0.9344427 3.301337
166.8 -943.81752 0.936103 3.1251216
167.0 -960.24584 0.9082842 3.3276671
167.2 -947.32761 0.95295333 2.9637548
167.4 -933.58833 0.92770007 3.18009
167.6 -929.84276 0.93783043 3.3142213
167.8 -943.57436 0.87976803 3.1682249
168.0 -910.93725 1.0261904 3.2928709
168.2 -899.88205 0.96161073 4.146397
168.4 -922.1079 0.95042813 3.5142477
168.6 -931.6228 0.882221 3.4641484
168.8 -948.85388 0.9124278 3.2375838
169.0 -938.32603 0.94607187 3.704678
169.2 -939.29795 0.9484405 3.445054
169.4 -935.01914 0.9811442 3.283617
169.6 -903.98471 1.0586127 3.3703546
169.8 -894.34448 0.9460308 4.0610978
170.0 -909.73756 0.93281383 3.6317199
170.2 -916.27647 1.0109338 3.3980334
170.4 -907.65677 1.0858805 3.0004969
170.6 -903.29363 0.9822261 3.867118
170.8 -911.93934 1.0166624 3.3556226
171.0 -889.34539 1.0785616 3.6552166
171.2 -865.32323 1.1117304 3.9484299
171.4 -857.7592 1.1336751 3.8382079
171.6 -856.76763 1.0936699 3.4129362
171.8 -852.66797 1.094863 3.8291347
172.0 -864.71499 1.0888789 3.7055332
172.2 -859.80954 1.1207391 3.5769795
172.4 -857.81532 1.0878866 3.8819248
172.6 -863.45206 1.0762374 3.6255223
172.8 -858.12756 1.0621651 3.686563
173.0 -863.27239 1.125545 3.5559921
173.2 -883.25536 1.0711788 3.4351185
173.4 -895.6074 1.0017977 3.4692506
173.6 -910.65879 1.0899401 3.1810186
173.8 -918.6569 0.98635367 3.8825556
174.0 -908.23699 1.0398201 3.6128379
174.2 -903.9803 1.024172 3.4358797
174.4 -933.36693 0.94206443 3.3974253
174.6 -926.30982 0.9320532 3.561617
174.8 -938.01988 1.0040621 2.859198
175.0 -913.52162 1.0113141 3.1300079
175.2 -919.71498 0.99560913 3.3756268
175.4 -909.29918 0.9374869 3.8517235
175.6 -875.57863 1.1415389 2.8867046
175.8 -872.05177 1.0768071 3.4578283
176.0 -873.90671 1.0213385 3.9677978
176.2 -891.15065 1.0711469 3.1959685
176.4 -892.17692 1.0146734 3.4746819
176.6 -866.49915 1.1173471 3.742437
176.8 -890.41843 1.0432747 3.4798767
177.0 -897.95457 1.0062113 3.4160181
177.2 -901.01595 1.0610306 3.3013778
177.4 -891.6242 1.0685008 3.4598259
177.6 -890.37903 1.0492076 3.7369522
177.8 -883.22369 1.0306186 3.7293041
178.0 -892.03794 1.0617838 3.6994522
178.2 -877.83374 1.0093514 3.4388173
178.4 -901.28798 1.063655 3.0968039
178.6 -905.59123 1.0322477 3.4093091
178.8 -909.43188 1.0382307 3.0328032
179.0 -922.83687 0.977399 3.2200734
179.2 -938.39668 0.8761877 3.6619274
179.4 -922.53453 0.94455603 3.5888287
179.6 -923.68744 0.9518118 3.4943674
179.8 -906.49955 1.0388847 3.377364
180.0 -914.15891 0.94015547 3.6636221
180.2 -906.21726 1.0602694 3.2153839
180.4 -924.48174 0.97489373 3.705091
180.6 -931.68708 0.94391483 3.38285
180.8 -924.51272 1.0096995 2.6926555
181.0 -932.44432 0.9793487 2.6559604
181.2 -919.70602 1.0045487 2.8626029
181.4 -925.3646 0.94037587 3.3813455
181.6 -910.3116 1.0088378 3.3064925
181.8 -900.94456 1.0602578 3.1210998
182.0 -897.18507 1.0788354 2.9623377
182.2 -894.07014 1.075495 3.2758401
182.4 -884.69052 1.0683786 3.3413601
182.6 -892.87431 1.0369762 3.1591745
182.8 -881.07694 1.1158729 3.402943
183.0 -893.75694 1.0386425 3.3530396
183.2 -893.18618 0.97965013 4.0533184
183.4 -892.68911 1.0426714 3.9113859
183.6 -889.80241 1.0127552 3.724348
183.8 -902.17921 1.0425985 3.5322524
184.0 -899.86787 1.0477337 3.6048861
184.2 -906.24054 0.9585472 3.4068756
184.4 -884.02561 1.0135387 3.4534983
184.6 -888.34711 1.0515142 3.383015
184.8 -891.2541 1.0250644 3.375072
185.0 -911.96587 0.99170063 3.5617235
185.2 -908.5607 0.9957763 3.5174069
185.4 -915.6871 0.9589492 3.4675741
185.6 -916.28999 0.98921463 3.7012082
185.8 -913.29008 1.047353 3.3155288
186.0 -911.01835 1.0269443 2.988219
186.2 -910.51396 1.0478995 3.5154055
186.4 -910.14196 0.98898967 3.6619317
186.6 -913.56396 1.038623 3.4974625
186.8 -906.88827 1.0384808 3.3265143
187.0 -942.14907 0.9153922 3.1182986
187.2 -924.55064 0.96349483 3.0619274
187.4 -937.63908 0.94730353 3.4993933
187.6 -926.18442 0.97387657 3.3581853
187.8 -911.99136 0.94902727 3.4526433
188.0 -930.56954 0.9679176 3.5290992
188.2 -902.63596 1.0495386 3.2730787
188.4 -899.05643 1.0479257 3.308089
188.6 -910.14437 1.0073103 3.400186
188.8 -903.10955 0.99369317 3.2545769
189.0 -924.27864 1.0265112 3.2218485
189.2 -924.06548 1.0041106 3.3055595
189.4 -935.89638 1.0068174 3.0802401
189.6 -920.25958 1.0568002 2.9904827
189.8 -923.51439 0.9715614 3.2956579
190.0 -916.11275 1.0302436 2.865082
190.2 -928.09381 0.97293463 3.6849965
190.4 -925.04679 0.93098287 3.7218967
190.6 -926.32438 0.97649427 3.1675042
190.8 -907.26541 1.0235237 3.2967591
191.0 -923.9102 1.0385552 3.0243336
191.2 -945.58665 0.94266843 3.1639049
191.4 -951.11015 0.8981771 3.2087369
191.6 -954.95336 0.91616787 3.7505485
191.8 -968.69421 0.89740807 3.1923046
192.0 -935.62247 0.97385143 3.3328042
192.2 -914.73883 0.95478453 3.4066904
192.4 -904.31095 0.96930377 3.8870077
192.6 -906.5559 0.97133063 3.2614064
192.8 -908.57949 0.98358923 3.3331857
193.0 -934.57286 0.9618348 3.1675315
193.2 -919.43216 0.94344663 3.5440945
193.4 -913.10526 1.0123249 3.0944359
193.6 -906.28453 0.95667767 3.3234936
193.8 -905.78786 1.0297956 3.2008539
194.0 -912.67879 0.94021973 3.8912736
194.2 -909.29323 1.0012084 3.2934403
194.4 -918.83369 0.99947697 3.5051669
194.6 -920.11196 1.0291399 3.5662442
194.8 -917.43316 0.97170353 3.7194126
195.0 -941.42444 0.9047652 3.1608567
195.2 -921.87366 0.99935323 3.0643599
195.4 -937.26398 0.96184637 3.2098504
195.6 -934.50626 0.95878783 3.3953993
195.8 -962.68344 0.9358211 2.72959
196.0 -963.57924 0.92627393 2.8999515
196.2 -955.45438 0.9417354 3.0955568
196.4 -935.90483 1.0035595 2.9779512
196.6 -934.14354 0.96516137 2.9826254
196.8 -929.31557 0.95421937 3.4375088
197.0 -921.99981 0.98236167 3.206447
197.2 -933.04462 0.98489853 3.4922006
197.4 -947.42787 0.95576623 3.5028077
197.6 -965.02835 0.90735827 3.0514112
197.8 -958.54007 0.9313424 3.1441691
198.0 -939.20125 0.96558953 3.3848748
198.2 -939.58423 1.058065 3.256393
198.4 -936.11343 1.030325 3.3501863
198.6 -953.02967 0.96159243 3.0058288
198.8 -921.10257 1.0061661 3.1864096
199.0 -916.13979 1.0420727 3.5720691
199.2 -917.7156 0.99385947 3.5488152
199.4 -910.69051 0.98337747 3.4675422
199.6 -884.36293 0.99024813 3.7753693
199.8 -872.39003 1.1194771 3.2813765
200.0 -880.64258 1.0803444 3.80574
200.2 -905.92908 1.0306209 3.5117411
200.4 -916.27944 1.0131112 3.774841
200.6 -935.63512 0.91955087 3.3739092
200.8 -947.94673 0.90454 3.0698639
201.0 -934.88014 0.95607773 3.362299
201.2 -916.74232 1.0567354 3.1387637
201.4 -903.72419 1.0536348 3.3214297
201.6 -923.80212 0.96224153 3.179386
201.8 -909.83741 1.0045836 4.0338583
202.0 -901.17559 1.0338127 3.5046542
202.2 -877.04993 1.0445524 3.602522
202.4 -873.97276 1.0348826 4.2092995
202.6 -894.6482 1.0502516 3.352177
202.8 -897.33526 0.9537384 3.452424
203.0 -889.66016 1.0839607 3.5826881
203.2 -923.52812 0.96546663 3.7423296
203.4 -913.75638 0.9864458 3.2857258
203.6 -919.01746 1.0061215 3.4003828
203.8 -923.20835 1.0345834 3.0999339
204.0 -874.4326 1.0620593 3.9059163
204.2 -877.94694 1.1173714 3.7267709
204.4 -879.8929 1.1011778 3.5486045
204.6 -873.34933 1.0799149 3.9230186
204.8 -906.72515 1.0175465 3.5911464
205.0 -905.93469 1.0204158 3.6891455
205.2 -909.9603 1.0144658 3.4396229
205.4 -915.82297 0.95794203 3.4990744
205.6 -894.99272 1.025618 3.4186232
205.8 -907.69346 1.0022315 3.607817
206.0 -914.04995 0.97677643 3.5378748
206.2 -897.47727 1.024161 3.6201797
206.4 -896.2838 1.0373294 3.6221438
206.6 -895.22564 1.0444827 3.3224186
206.8 -881.07581 1.0374522 3.5829777
207.0 -874.10721 1.0672828 3.6751956
207.2 -881.29462 1.0990305 3.228658
207.4 -888.62719 1.0473727 3.4610941
207.6 -896.25548 1.027855 3.0886351
207.8 -897.57133 1.0357082 3.6778729
208.0 -904.07627 0.97322053 3.2613738
208.2 -897.65746 1.0812499 3.3136992
208.4 -913.53429 0.9989304 3.0343863
208.6 -916.95601 0.97693303 3.5791262
208.8 -930.74614 0.9582739 3.3111436
209.0 -923.92215 0.9245906 3.3548745
209.2 -909.68803 1.0484245 2.9673943
209.4 -946.56596 0.94820753 2.862518
209.6 -928.37234 0.9816954 3.3120712
209.8 -948.06271 0.94993657 3.1997993
210.0 -958.19306 0.88876523 3.3318458
210.2 -921.03452 1.0466184 2.9570679
210.4 -915.588 1.0165221 3.2939365
210.6 -912.86612 0.93872833 3.6018142
210.8 -902.06136 1.0534445 3.3682858
211.0 -917.43076 1.0981549 3.0806718
211.2 -928.66508 0.9725451 3.0895922
211.4 -916.37096 0.9578528 3.0113878
211.6 -911.3365 1.0242063 3.284995
211.8 -889.0574 0.9743691 4.4855292
212.0 -875.01867 1.0992029 3.4073242
212.2 -871.42855 1.0685487 3.4860464
212.4 -862.44994 1.0651341 3.8810039
212.6 -862.7367 1.0884188 3.7840233
212.8 -877.54033 1.0791333 3.7763378
213.0 -907.43276 1.0384549 3.389658
213.2 -912.79152 1.0128841 3.1147478
213.4 -909.16383 0.97669733 3.6911337
213.6 -903.17228 1.0717787 3.5808866
213.8 -913.87826 1.0470229 3.3686558
214.0 -905.41364 1.0187634 3.2237339
214.2 -926.02181 0.92829933 3.2768059
214.4 -908.94685 0.99944233 3.3846379
214.6 -896.72788 1.0427858 3.0364968
214.8 -889.36427 1.0227316 3.5988862
215.0 -909.05365 1.068317 3.4759949
215.2 -899.04562 1.0656453 3.7555917
215.4 -908.7662 1.0414773 3.1936964
215.6 -895.35447 1.047209 3.4986602
215.8 -891.30189 1.0500882 3.4232635
216.0 -892.50264 0.99454557 3.5359524
216.2 -922.05275 0.92002683 3.4924006
216.4 -909.48597 1.0252302 3.3760399
216.6 -916.10888 0.98341377 3.4778282
216.8 -917.73581 0.96099917 3.5173558
217.0 -908.85845 1.0148901 3.597584
217.2 -905.99603 1.0209447 3.1962423
217.4 -919.59817 1.0010175 3.2094415
217.6 -919.73743 1.0543217 3.1166578
217.8 -927.06061 0.89740777 3.7767286
218.0 -918.76562 0.98163027 3.6617802
218.2 -914.85334 0.9862854 3.2007789
218.4 -914.95677 1.1088079 3.1952813
218.6 -897.50262 1.0403888 3.3995491
218.8 -894.6252 0.9808647 3.4659547
219.0 -887.78245 1.0746231 3.4843427
219.2 -874.09918 1.0692557 3.7112241
219.4 -869.21508 1.1621462 3.375048
219.6 -877.3283 1.1365261 3.2755816
219.8 -891.53068 1.0521485 3.3630107
220.0 -900.77886 1.076617 3.4846989
220.2 -903.34211 1.0237753 3.7156786
220.4 -923.33759 0.96686887 3.2831753
220.6 -915.22354 0.9945291 3.2701009
220.8 -918.6964 0.95733813 3.6702408
221.0 -900.60092 1.0738929 3.3243937
221.2 -915.85876 0.91564423 3.3208863
221.4 -898.32686 1.0099348 3.573091
221.6 -886.81327 1.04761 3.4628148
221.8 -896.4387 1.039453 3.2820396
222.0 -912.55437 0.97105633 3.0903997
222.2 -915.22614 0.972348 3.4073759
222.4 -913.29712 1.0563357 3.3624798
222.6 -917.12544 0.98601533 3.1131895
222.8 -913.20808 0.9996428 3.1599446
223.0 -920.07939 0.92939453 3.20539
223.2 -912.18167 0.99663087 3.3752532
223.4 -921.43353 0.9107728 3.5927431
223.6 -914.74384 1.0134949 3.1688741
223.8 -935.94692 0.84004167 3.5399084
224.0 -916.56002 0.93052 3.3698226
224.2 -897.90513 0.98952267 3.3806212
224.4 -874.54532 1.0519085 3.5274918
224.6 -872.22865 1.0936282 3.2270806
224.8 -897.50907 0.94964237 3.4015597
225.0 -885.4939 1.0262095 3.538381
225.2 -875.96574 1.0211405 3.8381859
225.4 -888.99717 1.0465145 3.412042
225.6 -879.21299 1.0014792 3.7586942
225.8 -897.67888 0.9599397 3.9106848
226.0 -898.12715 0.99113343 3.5906715
226.2 -888.80867 0.95348303 4.0564913
226.4 -911.62881 1.0250751 3.2853636
226.6 -902.48928 1.0689356 3.1829789
226.8 -917.57672 0.97792977 3.5261448
227.0 -911.56845 1.056445 3.4201226
227.2 -930.65614 0.97788473 3.5453339
227.4 -918.2319 1.0600997 3.620785
227.6 -913.76969 0.98010423 3.3072167
227.8 -917.65028 0.9591392 3.3474239
228.0 -937.58281 0.95383117 3.0633973
228.2 -935.56308 1.003957 3.0261112
228.4 -951.52312 0.86625943 3.336051
228.6 -940.88906 0.84642357 3.4570393
228.8 -940.76576 0.9064715 3.4412889
229.0 -927.59782 1.0001221 3.3831561
229.2 -922.20161 0.95686013 3.5526381
229.4 -912.28602 0.98436887 3.5199051
229.6 -895.84334 1.074629 3.3157898
229.8 -922.09545 0.96663063 2.8094749
230.0 -925.47783 1.0153104 3.1786173
230.2 -929.81883 0.9699732 3.3136053
230.4 -907.23469 1.012389 3.2637149
230.6 -894.04037 1.0632136 3.5146455
230.8 -905.21055 1.0355566 3.1079594
231.0 -909.30922 0.99702927 3.2487179
231.2 -901.86242 1.062707 2.709477
231.4 -900.27788 0.99919403 3.6663235
231.6 -910.6915 1.023932 3.3640325
231.8 -893.52611 1.0000743 3.7790837
232.0 -907.48197 1.0293 3.23122
232.2 -930.27477 0.9644557 3.2870955
232.4 -945.68847 0.9841757 2.7796305
232.6 -953.0834 0.90211737 2.9819395
232.8 -955.14571 0.94483143 2.849211
233.0 -953.17411 0.9516547 3.0992383
233.2 -928.70429 0.9417219 3.3876119
233.4 -932.54538 1.0061468 3.4677071
233.6 -923.44105 0.89963107 3.8158903
233.8 -926.25129 0.9768787 3.024983
234.0 -918.16534 1.0472374 3.3288982
234.2 -903.39289 1.0281468 3.402715
234.4 -896.91377 0.9624636 3.8365708
234.6 -893.16174 1.0415184 3.0503089
234.8 -904.4925 1.057463 3.1767
235.0 -877.65848 1.0589568 3.434357
235.2 -899.94805 1.0266213 3.5480876
235.4 -917.17927 1.0366454 3.3659126
235.6 -921.98073 1.0010795 3.3666199
235.8 -915.87678 1.0045994 3.3116072
236.0 -920.28186 0.97083443 3.5463508
236.2 -911.58268 1.0478148 3.2421632
236.4 -883.24467 1.0411309 3.7654004
236.6 -890.06055 1.0400237 3.2629606
236.8 -918.92453 1.0349366 3.0076994
237.0 -914.61251 1.0257695 3.3064147
237.2 -933.36842 0.93838723 2.9984122
237.4 -917.6469 0.97768677 3.0843803
237.6 -918.92805 0.95916487 3.3799472
237.8 -907.06783 1.0083313 3.3238356
238.0 -901.5244 1.0527729 3.2983386
238.2 -915.83213 0.99381343 3.0774941
238.4 -921.45426 0.92812247 3.5004538
238.6 -923.15567 0.93930803 3.5137137
238.8 -914.547 0.94925983 3.7506257
239.0 -929.64719 1.0088237 2.7474051
239.2 -945.46331 0.92086623 3.0798443
239.4 -938.84171 0.97092393 3.3762841
239.6 -924.13772 1.0214609 2.8847011
239.8 -924.8364 0.97542713 3.5227852
240.0 -924.34998 1.0177131 3.4921215
240.2 -923.98657 1.0304213 3.120565
240.4 -922.21037 0.98340723 3.5761738
240.6 -923.86885 0.9431896 3.7969742
240.8 -927.94747 0.98956727 3.4579724
241.0 -935.14231 1.0406737 3.1814192
241.2 -924.29695 0.95747423 3.6602161
241.4 -942.67995 0.9581791 3.404297
241.6 -934.30834 0.9477133 3.2424844
241.8 -914.84362 1.0402124 3.4118285
242.0 -881.16885 1.058381 3.686491
242.2 -880.09528 1.1116622 3.1563139
242.4 -870.71431 1.0055035 3.705994
242.6 -877.60064 1.074078 3.8149978
242.8 -902.08103 1.0080491 3.251517
243.0 -909.03337 1.0201478 3.3954395
243.2 -916.46966 1.0075034 2.9708028
243.4 -943.90612 0.8886857 3.6340241
243.6 -937.92408 0.995291 3.2680629
243.8 -934.1853 0.99518407 3.2863434
244.0 -943.06888 0.88625117 3.2280549
244.2 -940.19602 1.0033855 2.8800147
244.4 -933.28107 0.92096117 3.4132773
244.6 -950.28518 0.9182123 2.9492489
244.8 -910.53436 1.0187985 3.3035223
245.0 -874.82909 1.0803868 3.8386981
245.2 -899.55793 1.020416 3.2465951
245.4 -889.27574 1.0140765 3.3488964
245.6 -912.37124 0.9971103 3.3881544
245.8 -906.81169 1.0287064 3.115887
246.0 -900.09557 1.0348929 3.7262555
246.2 -898.63297 0.99814817 3.3113394
246.4 -905.66517 0.98852043 3.3964819
246.6 -903.64037 1.0145537 3.4610293
246.8 -915.56555 0.9515879 3.6265758
247.0 -919.21739 0.93098297 3.6298581
247.2 -922.17095 0.97072157 3.3358333
247.4 -926.73325 0.95342447 3.2365268
247.6 -936.49712 1.0024016 2.8299316
247.8 -933.55328 1.0027405 3.5356651
248.0 -913.04177 0.99843617 3.680642
248.2 -906.24256 0.96893717 3.6963111
248.4 -913.76522 0.95323127 3.7846516
248.6 -904.44523 1.0293311 3.3118687
248.8 -900.5663 1.0253124 3.6028374
249.0 -907.9162 0.97943913 3.364183
249.2 -914.60485 1.0141111 2.9809377
249.4 -912.86559 0.99004597 3.4640567
249.6 -919.2722 0.93621603 3.5532438
249.8 -891.56908 1.0480865 3.537332
250.0 -897.67048 1.0530227 3.7918007
250.2 -932.54629 1.0098552 3.1118486
250.4 -908.58648 0.98157523 3.1166048
250.6 -913.05341 1.0186691 3.1172834
250.8 -892.76024 1.0481732 3.1449093
251.0 -889.34739 0.9886549 3.7324758
251.2 -900.37988 0.99468783 3.3844374
251.4 -916.66732 0.96809487 3.8911147
251.6 -934.12119 0.91797903 3.5583476
251.8 -931.78501 0.9166901 3.2373193
252.0 -940.25398 0.9143692 3.2769427
252.2 -927.46825 0.9765657 3.3246983
252.4 -906.59959 1.025628 3.4512831
252.6 -914.1611 1.0295785 3.2683479
252.8 -910.04154 1.0726878 2.9339955
253.0 -904.05579 1.0717446 3.1276525
253.2 -915.62671 1.01215 3.1118168
253.4 -895.53347 1.029006 3.6692987
253.6 -905.14795 1.022729 3.3391204
253.8 -892.6446 1.0979688 3.2161139
254.0 -906.65652 0.97043337 3.3921282
254.2 -880.8414 1.0327378 3.7216165
254.4 -910.38346 0.98713307 3.4799404
254.6 -908.5981 0.99509127 3.1052733
254.8 -894.14124 1.0750939 3.1806252
255.0 -889.7034 1.1002308 3.1147925
255.2 -918.44959 1.0230779 3.1140405
255.4 -941.27836 0.93984013 3.078749
255.6 -924.73701 1.0463165 3.3221908
255.8 -933.30878 0.94522777 2.9996669
256.0 -915.71294 1.0814028 2.9327678
256.2 -902.74897 0.92579777 3.3330441
256.4 -911.28578 0.9931211 3.3061316
256.6 -902.12646 1.0328551 3.170475
256.8 -891.34979 1.087292 3.1508397
257.0 -892.39547 1.0785377 2.9966362
257.2 -892.60797 1.050111 3.3256843
257.4 -913.7825 0.9880931 3.6399882
257.6 -907.59473 1.017759 3.226215
257.8 -923.23487 0.8998474 3.6895704
258.0 -903.86561 1.0217268 3.2333995
258.2 -891.7244 1.1110867 3.4810684
258.4 -882.3255 1.1473327 3.1798597
258.6 -905.89328 0.96527337 3.4853524
258.8 -888.12926 0.98495147 3.7377545
259.0 -896.56118 1.0528302 3.1575043
259.2 -896.97697 1.036562 3.3585892
259.4 -904.32065 1.0099739 3.192644
259.6 -900.13594 1.0381166 3.1993689
259.8 -918.32346 1.0129926 3.1376817
260.0 -902.30355 1.0235366 2.8749235
260.2 -908.27155 0.99409687 3.6271412
260.4 -901.09323 1.064872 3.1075672
260.6 -908.3692 1.0517699 3.2879817
260.8 -906.09025 1.0189988 3.4184684
261.0 -900.81318 1.0404546 3.2919744
261.2 -887.73476 1.0823474 3.4620756
261.4 -885.55856 1.0404477 3.4978977
261.6 -898.05962 1.020032 3.2523491
261.8 -893.50079 1.0213076 3.760611
262.0 -881.22556 1.0660909 3.7408941
262.2 -863.2511 1.0907502 3.7012297
262.4 -852.18095 1.1082168 4.0589756
262.6 -898.05357 1.0173292 3.3549627
262.8 -904.51373 0.9942838 3.556549
263.0 -888.83456 1.0617428 3.599273
263.2 -892.42273 1.0317699 3.4548135
263.4 -904.39532 1.0853217 3.0765661
263.6 -914.22602 1.0402102 2.8929979
263.8 -924.85883 0.9419891 3.3592931
264.0 -925.96782 0.9905766 2.8330945
264.2 -929.81667 0.96599137 3.2497818
264.4 -925.58026 0.98611187 2.8087101
264.6 -921.87554 0.96309853 3.4091786
264.8 -932.14252 0.96811537 3.0449478
265.0 -929.60396 0.9407557 2.8780722
265.2 -912.56261 1.0440869 3.1099522
265.4 -913.75217 1.0574016 3.0969076
265.6 -916.23089 1.0286379 3.3991431
265.8 -923.88875 0.99808357 2.7668187
266.0 -909.75313 1.0286374 3.3098784
266.2 -921.216 0.95810753 3.557122
266.4 -905.06742 1.1222213 3.0890945
266.6 -903.00424 1.0073718 3.6014972
266.8 -893.10775 1.0505586 3.376911
267.0 -912.58615 0.9108686 3.5258731
267.2 -897.20849 1.0578522 3.8161007
267.4 -907.8057 1.0138058 3.5054289
267.6 -924.6096 1.0199807 3.2898428
267.8 -901.59261 1.0704182 3.309033
268.0 -915.66091 1.0137791 3.3458662
268.2 -919.27325 0.99837913 3.2134099
268.4 -897.2016 1.0137431 3.6439646
268.6 -891.3924 1.1030276 3.3608998
268.8 -911.14794 0.9781238 3.6496521
269.0 -920.44253 0.9043332 3.5827187
269.2 -899.26447 1.0041776 3.6838928
269.4 -904.93203 1.1278943 2.7852313
269.6 -916.64768 0.97585913 3.5853904
269.8 -931.6553 0.94756797 3.1983002
270.0 -929.42659 0.93039833 3.2419309
270.2 -938.72184 0.99630933 3.1892488
270.4 -933.8277 0.97914793 3.0774921
270.6 -929.0869 1.0219263 2.9370886
270.8 -948.86718 0.88435737 3.3846285
271.0 -937.1963 1.0106232 2.6906772
271.2 -946.73728 0.96933913 3.0350544
271.4 -943.40846 0.9594292 2.8860788
271.6 -941.85785 0.9682962 3.3805039
271.8 -946.36809 0.94080853 3.5478363
272.0 -935.95165 1.0185478 3.0277205
272.2 -955.51424 0.94052307 2.8543133
272.4 -962.59539 0.92237843 2.8721242
272.6 -946.58884 0.89308653 3.1085272
272.8 -934.63248 0.9824744 3.1586849
273.0 -924.63308 1.0186145 3.0603766
273.2 -910.5969 1.0024169 3.2948961
273.4 -894.49119 1.030974 3.824887
273.6 -912.88277 0.99365673 3.8041853
273.8 -919.76326 0.98125863 3.3363056
274.0 -907.7424 0.96849543 3.4489546
274.2 -897.53849 0.99064977 3.5018299
274.4 -882.41077 1.1103557 3.397484
274.6 -901.73589 1.0005974 3.1837443
274.8 -894.46653 1.0331439 3.3322296
275.0 -877.11649 1.1145958 3.5122293
275.2 -869.94053 1.103795 3.282199
275.4 -850.26335 1.1944316 3.6906356
275.6 -862.36202 1.1497596 3.7340695
275.8 -886.52751 1.069559 3.7126126
276.0 -876.43042 1.1091427 3.7928997
276.2 -858.3163 1.1501038 3.7695927
276.4 -869.92161 1.1635283 3.6416461
276.6 -877.8858 1.0917883 3.4767857
276.8 -885.87248 1.018536 3.4986002
277.0 -889.80421 1.0358097 3.639005
277.2 -883.67678 1.1198456 3.4205426
277.4 -888.10612 1.0130933 3.5720995
277.6 -896.20562 1.0347893 3.467888
277.8 -907.70891 1.0157274 3.3581811
278.0 -915.58539 1.0376718 2.9652368
278.2 -920.46948 0.966681 3.6210507
278.4 -918.6958 0.95479757 3.3726048
278.6 -931.62333 0.92734517 3.3134649
278.8 -922.63288 1.0150175 3.2689708
279.0 -890.41068 1.0284185 3.5272107
279.2 -861.12713 1.1237819 3.5243424
279.4 -904.94394 1.0253439 3.0850714
279.6 -903.32478 1.0480894 3.7397066
279.8 -890.3773 1.0447204 3.2704933
280.0 -879.93529 1.1530944 2.7973333
280.2 -856.86953 1.084211 3.6077678
280.4 -892.13418 1.0886735 3.3245139
280.6 -901.34447 1.0110459 3.7666778
280.8 -922.82116 0.97535377 3.1819158
281.0 -904.62102 1.0637283 3.164293
281.2 -911.9793 1.0237183 3.3866098
281.4 -916.01716 1.0041151 3.4081342
281.6 -930.79165 0.96057313 3.5051711
281.8 -928.61527 0.97585187 3.2837941
282.0 -917.42234 1.0044689 3.2119802
282.2 -912.75669 1.0028673 3.4458741
282.4 -889.97142 1.1016964 3.4646468
282.6 -898.14425 1.0167935 3.6739819
282.8 -906.90325 1.0312063 3.0014715
283.0 -905.61492 1.0434392 3.5609618
283.2 -933.39124 0.95655617 3.7360098
283.4 -887.26054 1.0693709 4.141843
283.6 -918.77754 1.0081263 3.2003565
283.8 -923.26535 1.010872 3.0477007
284.0 -920.38976 0.9989732 3.10169
284.2 -908.47585 1.0179008 3.5170968
284.4 -920.02312 1.0071839 3.5072843
284.6 -903.35372 1.0880304 3.3054347
284.8 -914.04131 0.99755823 3.4970925
285.0 -922.66472 0.98956693 3.2836177
285.2 -908.44009 0.93419 3.8250853
285.4 -934.51242 0.96458333 3.0958956
285.6 -930.18444 1.0117867 3.1210069
285.8 -929.50437 0.99464407 2.6690202
286.0 -935.83455 0.9586364 2.9757076
286.2 -931.48289 1.0029367 3.0472023
286.4 -921.78291 0.9871161 3.656285
286.6 -946.06217 0.93057783 3.1717963
286.8 -932.249 1.0063327 2.8459448
287.0 -939.59581 0.963272 3.6414177
287.2 -943.89552 0.9376987 3.1596568
287.4 -961.34364 0.94253647 2.79947
287.6 -964.80457 0.86826777 2.9052762
287.8 -954.97309 0.9614616 2.9304253
288.0 -945.32769 0.9490799 2.9413494
288.2 -928.04496 0.97642477 3.019047
288.4 -934.63685 0.92272937 3.3619699
288.6 -945.01969 0.91378983 3.1808142
288.8 -945.25073 0.9987342 3.3924385
289.0 -958.09024 0.92227683 3.1868397
289.2 -946.61753 0.9525929 3.0023259
289.4 -955.11968 0.86290763 3.2790175
289.6 -923.04299 0.89785733 3.1838022
289.8 -910.82906 0.94703633 3.2130174
290.0 -898.74278 1.0253674 3.3804533
290.2 -881.6455 1.0234959 4.1347932
290.4 -907.94226 0.96974857 3.0002507
290.6 -900.85779 0.98813547 3.871783
290.8 -921.75719 0.9093227 3.4087672
291.0 -918.97464 1.0427261 3.1492459
291.2 -931.41317 0.9542167 3.2117237
291.4 -935.47269 0.95924093 3.457225
291.6 -929.49319 1.0049475 3.3567497
291.8 -951.45342 0.91275343 3.3595026
292.0 -954.34072 0.9492198 3.1422629
292.2 -943.5386 0.92142437 2.9945271
292.4 -939.26507 0.9592641 3.070363
292.6 -933.13659 1.0163424 3.1512695
292.8 -919.76118 1.0221711 3.4999527
293.0 -895.23028 1.0089737 3.6608149
293.2 -895.10252 1.0289062 3.3263428
293.4 -932.93272 0.94468947 3.195789
293.6 -907.5824 1.0216975 3.3458978
293.8 -911.98145 0.98265103 3.1132647
294.0 -910.79283 0.98072573 3.430124
294.2 -915.52523 0.97097027 3.4839643
294.4 -915.6486 0.96292743 3.2512759
294.6 -917.6284 0.991838 2.8823649
294.8 -904.36381 0.99248287 3.2959708
295.0 -905.48126 1.030488 3.53482
295.2 -902.63512 1.0650567 3.1713275
295.4 -917.51262 0.94181413 3.5941178
295.6 -922.29621 1.041269 3.4424667
295.8 -925.23117 0.98525827 3.0296535
296.0 -927.93948 0.96368363 3.0422834
296.2 -927.66727 0.920923 3.4782301
296.4 -941.73227 0.94888357 3.2164314
296.6 -932.35281 0.99757863 3.2342825
296.8 -952.88176 0.86589767 3.4432687
297.0 -923.33583 0.95980063 3.0907961
297.2 -917.31681 0.94882243 3.3669569
297.4 -920.78787 1.0110631 3.348347
297.6 -927.14499 0.983848 3.0260511
297.8 -891.9679 1.0287549 3.5928478
298.0 -890.07924 1.0920104 3.2132202
298.2 -921.16422 1.0029875 3.2596234
298.4 -879.71103 1.0948844 3.4391996
298.6 -894.82265 0.99967977 3.646203
298.8 -891.9885 1.0658244 3.4951367
299.0 -906.38712 0.9767757 2.976837
299.2 -907.9211 0.94184487 3.9089001
299.4 -897.61472 0.990793 3.8088351
299.6 -913.86318 1.0093187 3.0396862
299.8 -918.24544 1.0009417 3.4959991
300.0 -930.29548 0.9269521 3.6789906
300.2 -930.9967 0.98258893 3.2481879
300.4 -926.44665 1.0527935 3.1660141
300.6 -933.51166 0.98816273 3.404551
300.8 -923.8296 0.9896171 3.1747701
301.0 -919.04776 1.0749567 3.1431146
301.2 -934.80141 0.9859895 2.9877594
301.4 -914.73023 0.992128 3.161845
301.6 -909.98576 0.95103107 3.5501272
301.8 -883.57815 1.0382249 3.4996426
302.0 -888.03161 0.97830193 3.8334305
302.2 -892.69753 1.0248068 3.3536428
302.4 -895.02032 1.0266289 3.3538025
302.6 -876.49084 1.0435556 3.6279066
302.8 -893.66223 0.95682193 3.1695332
303.0 -886.37235 1.0790935 3.3673498
303.2 -913.91675 1.0574816 3.2093518
303.4 -913.35449 1.0260958 3.1530787
303.6 -933.57548 0.9554355 3.1218534
303.8 -934.83302 0.98198543 3.290069
304.0 -925.05921 1.0129793 3.195682
304.2 -911.07461 1.023355 3.6258263
304.4 -909.90012 1.0542054 3.2190458
304.6 -913.37465 0.93447803 3.5221541
304.8 -892.71713 1.0648074 3.6191291
305.0 -910.23507 1.0000513 3.4380452
305.2 -902.38012 1.1116797 3.2873719
305.4 -921.00319 0.9756208 3.4840258
305.6 -909.09202 0.99775943 3.6949916
305.8 -920.02494 0.93890627 2.7041209
306.0 -913.66141 0.9786219 3.4924123
306.2 -893.29017 1.0687183 3.3070645
306.4 -895.50368 1.0669 3.0502459
306.6 -913.31181 0.9573977 3.5989265
306.8 -910.53858 0.97510693 3.4051893
307.0 -909.41007 0.97293587 3.3558373
307.2 -928.00327 0.97084537 3.1403392
307.4 -926.80039 1.0067394 3.0610682
307.6 -934.99835 0.93069417 3.3376843
307.8 -948.19201 0.9320789 3.3255669
308.0 -936.48392 0.9156495 3.5959897
308.2 -926.586 0.9775908 3.0580138
308.4 -938.24944 0.92368383 3.4299194
308.6 -932.03899 0.95289057 3.7556485
308.8 -923.78348 1.0584079 3.2350554
309.0 -944.40994 1.0125915 2.8156895
309.2 -906.78697 1.087763 3.521065
309.4 -910.50276 1.0127991 3.7473905
309.6 -917.57986 1.0060944 3.3935951
309.8 -903.78282 1.036591 2.9359945
310.0 -886.82368 1.0243913 3.4626961
310.2 -894.70455 1.0497986 3.3816417
310.4 -904.86162 1.0059299 3.3569024
310.6 -917.94508 0.97227133 3.2969647
310.8 -905.30358 1.0195727 3.5571171
311.0 -897.13297 1.0727081 3.2604927
311.2 -903.52921 0.9866891 3.488387
311.4 -916.83225 1.0417865 3.0242132
311.6 -917.36745 0.98660153 3.2556657
311.8 -920.26402 0.92193253 3.709372
312.0 -926.60753 0.88554463 3.1146203
312.2 -937.31573 0.96611567 3.0171605
312.4 -920.33258 0.9808509 3.5172698
312.6 -929.94042 0.94375233 2.9236609
312.8 -913.53412 0.99675257 3.2547491
313.0 -868.66413 1.0984462 4.0144524
313.2 -854.30374 1.1685997 3.6459666
313.4 -875.91529 1.0805728 3.6304646
313.6 -882.60059 1.0869851 3.5796041
313.8 -892.33365 1.0560358 3.3127322
314.0 -903.11411 0.9908781 3.3380222
314.2 -902.81723 0.9675423 3.5121821
314.4 -896.99341 1.0587919 3.7085935
314.6 -911.54398 1.0275714 3.468722
314.8 -927.13569 0.98024947 3.7651563
315.0 -923.0717 1.0060725 3.282983
315.2 -921.73145 1.0136665 3.1170832
315.4 -892.37182 1.0079544 3.5574092
315.6 -881.65091 1.0519642 3.5836576
315.8 -886.34537 1.0702912 3.3255512
316.0 -892.33174 1.0351777 3.6176879
316.2 -877.95029 1.1192053 3.364342
316.4 -882.13493 1.0503946 3.4114138
316.6 -876.94426 1.0763913 3.7400403
316.8 -885.05543 1.0293212 3.4684959
317.0 -905.3097 1.0236024 3.3585804
317.2 -900.69731 0.98929583 3.5283332
317.4 -879.15904 1.0075639 3.7561998
317.6 -896.0516 1.0629077 3.46355
317.8 -898.08476 1.0395219 3.6523481
318.0 -891.9057 1.0062256 3.5844286
318.2 -913.17492 0.98588497 3.2380485
318.4 -901.60968 0.98535303 3.7857256
318.6 -909.71564 0.9954203 3.7186126
318.8 -923.22993 0.96900353 3.3750179
319.0 -931.65887 1.0068202 3.2065222
319.2 -938.25726 0.93645257 3.169771
319.4 -949.27212 0.96264383 3.1994598
319.6 -935.17319 0.90505697 3.7956111
319.8 -917.81891 0.99946937 3.3541568
320.0 -927.00858 0.9249257 3.4206498
320.2 -937.89927 0.94186113 3.1607264
320.4 -931.84862 0.99432583 3.161878
320.6 -920.56197 0.9601458 3.8639511
320.8 -917.6411 1.0335226 3.2849718
321.0 -898.89917 1.0434628 3.3764784
321.2 -916.9587 0.9558695 3.3809448
321.4 -905.82884 1.0382936 3.2171839
321.6 -896.322 1.0299891 3.4666551
321.8 -911.16801 0.9416181 4.0230716
322.0 -925.32068 0.97499143 3.4421686
322.2 -943.57695 0.95885417 3.0215721
322.4 -933.53659 0.86801787 3.6913514
322.6 -911.31864 1.0551294 3.1945432
322.8 -899.58773 1.0250053 3.3044384
323.0 -902.48444 1.0294289 3.27931
323.2 -920.18124 0.90984357 3.4604081
323.4 -917.44852 1.0267173 3.5232599
323.6 -895.85153 1.0533103 3.6452645
323.8 -894.19145 1.0834334 3.1698242
324.0 -892.75656 1.0654942 3.5775679
324.2 -909.28912 1.0102971 3.3872453
324.4 -913.42343 0.94006027 3.0454705
324.6 -916.64691 1.0308248 3.2222664
324.8 -932.02824 0.94735987 3.4506722
325.0 -932.17074 0.99982527 3.1759928
325.2 -937.94672 0.91291823 3.2266642
325.4 -927.92448 0.97506273 3.2242074
325.6 -907.02559 0.9447705 3.4301306
325.8 -934.06982 0.9873159 2.744506
326.0 -928.27193 0.95014397 3.0117652
326.2 -926.12743 1.0248342 3.1145435
326.4 -918.04302 1.0319023 3.2701425
326.6 -879.46162 1.0525006 3.8275806
326.8 -905.74035 1.1025853 2.6838232
327.0 -924.17437 0.99605877 3.2277797
327.2 -907.26974 1.0359175 3.516156
327.4 -900.41543 0.9923848 3.3394188
327.6 -898.04087 1.0074303 3.436877
327.8 -898.09341 1.0498909 3.4764733
328.0 -890.45147 1.046001 3.6712233
328.2 -877.992 1.0591301 3.4998429
328.4 -855.26946 1.1444504 3.4523054
328.6 -840.76604 1.1317237 3.9334761
328.8 -856.77792 1.1048337 3.3918483
329.0 -835.49117 1.1978018 4.0296162
329.2 -846.53498 1.1189649 3.9271498
329.4 -853.76921 1.1302182 3.8364868
329.6 -861.28238 1.0618451 3.9673634
329.8 -901.90799 0.97648887 3.5740617
330.0 -910.66523 0.9750871 3.3255047
330.2 -921.74588 0.958088 2.9252276
330.4 -921.81152 1.0214786 3.408513
330.6 -922.59477 1.0696988 3.2545466
330.8 -914.03863 1.0167337 3.1256075
331.0 -929.31341 1.0157183 3.2115728
331.2 -938.63409 0.94835773 3.1070917
331.4 -960.6695 0.94370743 2.7745547
331.6 -956.87854 0.8722716 3.1219741
331.8 -951.83055 0.8882654 2.9873713
332.0 -936.17707 0.9734281 3.363272
332.2 -915.0177 0.98365433 3.5118441
332.4 -934.45803 1.0110809 2.8080189
332.6 -921.39435 0.97114827 3.6677345
332.8 -896.82386 1.0745518 3.6454263
333.0 -899.00483 1.0403197 3.5374716
333.2 -894.58471 1.0551975 3.2145619
333.4 -908.93132 0.90969103 3.4071094
333.6 -898.13178 1.04826 3.719224
333.8 -892.15538 1.024019 3.5760373
334.0 -900.08674 1.0109166 3.4234273
334.2 -894.35802 0.99606513 3.454758
334.4 -869.89969 1.075125 3.2003874
334.6 -882.76108 1.077059 3.5316852
334.8 -877.56639 1.067184 3.4661226
335.0 -882.49496 1.0211316 3.4175233
335.2 -887.26391 1.0211772 3.5523323
335.4 -918.24358 0.94074713 3.3823366
335.6 -900.20199 0.95377957 3.7449874
335.8 -911.44186 0.9627393 3.6397599
336.0 -918.4724 1.0024017 3.269446
336.2 -908.90657 1.0178915 3.4979317
336.4 -907.02344 1.02198 3.8014498
336.6 -903.70959 1.0415616 4.0241191
336.8 -912.07602 1.0670223 3.5065728
337.0 -938.41816 0.9176841 3.757362
337.2 -931.65736 0.99689847 3.0210006
337.4 -929.294 0.97098563 3.0946124
337.6 -934.81326 0.98268403 2.8326579
337.8 -943.67679 0.94864523 2.9053646
338.0 -944.38762 0.9750407 3.100698
338.2 -961.36637 0.94657433 3.3185803
338.4 -959.01715 0.88726713 3.3648211
338.6 -931.76985 0.98113843 3.3768209
338.8 -922.38063 0.98751973 3.386854
339.0 -922.04562 1.0660031 3.431593
339.2 -939.61604 0.9726229 3.2280189
339.4 -940.03076 0.91574877 3.5707873
339.6 -949.59317 0.9694032 3.0496444
339.8 -942.658 1.0080266 3.3076691
340.0 -920.01793 0.97615303 3.0287771
340.2 -903.48365 1.0032669 3.3727179
340.4 -898.23266 1.062317 3.5187604
340.6 -911.66542 1.0661374 3.2424054
340.8 -930.65822 0.9938088 3.3013953
341.0 -931.29184 0.99144987 2.9127753
341.2 -910.974 1.0401524 3.3136474
341.4 -920.62305 0.97602733 3.9081369
341.6 -915.10458 0.9220485 3.5140361
341.8 -876.69655 1.0315303 4.1367345
342.0 -917.79886 0.95581583 3.6453846
342.2 -901.85178 1.0690955 3.0853632
342.4 -917.17943 0.9553617 3.7462752
342.6 -938.80312 0.9796366 3.0136138
342.8 -935.87529 0.93520213 3.2505228
343.0 -937.5996 0.94569063 3.2448081
343.2 -922.16936 0.9894785 3.4577439
343.4 -932.76753 0.93325667 3.5457392
343.6 -934.59763 0.9106447 3.57979
343.8 -943.75162 0.89817713 3.1322546
344.0 -943.57731 0.94612593 3.2774195
344.2 -927.09033 1.0118907 3.3144961
344.4 -921.75065 1.0148073 2.9932645
344.6 -924.20593 0.9571293 3.3770045
344.8 -937.74458 0.97457293 2.9422465
345.0 -928.98898 0.9212298 3.1762068
345.2 -909.24488 0.9871114 3.1508923
345.4 -906.2243 1.0485819 3.4947443
345.6 -906.19698 1.0325074 3.2013893
345.8 -906.83629 1.0044674 3.1799994
346.0 -880.25815 1.0945997 3.6869337
346.2 -891.5357 1.0659654 3.6152218
346.4 -908.81161 0.939939 3.7451084
346.6 -901.17737 1.0399877 3.3464163
346.8 -901.00584 0.99289117 3.3174266
347.0 -896.15036 1.0267122 3.6289998
347.2 -930.65843 0.9616434 3.1506623
347.4 -928.92329 0.92188167 3.3596497
347.6 -912.64139 1.0473069 2.7184044
347.8 -915.81948 0.99257577 2.8722769
348.0 -903.36051 1.0215315 2.8988734
348.2 -878.17858 1.0811454 3.4534028
348.4 -855.58173 1.1135935 3.6655708
348.6 -853.17258 1.0973223 3.619325
348.8 -863.09248 1.0967643 3.6864643
349.0 -849.87865 1.0938382 3.9993105
349.2 -848.29611 1.1661299 3.6890211
349.4 -866.22531 1.1470921 3.394278
349.6 -884.89919 1.0636872 3.8686597
349.8 -894.81478 1.0470661 3.6503201
350.0 -901.79942 1.0361797 3.6663315
350.2 -924.03275 1.0401135 3.1858361
350.4 -924.40559 0.96060863 3.5075784
350.6 -906.04954 0.99194647 3.5828305
350.8 -897.66 0.98041873 3.1297267
351.0 -893.14947 0.9556752 3.9340134
351.2 -887.90504 1.0164024 3.7228695
351.4 -890.8018 1.006899 3.6881346
351.6 -889.01592 1.023823 3.6584389
351.8 -901.26967 0.99089767 3.7315552
352.0 -903.48307 1.0474046 3.5643847
352.2 -904.01028 1.0124652 3.3837726
352.4 -893.68637 0.9697489 3.7056271
352.6 -887.51225 1.044648 3.64445
352.8 -881.6269 1.0661528 3.7370358
353.0 -858.10377 1.1238445 3.9741761
353.2 -877.90291 1.0736955 3.5801703
353.4 -863.92715 1.1148747 3.8113863
353.6 -870.53936 1.110496 4.0982866
353.8 -898.14705 0.96854593 4.0021516
354.0 -879.98264 1.1015855 3.5972683
354.2 -881.39499 1.0116604 3.7141199
354.4 -892.75656 0.99504887 3.7659884
354.6 -905.46632 1.0140375 3.7510593
354.8 -919.90089 0.967131 3.5168214
355.0 -913.95153 0.98254317 2.9843746
355.2 -930.55399 0.99990297 3.0840358
355.4 -915.97492 1.0292863 3.4930756
355.6 -910.80918 0.9886276 3.6679395
355.8 -914.957 0.9835066 3.6024374
356.0 -929.8863 1.0241852 3.1497355
356.2 -951.95612 0.92430413 3.2362968
356.4 -951.31083 0.9000994 3.1413593
356.6 -951.3557 0.88895223 2.7424439
356.8 -946.96758 0.9154713 3.185306
357.0 -939.96224 1.0060999 2.9489429
357.2 -920.36411 0.91929743 3.796052
357.4 -931.75428 0.93750617 3.2694958
357.6 -940.52823 0.94597413 3.1667434
357.8 -926.31308 1.0259212 3.3623906
358.0 -931.98431 1.0312424 2.8955494
358.2 -946.5452 0.91048033 3.3145946
358.4 -944.78519 0.9566569 3.1476535
358.6 -963.15103 0.86645693 2.780091
358.8 -953.15273 0.867704 3.1800175
359.0 -946.32432 0.89516273 3.3671994
359.2 -960.69276 0.92462287 2.9964128
359.4 -943.55835 0.96216117 3.175901
359.6 -933.574 0.90702267 3.5058253
359.8 -930.01564 0.9655849 3.2516527
360.0 -932.33547 0.95522403 3.5146622
360.2 -928.96539 0.98305477 3.5872291
360.4 -927.10478 1.011415 2.8623002
360.6 -926.42297 0.93701497 3.3315659
360.8 -910.93338 1.0536731 2.8633849
361.0 -892.48369 1.0289385 3.3076184
361.2 -894.72136 1.0334036 3.3991212
361.4 -890.06205 1.0278651 3.2493589
361.6 -901.16899 0.95891443 3.6443128
361.8 -886.59298 1.0284825 3.8014928
362.0 -876.83165 1.1020147 3.7913383
362.2 -884.1277 1.0183466 4.0364002
362.4 -902.25571 0.9668979 3.3811638
362.6 -883.07457 1.070613 3.3670625
362.8 -890.61163 0.99015703 3.2342582
363.0 -900.01466 0.9757711 3.5371746
363.2 -915.76027 0.97197997 3.3738677
363.4 -914.24159 0.94850373 3.5263223
363.6 -923.33746 0.93798813 3.2113147
363.8 -910.43037 1.0132147 3.5585267
364.0 -913.37214 0.9744993 3.8128144
364.2 -914.09795 0.99704613 3.6237864
364.4 -924.21382 0.94543237 3.2007322
364.6 -946.21509 0.958775 2.8183074
364.8 -938.40863 0.93420483 3.6469353
365.0 -953.43651 0.97117167 3.4095766
365.2 -932.19674 1.0697971 3.043545
365.4 -935.301 1.0042484 3.1208028
365.6 -917.53658 1.0174426 3.2393591
365.8 -903.99291 0.9771788 3.4976573
366.0 -930.87241 0.99933153 3.3111392
366.2 -944.49722 0.893835 3.109437
366.4 -929.02075 0.92601917 3.6225746
366.6 -933.02217 0.939229 3.4343904
366.8 -929.55423 1.0006157 3.409221
367.0 -943.12294 0.9376922 3.3667378
367.2 -947.25053 0.97804717 2.7153695
367.4 -952.32367 1.0047802 2.637743
367.6 -939.81399 1.0113068 3.1617252
367.8 -946.48887 0.9104757 3.4004247
368.0 -949.33195 0.93747637 2.9914172
368.2 -929.41894 1.0003987 3.1797693
368.4 -930.42624 0.88641353 3.4847115
368.6 -923.56609 0.9142304 3.4362808
368.8 -912.22378 0.97388 3.5887603
369.0 -937.40579 0.9883074 3.0421952
369.2 -926.95091 0.96130853 3.4737316
369.4 -929.69457 0.96459177 3.684444
369.6 -924.31603 0.9398486 3.3480767
369.8 -927.2436 0.90575913 3.7109566
370.0 -927.11485 0.9817775 3.1376834
370.2 -911.44142 1.0322153 3.1359765
370.4 -905.9092 0.9634241 3.8607732
370.6 -912.75548 1.0246718 3.3041046
370.8 -917.53391 1.0062433 3.4620526
371.0 -920.70228 0.96642637 3.1755651
371.2 -912.53147 0.98416253 3.082653
371.4 -883.70213 1.0457528 3.441373
371.6 -888.96604 1.0716999 3.5622932
371.8 -899.85553 1.0304111 3.6322182
372.0 -892.30792 1.0662485 3.3889298
372.2 -909.34351 1.0629555 3.3692801
372.4 -923.70616 1.0267948 3.0440504
372.6 -900.36808 1.0375301 3.5477233
372.8 -887.83077 0.99592753 3.7226464
373.0 -894.56741 1.1174309 3.4101759
373.2 -915.53937 0.9728928 3.7029444
373.4 -922.71492 1.016493 3.445595
373.6 -914.07153 0.97052087 3.6465061
373.8 -918.62274 0.9336955 3.5691435
374.0 -914.8285 1.0434951 3.360694
374.2 -897.46567 0.9985583 3.4671638
374.4 -902.84446 1.0468992 3.3917532
374.6 -912.17049 1.090352 3.1511684
374.8 -924.25011 0.9484383 3.4838522
375.0 -934.93793 0.983963 3.0328602
375.2 -943.34729 0.93333877 3.3108149
375.4 -928.66579 0.96082817 3.3873711
375.6 -926.78101 0.94803677 3.811157
375.8 -937.25683 0.9873109 3.2573856
376.0 -936.80473 0.9838006 3.3234183
376.2 -935.2532 0.9482668 3.0324857
376.4 -936.61255 0.97838887 2.9455813
376.6 -954.54226 0.96924363 2.9265167
376.8 -949.70838 0.9290507 3.1088419
377.0 -916.81036 1.0158467 3.0899371
377.2 -916.88053 0.9619863 3.1135453
377.4 -905.57512 1.0623031 3.375088
377.6 -923.61169 0.932944 3.7646631
377.8 -904.18381 0.932147 3.6943575
378.0 -918.47405 0.95971277 3.2983362
378.2 -900.27444 1.0761826 3.1399673
378.4 -879.53316 1.1010963 3.5652313
378.6 -880.18322 1.0586128 3.365653
378.8 -902.27368 1.0250366 3.7429107
379.0 -914.59504 1.0648627 3.1370364
379.2 -916.79979 1.0246187 3.1171883
379.4 -953.57832 0.94205153 3.3261471
379.6 -950.10302 0.92028997 3.3148393
379.8 -946.76099 0.8491771 3.0495455
380.0 -938.67392 0.93740937 3.367086
380.2 -922.52166 1.004291 3.4764137
380.4 -924.79927 0.977228 2.9850081
380.6 -909.22104 0.97560523 3.3831093
380.8 -900.02285 1.0321389 3.3366712
381.0 -920.76016 0.9285763 3.8506868
381.2 -910.43854 1.0177619 3.7169294
381.4 -929.82261 0.90046223 3.3958239
381.6 -909.37451 1.0061791 3.4537209
381.8 -909.77793 1.0911304 3.1121762
382.0 -922.61532 1.0107597 3.4894061
382.2 -922.83234 0.9851401 3.4302261
382.4 -924.90221 0.99966507 3.4203379
382.6 -926.26255 0.97356923 3.2577583
382.8 -921.1885 1.0021382 3.0963852
383.0 -920.80608 0.94981613 3.5824475
383.2 -911.71565 1.0002061 2.9071116
383.4 -930.97391 1.0054449 2.9682179
383.6 -939.87731 0.86962503 3.3284071
383.8 -929.40729 1.0275463 3.3817204
384.0 -947.95973 0.90693927 3.2954179
384.2 -964.80084 0.88757213 3.2577559
384.4 -942.35921 0.9695039 3.2030177
384.6 -946.8057 0.9256876 3.4387749
384.8 -940.72697 0.9951904 3.0525574
385.0 -959.31724 0.9054138 2.9211176
385.2 -944.43384 0.88999953 3.4141304
385.4 -941.05452 1.0205182 2.9205762
385.6 -928.09557 0.99562 3.3689961
385.8 -918.30449 1.0395771 3.2043362
386.0 -914.76189 1.0668987 3.0266331
386.2 -916.38251 0.96749583 3.5464961
386.4 -931.80824 0.98486723 2.8358951
386.6 -922.30583 0.95009427 3.1299554
386.8 -912.23427 1.037659 3.090995
387.0 -889.41995 1.0288359 2.9153646
387.2 -870.07559 1.1232384 3.358437
387.4 -887.14077 1.011248 3.6993671
387.6 -902.42749 0.99386783 3.5535214
387.8 -903.34228 0.9823277 3.4781545
388.0 -918.88339 0.9869784 3.7061155
388.2 -927.63995 1.0108225 2.8727142
388.4 -935.82681 0.93361787 3.3762316
388.6 -926.40245 0.97909893 3.6188184
388.8 -939.76096 0.9170082 2.9777033
389.0 -942.64582 0.8803437 3.2474776
389.2 -905.83508 1.0272831 3.3238967
389.4 -892.1581 1.0273576 3.5811117
389.6 -886.6586 1.0613159 3.5329708
389.8 -918.28858 0.97902913 3.0686434
390.0 -938.65277 0.93526363 3.2635099
390.2 -935.99425 0.98159773 2.6374109
390.4 -943.26094 0.891101 3.5208878
390.6 -913.89951 0.95696333 3.3241974
390.8 -902.49598 0.98062297 3.5062398
391.0 -889.96915 1.0404976 3.5252614
391.2 -896.49791 0.9309318 3.6830762
391.4 -901.81036 0.98515827 3.4903024
391.6 -906.13192 0.95915843 3.070563
391.8 -923.97347 0.97087857 3.1781828
392.0 -920.34217 0.96590017 3.3856342
392.2 -935.97277 0.9152784 3.2758232
392.4 -898.93077 1.0088338 3.6758203
392.6 -916.20405 1.0033904 3.4599997
392.8 -915.1399 0.9359799 3.9269521
393.0 -914.3428 1.0048942 3.5258944
393.2 -894.82673 1.0667999 3.8007453
393.4 -908.09775 0.99339187 4.1049242
393.6 -898.39464 0.97544107 3.7699997
393.8 -884.40281 1.0651291 3.5273711
394.0 -891.82073 1.0058337 3.8129579
394.2 -889.29721 1.0604111 3.8717046
394.4 -891.57599 1.0689753 3.3171278
394.6 -904.54463 0.99206 3.624392
394.8 -903.48352 1.0125925 3.4189912
395.0 -890.0275 1.115527 3.2444997
395.2 -901.04058 1.0325798 3.4742059
395.4 -918.34845 1.0464932 3.1026307
395.6 -930.09687 0.98517027 3.2789587
395.8 -909.15321 0.9946587 3.0951865
396.0 -903.34404 1.062906 3.2963289
396.2 -939.1457 0.97479173 2.9945081
396.4 -910.80238 0.99351503 3.6111487
396.6 -911.08993 0.9981777 3.1695376
396.8 -913.0484 0.97636437 3.4226567
397.0 -935.69566 0.98096453 3.0669895
397.2 -927.72022 0.9449309 3.3475839
397.4 -917.85325 1.0219127 3.3267934
397.6 -928.54357 0.965013 3.5052559
397.8 -919.33708 1.0677595 3.0902336
398.0 -921.90028 0.99139623 3.3926578
398.2 -920.34674 1.0234732 3.229465
398.4 -954.16951 0.88594533 3.431237
398.6 -946.20776 0.89765477 3.3560427
398.8 -908.06951 0.9297157 3.4734458
399.0 -899.97457 1.006496 3.0671252
399.2 -888.90142 1.0292271 3.6229496
399.4 -899.8518 1.043924 3.5199856
399.6 -903.9073 1.0422404 3.2162834
399.8 -910.69643 1.0688609 3.1060034
400.0 -907.35404 1.0420101 3.2870229
400.2 -915.99239 1.0104103 3.3423408
400.4 -915.4186 0.9768565 3.354612
400.6 -920.06298 0.9801124 3.5655484
400.8 -924.84703 1.0102501 3.121514
401.0 -931.10692 0.91644543 3.2372264
401.2 -929.96397 1.0213649 3.1873851
401.4 -923.68547 0.96563827 3.6692027
401.6 -909.96581 1.0180098 3.4080821
401.8 -907.4799 1.0084359 3.5341022
402.0 -900.77067 1.0374786 3.410625
402.2 -890.21638 1.0022796 3.6686667
402.4 -910.32708 0.93710253 3.3094839
402.6 -912.95439 0.98032757 3.2625502
402.8 -918.20126 1.0305415 3.1120506
403.0 -914.20912 1.0025306 3.2251567
403.2 -905.68332 0.9879 3.4439693
403.4 -921.03527 0.97856133 3.3264749
403.6 -909.38659 0.9330742 3.5290355
403.8 -908.40474 1.0179535 3.1347742
404.0 -895.59233 1.0205303 3.6642585
404.2 -900.1679 1.0002653 3.587886
404.4 -899.78006 0.95505287 3.871893
404.6 -882.44662 1.0698443 3.6206517
404.8 -871.13435 1.117487 3.5968837
405.0 -869.4221 1.1077111 3.7380143
405.2 -878.53731 1.0387193 3.5853607
405.4 -870.67901 1.0925747 3.3695173
405.6 -871.04537 1.0521239 4.2540742
405.8 -883.01182 1.0133048 3.5485361
406.0 -892.34253 1.0179003 2.9063109
406.2 -908.44452 0.96058053 3.3637276
406.4 -921.29593 0.98975603 3.416744
406.6 -922.4691 1.0216791 2.9224383
406.8 -909.9882 0.95684263 3.6488233
407.0 -911.09562 0.9102991 3.2071029
407.2 -907.13784 0.99951947 3.4129588
407.4 -923.69088 0.9175953 3.2923681
407.6 -912.82726 0.99606397 3.6156886
407.8 -918.86252 0.96500807 3.5145507
408.0 -910.79076 0.90703543 3.692647
408.2 -903.52245 1.0548001 3.0407157
408.4 -887.29536 1.070295 3.2545461
408.6 -892.97329 0.95797883 3.7278992
408.8 -905.01752 1.0279264 3.3269792
409.0 -898.12 1.0863078 3.2915362
409.2 -901.16216 1.0252852 3.0882315
409.4 -883.40705 0.9853154 3.6082181
409.6 -890.18761 1.0855832 3.2479954
409.8 -889.97183 1.0839726 3.4640117
410.0 -867.25346 1.1103082 4.1323989
410.2 -879.48406 1.0179837 3.7933974
410.4 -868.83315 1.1098355 3.3783877
410.6 -875.79128 1.1094386 3.2861172
410.8 -885.8258 1.0082025 4.0549972
411.0 -903.40244 1.0557801 3.4025249
411.2 -894.1879 1.0153174 3.7874452
411.4 -909.86976 1.0047791 3.5420415
411.6 -916.25248 0.98049903 3.1977912
411.8 -912.91555 0.99889053 3.3928792
412.0 -887.73619 1.0244626 3.8541596
412.2 -873.17907 1.1112207 3.28435
412.4 -886.66904 1.0164942 3.4963322
412.6 -909.2848 1.021701 3.5350408
412.8 -911.03533 0.99378423 3.5728612
413.0 -891.5552 1.0512234 3.3154152
413.2 -890.25493 1.0645242 3.6433404
413.4 -908.99551 1.0309342 3.7815122
413.6 -920.82318 0.974287 3.5320718
413.8 -911.09903 0.99695407 3.5386942
414.0 -902.40378 1.0883844 2.8618616
414.2 -912.62604 0.9551905 3.8184124
414.4 -918.43401 1.0133343 3.4178237
414.6 -920.45122 0.97281473 3.4491041
414.8 -889.83645 1.0667663 3.4258884
415.0 -895.29128 1.0553456 3.5231195
415.2 -892.36808 1.0382943 3.3231274
415.4 -879.60085 1.0122334 3.8799492
415.6 -890.99913 1.0493332 3.379605
415.8 -882.87119 1.0348513 3.3944128
416.0 -889.00062 1.0484265 3.5661313
416.2 -903.44611 1.0587171 3.4128765
416.4 -905.60291 1.004235 3.8135216
416.6 -909.67827 0.98890663 3.6085653
416.8 -904.17173 1.0157637 3.743973
417.0 -934.29724 0.92641203 3.54227
417.2 -942.56545 0.93192403 3.2831735
417.4 -927.22573 0.99778547 3.2983982
417.6 -900.89264 1.0251813 3.9428563
417.8 -879.02725 1.0987585 3.8043554
418.0 -864.57907 1.14534 3.6369249
418.2 -868.6879 1.1235258 3.7228601
418.4 -895.87514 1.0481789 3.2357434
418.6 -902.88767 0.99857957 3.2975997
418.8 -882.12468 1.0760064 3.1545211
419.0 -894.47108 1.0097908 3.5409022
419.2 -870.78365 1.135707 3.284574
419.4 -875.02222 1.058747 3.891713
419.6 -877.50771 1.0633124 3.4371178
419.8 -859.23069 1.0678484 3.9238132
420.0 -879.97546 1.082483 3.8806151
420.2 -898.20393 1.0314327 3.7551928
420.4 -913.83529 1.0110033 3.4297776
420.6 -900.14971 1.0467423 3.5945107
420.8 -910.94362 1.0127784 3.0192632
421.0 -912.14374 0.98777853 3.346254
421.2 -919.14247 1.036448 3.476227
421.4 -947.19579 0.95031267 3.2438257
421.6 -945.78125 0.94134947 3.6730108
421.8 -961.01107 0.89933397 2.9752115
422.0 -942.47008 0.95959223 3.099349
422.2 -962.03708 0.89799153 3.270755
422.4 -943.58166 0.91945437 3.3917673
422.6 -943.26393 1.0014042 2.8974036
422.8 -938.60745 0.93226177 3.2607752
423.0 -949.10039 0.9238915 3.1458255
423.2 -949.99975 0.9341431 3.2907978
423.4 -937.53637 0.96564247 3.2710211
423.6 -934.55942 0.99244113 3.0112961
423.8 -939.72268 0.9388465 3.3419402
424.0 -944.91573 0.96723497 3.3701779
424.2 -931.44304 0.96442093 3.3097387
424.4 -924.50696 0.97006217 3.5267398
424.6 -909.32529 1.1249752 2.916954
424.8 -895.78995 1.0333557 3.5952287
425.0 -916.97897 0.9858266 3.5761355
425.2 -922.26256 0.95435327 3.5870203
425.4 -913.78595 0.99807157 3.4667633
425.6 -930.40602 0.9759908 3.2097132
425.8 -907.77983 1.0336832 3.7742354
426.0 -933.11867 0.95058113 3.5326401
426.2 -932.82182 0.97680427 3.5682691
426.4 -929.73262 1.0002577 3.6938616
426.6 -922.13749 1.0429432 3.6220297
426.8 -936.60451 1.0585633 3.0942573
427.0 -947.39403 0.98130133 3.1847114
427.2 -955.16618 0.89388527 3.3331028
427.4 -929.14101 0.98409507 3.4127672
427.6 -936.56511 0.94298067 3.6672271
427.8 -933.85341 0.94511217 3.6390199
428.0 -921.95334 1.0238178 3.1518233
428.2 -926.35829 0.96864623 3.7458217
428.4 -926.05981 1.0922218 3.0991096
428.6 -921.46697 1.0241155 3.0488893
428.8 -903.22005 1.0460947 3.355904
429.0 -902.09333 0.98669447 3.6774318
429.2 -889.38706 1.0088829 3.3912198
429.4 -874.06743 1.0681165 3.776292
429.6 -884.32193 1.09518 3.637687
429.8 -857.33027 1.1622742 3.7267849
430.0 -884.71698 1.0136879 3.6696663
430.2 -904.93223 0.96417623 3.3914719
430.4 -902.43833 1.003929 3.2380616
430.6 -895.52717 0.98630857 3.5911701
430.8 -890.45865 1.0630741 3.3713607
431.0 -890.48464 1.1221158 3.5650345
431.2 -901.1052 1.0166765 3.7129337
431.4 -913.70065 0.99893293 3.5418358
431.6 -910.7706 0.96690533 3.6995077
431.8 -905.00108 0.98290373 3.6933275
432.0 -891.95814 0.9932665 3.6870228
432.2 -903.28586 1.01855 3.6456091
432.4 -906.04988 1.0238468 3.244176
432.6 -913.29997 0.95225013 3.6707417
432.8 -922.13202 1.0080056 3.449589
433.0 -919.51035 0.97287597 3.5535894
433.2 -899.43776 1.0809511 3.1595796
433.4 -902.00175 1.060491 3.4186483
433.6 -920.81727 0.99938253 3.3356295
433.8 -915.8212 1.0346224 3.3422112
434.0 -937.18736 0.9814566 3.0496122
434.2 -946.38898 0.89939537 3.2527784
434.4 -932.40094 1.0632723 3.09642
434.6 -922.03363 1.0267878 3.4043126
434.8 -917.60075 1.0046287 3.4356526
435.0 -918.01085 1.0201862 2.913784
435.2 -951.44381 0.96540533 3.2322249
435.4 -946.57071 0.96560933 3.2197169
435.6 -950.38482 0.90270513 3.0876155
435.8 -949.64885 0.93927747 3.2131372
436.0 -904.28942 1.0724335 3.256728
436.2 -881.43404 1.0981669 3.5820444
436.4 -875.39432 1.0591122 3.782498
436.6 -899.71776 0.96041243 3.5270113
436.8 -872.03475 1.0238311 3.5461422
437.0 -891.20586 1.0086017 3.8914602
437.2 -897.70629 1.010448 3.0710062
437.4 -887.10461 1.069588 3.2216861
437.6 -867.98287 1.0764874 3.8134281
437.8 -891.23066 1.0372021 3.3289775
438.0 -879.50879 1.1171393 3.450857
438.2 -878.24199 1.0447457 3.7404494
438.4 -901.93457 0.96426197 3.4251979
438.6 -906.41912 1.0422479 2.8356446
438.8 -895.79436 1.0892404 3.147545
439.0 -910.85787 0.92627023 3.7556419
439.2 -922.55967 0.93612603 3.527627
439.4 -924.61983 0.92531063 3.2523811
439.6 -925.158 0.96016017 3.3358897
439.8 -937.60652 0.95636557 3.3351103
440.0 -945.30142 0.91710563 3.3017514
440.2 -945.68727 0.88972843 3.2496638
440.4 -927.13969 0.92878847 3.4428071
440.6 -921.65811 0.97953753 3.2320156
440.8 -924.33864 0.99464267 2.9554317
441.0 -911.93559 1.0249061 3.418776
441.2 -914.56708 0.9315707 3.5149142
441.4 -894.60677 1.064247 3.4975314
441.6 -913.9397 0.9846136 3.1172366
441.8 -909.402 0.97280177 3.4441755
442.0 -890.33694 1.0415664 3.8786806
442.2 -906.97086 1.0232915 3.2332106
442.4 -908.75835 1.0188335 3.8384917
442.6 -916.5698 1.0133467 3.4737265
442.8 -906.11311 1.065686 3.3636078
443.0 -930.78465 0.95571543 3.7087924
443.2 -931.17428 0.95974603 3.6855975
443.4 -924.0618 0.9807812 3.4676396
443.6 -927.64268 0.98065227 3.1765313
443.8 -922.31274 0.9266698 3.3975923
444.0 -890.34506 1.0292993 3.27595
444.2 -896.60882 1.0335858 3.3915794
444.4 -891.17177 1.066388 3.3578874
444.6 -908.30477 1.0210272 3.4692277
444.8 -900.41689 1.0601271 3.3924277
445.0 -904.81523 1.0356297 3.4740291
445.2 -912.51122 1.0343965 3.4538483
445.4 -893.41861 1.0866077 3.0920818
445.6 -903.23339 1.0504942 3.3543517
445.8 -891.71623 1.0914051 3.6133412
446.0 -901.57791 0.96133557 3.890768
446.2 -903.00399 1.0094022 3.5511381
446.4 -913.12128 0.94235603 3.1398389
446.6 -896.5985 0.98687883 3.6739208
446.8 -905.26878 1.0104702 3.0916399
447.0 -884.28951 1.0699222 3.4119356
447.2 -888.1729 1.055715 3.6197657
447.4 -909.27699 0.98873123 3.4273029
447.6 -916.885 1.0053996 3.7218972
447.8 -916.489 0.97498713 3.2543506
448.0 -914.51061 1.0127958 3.1147242
448.2 -914.8029 1.072888 3.2264984
448.4 -916.97893 0.98666697 3.3832118
448.6 -925.89749 0.98860817 3.3618636
448.8 -917.2117 0.93499367 3.7011067
449.0 -897.85356 1.0005983 3.2468318
449.2 -901.29842 1.021495 3.7029177
449.4 -901.10238 1.0917356 3.1831153
449.6 -930.92005 1.0013061 3.0845545
449.8 -920.16969 1.0215267 3.2601267
450.0 -927.11597 0.96191293 3.9234698
