0 10000 219.825 
0.01 9999 217.669 
0.02 9998 211.35 
0.03 9997 201.295 
0.04 9996 188.132 
0.05 9995 172.607 
0.06 9994 155.496 
0.07 9993 137.539 
0.08 9992 119.398 
0.09 9991 101.632 
0.1 9990 84.6881 
0.11 9989 68.9004 
0.12 9988 54.5012 
0.13 9987 41.6312 
0.14 9986 30.3535 
0.15 9985 20.6674 
0.16 9984 12.5215 
0.17 9983 5.82674 
0.18 9982 0.466529 
0.19 9981 -3.69308 
0.2 9980 -6.79552 
0.21 9979 -8.98705 
0.22 9978 -10.4114 
0.23 9977 -11.206 
0.24 9976 -11.4985 
0.25 9975 -11.4052 
0.26 9974 -11.0294 
0.27 9973 -10.4608 
0.28 9972 -9.77532 
0.29 9971 -9.03517 
0.3 9970 -8.28993 
0.31 9969 -7.57732 
0.32 9968 -6.92449 
0.33 9967 -6.34923 
0.34 9966 -5.8613 
0.35 9965 -5.46372 
0.36 9964 -5.15404 
0.37 9963 -4.92555 
0.38 9962 -4.76848 
0.39 9961 -4.67113 
0.4 9960 -4.62087 
0.41 9959 -4.60502 
0.42 9958 -4.6115 
0.43 9957 -4.62938 
0.44 9956 -4.64912 
0.45 9955 -4.66271 
0.46 9954 -4.66367 
0.47 9953 -4.64705 
0.48 9952 -4.60924 
0.49 9951 -4.54789 
0.5 9950 -4.46168 
0.51 9949 -4.3501 
0.52 9948 -4.21334 
0.53 9947 -4.05214 
0.54 9946 -3.86785 
0.55 9945 -3.66242 
0.56 9944 -3.43851 
0.57 9943 -3.19944 
0.58 9942 -2.94918 
0.59 9941 -2.69217 
0.6 9940 -2.4331 
0.61 9939 -2.17654 
0.62 9938 -1.92671 
0.63 9937 -1.68719 
0.64 9936 -1.46084 
0.65 9935 -1.24983 
0.66 9934 -1.05565 
0.67 9933 -0.879266 
0.68 9932 -0.721263 
0.69 9931 -0.581979 
0.7 9930 -0.461656 
0.71 9929 -0.360497 
0.72 9928 -0.278633 
0.73 9927 -0.216021 
0.74 9926 -0.17232 
0.75 9925 -0.146788 
0.76 9924 -0.13825 
0.77 9923 -0.145164 
0.78 9922 -0.16575 
0.79 9921 -0.198134 
0.8 9920 -0.240468 
0.81 9919 -0.290974 
0.82 9918 -0.347934 
0.83 9917 -0.409662 
0.84 9916 -0.474477 
0.85 9915 -0.54073 
0.86 9914 -0.606833 
0.87 9913 -0.671325 
0.88 9912 -0.732932 
0.89 9911 -0.790652 
0.9 9910 -0.843818 
0.91 9909 -0.892115 
0.92 9908 -0.935526 
0.93 9907 -0.974209 
0.94 9906 -1.00834 
0.95 9905 -1.03795 
0.96 9904 -1.06279 
0.97 9903 -1.08216 
0.98 9902 -1.09489 
0.99 9901 -1.09929 
1 9900 -1.09334 
1.01 9899 -1.07492 
1.02 9898 -1.04214 
1.03 9897 -0.993719 
1.04 9896 -0.929202 
1.05 9895 -0.849105 
1.06 9894 -0.754951 
1.07 9893 -0.649189 
1.08 9892 -0.535046 
1.09 9891 -0.416329 
1.1 9890 -0.297215 
1.11 9889 -0.182033 
1.12 9888 -0.0750354 
1.13 9887 0.0198457 
1.14 9886 0.0992349 
1.15 9885 0.160503 
1.16 9884 0.201872 
1.17 9883 0.222435 
1.18 9882 0.222142 
1.19 9881 0.201781 
1.2 9880 0.162912 
1.21 9879 0.107762 
1.22 9878 0.0390725 
1.23 9877 -0.0400702 
1.24 9876 -0.126414 
1.25 9875 -0.216715 
1.26 9874 -0.307925 
1.27 9873 -0.397371 
1.28 9872 -0.482896 
1.29 9871 -0.562939 
1.3 9870 -0.63655 
1.31 9869 -0.703328 
1.32 9868 -0.763297 
1.33 9867 -0.816734 
1.34 9866 -0.863993 
1.35 9865 -0.905376 
1.36 9864 -0.941059 
1.37 9863 -0.971067 
1.38 9862 -0.995284 
1.39 9861 -1.01348 
1.4 9860 -1.02534 
1.41 9859 -1.03055 
1.42 9858 -1.02877 
1.43 9857 -1.01969 
1.44 9856 -1.00303 
1.45 9855 -0.978659 
1.46 9854 -0.946551 
1.47 9853 -0.906844 
1.48 9852 -0.859832 
1.49 9851 -0.805973 
1.5 9850 -0.745883 
1.51 9849 -0.680335 
1.52 9848 -0.610252 
1.53 9847 -0.53671 
1.54 9846 -0.460933 
1.55 9845 -0.38427 
1.56 9844 -0.308133 
1.57 9843 -0.233851 
1.58 9842 -0.162492 
1.59 9841 -0.0946812 
1.6 9840 -0.0304899 
1.61 9839 0.0305631 
1.62 9838 0.0893908 
1.63 9837 0.147102 
1.64 9836 0.204711 
1.65 9835 0.262865 
1.66 9834 0.321687 
1.67 9833 0.380778 
1.68 9832 0.43935 
1.69 9831 0.496435 
1.7 9830 0.551068 
1.71 9829 0.602392 
1.72 9828 0.649658 
1.73 9827 0.692152 
1.74 9826 0.729111 
1.75 9825 0.759673 
1.76 9824 0.78289 
1.77 9823 0.797804 
1.78 9822 0.803556 
1.79 9821 0.799522 
1.8 9820 0.78541 
1.81 9819 0.761299 
1.82 9818 0.727618 
1.83 9817 0.685081 
1.84 9816 0.634605 
1.85 9815 0.577253 
1.86 9814 0.514192 
1.87 9813 0.446701 
1.88 9812 0.376207 
1.89 9811 0.304299 
1.9 9810 0.232725 
1.91 9809 0.163367 
1.92 9808 0.0981938 
1.93 9807 0.0391472 
1.94 9806 -0.0120098 
1.95 9805 -0.053835 
1.96 9804 -0.0853429 
1.97 9803 -0.106097 
1.98 9802 -0.116201 
1.99 9801 -0.116193 
2 9800 -0.106873 
2.01 9799 -0.0891399 
2.02 9798 -0.0638629 
2.03 9797 -0.0318318 
2.04 9796 0.00625071 
2.05 9795 0.0497756 
2.06 9794 0.0982406 
2.07 9793 0.151227 
2.08 9792 0.208327 
2.09 9791 0.269056 
2.1 9790 0.332768 
2.11 9789 0.398581 
2.12 9788 0.465339 
2.13 9787 0.531702 
2.14 9786 0.596263 
2.15 9785 0.657618 
2.16 9784 0.714377 
2.17 9783 0.765154 
2.18 9782 0.808568 
2.19 9781 0.843273 
2.2 9780 0.86801 
2.21 9779 0.881669 
2.22 9778 0.88336 
2.23 9777 0.872459 
2.24 9776 0.848646 
2.25 9775 0.811921 
2.26 9774 0.762599 
2.27 9773 0.701307 
2.28 9772 0.628977 
2.29 9771 0.546846 
2.3 9770 0.456481 
2.31 9769 0.359791 
2.32 9768 0.259031 
2.33 9767 0.156783 
2.34 9766 0.0558976 
2.35 9765 -0.0406288 
2.36 9764 -0.129816 
2.37 9763 -0.208904 
2.38 9762 -0.275564 
2.39 9761 -0.32807 
2.4 9760 -0.365402 
2.41 9759 -0.387244 
2.42 9758 -0.393913 
2.43 9757 -0.386247 
2.44 9756 -0.36549 
2.45 9755 -0.333182 
2.46 9754 -0.291065 
2.47 9753 -0.241006 
2.48 9752 -0.18495 
2.49 9751 -0.124886 
2.5 9750 -0.0627924 
2.51 9749 -0.000567914 
2.52 9748 0.060054 
2.53 9747 0.117579 
2.54 9746 0.170803 
2.55 9745 0.218851 
2.56 9744 0.261205 
2.57 9743 0.297741 
2.58 9742 0.328769 
2.59 9741 0.355032 
2.6 9740 0.377615 
2.61 9739 0.39778 
2.62 9738 0.416749 
2.63 9737 0.435486 
2.64 9736 0.454493 
2.65 9735 0.47367 
2.66 9734 0.492289 
2.67 9733 0.509087 
2.68 9732 0.522447 
2.69 9731 0.530608 
2.7 9730 0.531841 
2.71 9729 0.524564 
2.72 9728 0.507414 
2.73 9727 0.479298 
2.74 9726 0.43946 
2.75 9725 0.387584 
2.76 9724 0.323896 
2.77 9723 0.249242 
2.78 9722 0.165106 
2.79 9721 0.0735667 
2.8 9720 -0.0227976 
2.81 9719 -0.121038 
2.82 9718 -0.217976 
2.83 9717 -0.310345 
2.84 9716 -0.394922 
2.85 9715 -0.468662 
2.86 9714 -0.528819 
2.87 9713 -0.573062 
2.88 9712 -0.599586 
2.89 9711 -0.607199 
2.9 9710 -0.595378 
2.91 9709 -0.564312 
2.92 9708 -0.514932 
2.93 9707 -0.448918 
2.94 9706 -0.36869 
2.95 9705 -0.277343 
2.96 9704 -0.178515 
2.97 9703 -0.076174 
2.98 9702 0.0256668 
2.99 9701 0.123252 
3 9700 0.213351 
3.01 9699 0.293439 
3.02 9698 0.361786 
3.03 9697 0.41745 
3.04 9696 0.460225 
3.05 9695 0.490515 
3.06 9694 0.509193 
3.07 9693 0.517497 
3.08 9692 0.516922 
3.09 9691 0.509082 
3.1 9690 0.495543 
3.11 9689 0.477694 
3.12 9688 0.456666 
3.13 9687 0.433315 
3.14 9686 0.408245 
3.15 9685 0.38187 
3.16 9684 0.354497 
3.17 9683 0.326421 
3.18 9682 0.298004 
3.19 9681 0.269736 
3.2 9680 0.242251 
3.21 9679 0.216266 
3.22 9678 0.192459 
3.23 9677 0.171331 
3.24 9676 0.1531 
3.25 9675 0.137671 
3.26 9674 0.124667 
3.27 9673 0.113459 
3.28 9672 0.103214 
3.29 9671 0.0929588 
3.3 9670 0.081646 
3.31 9669 0.0682137 
3.32 9668 0.05165 
3.33 9667 0.0310722 
3.34 9666 0.0058228 
3.35 9665 -0.024432 
3.36 9664 -0.0596201 
3.37 9663 -0.0992219 
3.38 9662 -0.142292 
3.39 9661 -0.187529 
3.4 9660 -0.233378 
3.41 9659 -0.278137 
3.42 9658 -0.320044 
3.43 9657 -0.357303 
3.44 9656 -0.388076 
3.45 9655 -0.410463 
3.46 9654 -0.42252 
3.47 9653 -0.422311 
3.48 9652 -0.408006 
3.49 9651 -0.378013 
3.5 9650 -0.331129 
3.51 9649 -0.266715 
3.52 9648 -0.184866 
3.53 9647 -0.0865488 
3.54 9646 0.026355 
3.55 9645 0.151105 
3.56 9644 0.284221 
3.57 9643 0.421628 
3.58 9642 0.558831 
3.59 9641 0.691093 
3.6 9640 0.813665 
3.61 9639 0.922035 
3.62 9638 1.01216 
3.63 9637 1.08065 
3.64 9636 1.1249 
3.65 9635 1.1432 
3.66 9634 1.13484 
3.67 9633 1.10008 
3.68 9632 1.04025 
3.69 9631 0.957665 
3.7 9630 0.855552 
3.71 9629 0.73799 
3.72 9628 0.609718 
3.73 9627 0.475892 
3.74 9626 0.341737 
3.75 9625 0.212153 
3.76 9624 0.0913738 
3.77 9623 -0.0172823 
3.78 9622 -0.11151 
3.79 9621 -0.18998 
3.8 9620 -0.252196 
3.81 9619 -0.298323 
3.82 9618 -0.329013 
3.83 9617 -0.345276 
3.84 9616 -0.34838 
3.85 9615 -0.339791 
3.86 9614 -0.321118 
3.87 9613 -0.294051 
3.88 9612 -0.260326 
3.89 9611 -0.221714 
3.9 9610 -0.180033 
3.91 9609 -0.137136 
3.92 9608 -0.0948707 
3.93 9607 -0.0550182 
3.94 9606 -0.0192187 
3.95 9605 0.011129 
3.96 9604 0.0350195 
3.97 9603 0.0519834 
3.98 9602 0.0621405 
3.99 9601 0.0661815 
4 9600 0.0653124 
4.01 9599 0.0611426 
4.02 9598 0.0555077 
4.03 9597 0.0502565 
4.04 9596 0.0470767 
4.05 9595 0.0474235 
4.06 9594 0.0525429 
4.07 9593 0.0635319 
4.08 9592 0.0813707 
4.09 9591 0.106893 
4.1 9590 0.140688 
4.11 9589 0.18296 
4.12 9588 0.233439 
4.13 9587 0.291388 
4.14 9586 0.355648 
4.15 9585 0.42467 
4.16 9584 0.496491 
4.17 9583 0.568744 
4.18 9582 0.638768 
4.19 9581 0.703808 
4.2 9580 0.76124 
4.21 9579 0.808775 
4.22 9578 0.844641 
4.23 9577 0.867697 
4.24 9576 0.877458 
4.25 9575 0.874049 
4.26 9574 0.858095 
4.27 9573 0.830583 
4.28 9572 0.792732 
4.29 9571 0.74592 
4.3 9570 0.691649 
4.31 9569 0.63153 
4.32 9568 0.567257 
4.33 9567 0.500531 
4.34 9566 0.432961 
4.35 9565 0.365973 
4.36 9564 0.300764 
4.37 9563 0.238305 
4.38 9562 0.179344 
4.39 9561 0.124397 
4.4 9560 0.0737087 
4.41 9559 0.0272261 
4.42 9558 -0.0153899 
4.43 9557 -0.0547028 
4.44 9556 -0.0913979 
4.45 9555 -0.126147 
4.46 9554 -0.159469 
4.47 9553 -0.191643 
4.48 9552 -0.222718 
4.49 9551 -0.252635 
4.5 9550 -0.281391 
4.51 9549 -0.309103 
4.52 9548 -0.335989 
4.53 9547 -0.362279 
4.54 9546 -0.388114 
4.55 9545 -0.413478 
4.56 9544 -0.438177 
4.57 9543 -0.461867 
4.58 9542 -0.484097 
4.59 9541 -0.504332 
4.6 9540 -0.521973 
4.61 9539 -0.536353 
4.62 9538 -0.546762 
4.63 9537 -0.552512 
4.64 9536 -0.553026 
4.65 9535 -0.547895 
4.66 9534 -0.536903 
4.67 9533 -0.520047 
4.68 9532 -0.497518 
4.69 9531 -0.46962 
4.7 9530 -0.436683 
4.71 9529 -0.398992 
4.72 9528 -0.35675 
4.73 9527 -0.310075 
4.74 9526 -0.259004 
4.75 9525 -0.203538 
4.76 9524 -0.143711 
4.77 9523 -0.0796745 
4.78 9522 -0.0117762 
4.79 9521 0.0593777 
4.8 9520 0.13288 
4.81 9519 0.207504 
4.82 9518 0.281709 
4.83 9517 0.353685 
4.84 9516 0.421407 
4.85 9515 0.482736 
4.86 9514 0.535547 
4.87 9513 0.577895 
4.88 9512 0.608213 
4.89 9511 0.625481 
4.9 9510 0.629378 
4.91 9509 0.620357 
4.92 9508 0.599626 
4.93 9507 0.569038 
4.94 9506 0.530891 
4.95 9505 0.48769 
4.96 9504 0.441873 
4.97 9503 0.395533 
4.98 9502 0.350193 
4.99 9501 0.306672 
5 9500 0.265116 
5.01 9499 0.22514 
5.02 9498 0.186058 
5.03 9497 0.147101 
5.04 9496 0.107558 
5.05 9495 0.066817 
5.06 9494 0.0243282 
5.07 9493 -0.0204652 
5.08 9492 -0.0681639 
5.09 9491 -0.11935 
5.1 9490 -0.174407 
5.11 9489 -0.233271 
5.12 9488 -0.295222 
5.13 9487 -0.358785 
5.14 9486 -0.421798 
5.15 9485 -0.481636 
5.16 9484 -0.535542 
5.17 9483 -0.580979 
5.18 9482 -0.615952 
5.19 9481 -0.639205 
5.2 9480 -0.650309 
5.21 9479 -0.649608 
5.22 9478 -0.638085 
5.23 9477 -0.617171 
5.24 9476 -0.58856 
5.25 9475 -0.554064 
5.26 9474 -0.515538 
5.27 9473 -0.474841 
5.28 9472 -0.433789 
5.29 9471 -0.394116 
5.3 9470 -0.357438 
5.31 9469 -0.325216 
5.32 9468 -0.298737 
5.33 9467 -0.279128 
5.34 9466 -0.267379 
5.35 9465 -0.264376 
5.36 9464 -0.270854 
5.37 9463 -0.287237 
5.38 9462 -0.313395 
5.39 9461 -0.34841 
5.4 9460 -0.390459 
5.41 9459 -0.436844 
5.42 9458 -0.484161 
5.43 9457 -0.528559 
5.44 9456 -0.566033 
5.45 9455 -0.592731 
5.46 9454 -0.605272 
5.47 9453 -0.601057 
5.48 9452 -0.578525 
5.49 9451 -0.537291 
5.5 9450 -0.478123 
5.51 9449 -0.402798 
5.52 9448 -0.313858 
5.53 9447 -0.214345 
5.54 9446 -0.107532 
5.55 9445 0.00332138 
5.56 9444 0.115165 
5.57 9443 0.225286 
5.58 9442 0.331365 
5.59 9441 0.431453 
5.6 9440 0.523904 
5.61 9439 0.607304 
5.62 9438 0.680427 
5.63 9437 0.742209 
5.64 9436 0.791748 
5.65 9435 0.828302 
5.66 9434 0.851321 
5.67 9433 0.860497 
5.68 9432 0.855841 
5.69 9431 0.83776 
5.7 9430 0.807123 
5.71 9429 0.765275 
5.72 9428 0.713962 
5.73 9427 0.655195 
5.74 9426 0.591082 
5.75 9425 0.52364 
5.76 9424 0.454586 
5.77 9423 0.385153 
5.78 9422 0.316025 
5.79 9421 0.247383 
5.8 9420 0.179047 
5.81 9419 0.11066 
5.82 9418 0.0418724 
5.83 9417 -0.0274738 
5.84 9416 -0.0971662 
5.85 9415 -0.166467 
5.86 9414 -0.23405 
5.87 9413 -0.298072 
5.88 9412 -0.356378 
5.89 9411 -0.406788 
5.9 9410 -0.447404 
5.91 9409 -0.476881 
5.92 9408 -0.494604 
5.93 9407 -0.500732 
5.94 9406 -0.496115 
5.95 9405 -0.482122 
5.96 9404 -0.460435 
5.97 9403 -0.432865 
5.98 9402 -0.4012 
5.99 9401 -0.367061 
6 9400 -0.331812 
6.01 9399 -0.296526 
6.02 9398 -0.261997 
6.03 9397 -0.228716 
6.04 9396 -0.196824 
6.05 9395 -0.166092 
6.06 9394 -0.135936 
6.07 9393 -0.105474 
6.08 9392 -0.0736007 
6.09 9391 -0.0391006 
6.1 9390 -0.000817888 
6.11 9389 0.0421154 
6.12 9388 0.0900522 
6.13 9387 0.142676 
6.14 9386 0.19896 
6.15 9385 0.257241 
6.16 9384 0.315383 
6.17 9383 0.37099 
6.18 9382 0.421615 
6.19 9381 0.464958 
6.2 9380 0.499054 
6.21 9379 0.522475 
6.22 9378 0.534536 
6.23 9377 0.535367 
6.24 9376 0.525813 
6.25 9375 0.507239 
6.26 9374 0.481309 
6.27 9373 0.449773 
6.28 9372 0.414305 
6.29 9371 0.376426 
6.3 9370 0.337495 
6.31 9369 0.298744 
6.32 9368 0.261344 
6.33 9367 0.22645 
6.34 9366 0.195187 
6.35 9365 0.16859 
6.36 9364 0.147474 
6.37 9363 0.132294 
6.38 9362 0.123041 
6.39 9361 0.119198 
6.4 9360 0.119774 
6.41 9359 0.123379 
6.42 9358 0.128321 
6.43 9357 0.132718 
6.44 9356 0.134612 
6.45 9355 0.13208 
6.46 9354 0.123351 
6.47 9353 0.106959 
6.48 9352 0.081885 
6.49 9351 0.0476807 
6.5 9350 0.00451798 
6.51 9349 -0.0468116 
6.52 9348 -0.104945 
6.53 9347 -0.168032 
6.54 9346 -0.233837 
6.55 9345 -0.299853 
6.56 9344 -0.3634 
6.57 9343 -0.421719 
6.58 9342 -0.472069 
6.59 9341 -0.511876 
6.6 9340 -0.53893 
6.61 9339 -0.551629 
6.62 9338 -0.549222 
6.63 9337 -0.531976 
6.64 9336 -0.501214 
6.65 9335 -0.459201 
6.66 9334 -0.408926 
6.67 9333 -0.353839 
6.68 9332 -0.297551 
6.69 9331 -0.243538 
6.7 9330 -0.194884 
6.71 9329 -0.154094 
6.72 9328 -0.122987 
6.73 9327 -0.102684 
6.74 9326 -0.0936689 
6.75 9325 -0.0958911 
6.76 9324 -0.108872 
6.77 9323 -0.131785 
6.78 9322 -0.163507 
6.79 9321 -0.202644 
6.8 9320 -0.247544 
6.81 9319 -0.29633 
6.82 9318 -0.346954 
6.83 9317 -0.397298 
6.84 9316 -0.445298 
6.85 9315 -0.489076 
6.86 9314 -0.527072 
6.87 9313 -0.55813 
6.88 9312 -0.581553 
6.89 9311 -0.597092 
6.9 9310 -0.604877 
6.91 9309 -0.605318 
6.92 9308 -0.599015 
6.93 9307 -0.586703 
6.94 9306 -0.569217 
6.95 9305 -0.547452 
6.96 9304 -0.522302 
6.97 9303 -0.494581 
6.98 9302 -0.464926 
6.99 9301 -0.433694 
7 9300 -0.400919 
7.01 9299 -0.366352 
7.02 9298 -0.329574 
7.03 9297 -0.290137 
7.04 9296 -0.247716 
7.05 9295 -0.202239 
7.06 9294 -0.153996 
7.07 9293 -0.103688 
7.08 9292 -0.0523995 
7.09 9291 -0.00152255 
7.1 9290 0.0473507 
7.11 9289 0.0925522 
7.12 9288 0.132456 
7.13 9287 0.165567 
7.14 9286 0.190565 
7.15 9285 0.206275 
7.16 9284 0.211586 
7.17 9283 0.205355 
7.18 9282 0.186378 
7.19 9281 0.153481 
7.2 9280 0.105757 
7.21 9279 0.0428767 
7.22 9278 -0.0346143 
7.23 9277 -0.125122 
7.24 9276 -0.225982 
7.25 9275 -0.333582 
7.26 9274 -0.443571 
7.27 9273 -0.551153 
7.28 9272 -0.651439 
7.29 9271 -0.739824 
7.3 9270 -0.812324 
7.31 9269 -0.865799 
7.32 9268 -0.898078 
7.33 9267 -0.907973 
7.34 9266 -0.895266 
7.35 9265 -0.86066 
7.36 9264 -0.805746 
7.37 9263 -0.73293 
7.38 9262 -0.645321 
7.39 9261 -0.546557 
7.4 9260 -0.440593 
7.41 9259 -0.331486 
7.42 9258 -0.223197 
7.43 9257 -0.119428 
7.44 9256 -0.0234816 
7.45 9255 0.0618307 
7.46 9254 0.134253 
7.47 9253 0.192131 
7.48 9252 0.234459 
7.49 9251 0.260931 
7.5 9250 0.271982 
7.51 9249 0.268786 
7.52 9248 0.253188 
7.53 9247 0.227593 
7.54 9246 0.194811 
7.55 9245 0.157892 
7.56 9244 0.119921 
7.57 9243 0.0837922 
7.58 9242 0.0519833 
7.59 9241 0.0263844 
7.6 9240 0.0081829 
7.61 9239 -0.00216842 
7.62 9238 -0.00488508 
7.63 9237 -0.000696336 
7.64 9236 0.00934721 
7.65 9235 0.024051 
7.66 9234 0.0422118 
7.67 9233 0.0627202 
7.68 9232 0.0846381 
7.69 9231 0.107259 
7.7 9230 0.130177 
7.71 9229 0.153361 
7.72 9228 0.177163 
7.73 9227 0.202224 
7.74 9226 0.229292 
7.75 9225 0.25899 
7.76 9224 0.291616 
7.77 9223 0.326989 
7.78 9222 0.364396 
7.79 9221 0.402632 
7.8 9220 0.440125 
7.81 9219 0.475096 
7.82 9218 0.505709 
7.83 9217 0.53021 
7.84 9216 0.547043 
7.85 9215 0.554961 
7.86 9214 0.553139 
7.87 9213 0.541303 
7.88 9212 0.519841 
7.89 9211 0.489841 
7.9 9210 0.453005 
7.91 9209 0.411461 
7.92 9208 0.367472 
7.93 9207 0.323188 
7.94 9206 0.280501 
7.95 9205 0.24104 
7.96 9204 0.206263 
7.97 9203 0.177555 
7.98 9202 0.156269 
7.99 9201 0.143637 
8 9200 0.140597 
8.01 9199 0.147598 
8.02 9198 0.164456 
8.03 9197 0.190302 
8.04 9196 0.223605 
8.05 9195 0.262268 
8.06 9194 0.303774 
8.07 9193 0.34537 
8.08 9192 0.38427 
8.09 9191 0.417862 
8.1 9190 0.443885 
8.11 9189 0.460573 
8.12 9188 0.466753 
8.13 9187 0.461919 
8.14 9186 0.446268 
8.15 9185 0.420681 
8.16 9184 0.38661 
8.17 9183 0.345854 
8.18 9182 0.300273 
8.19 9181 0.251523 
8.2 9180 0.200883 
8.21 9179 0.149206 
8.22 9178 0.096976 
8.23 9177 0.0444644 
8.24 9176 -0.00808849 
8.25 9175 -0.0603345 
8.26 9174 -0.111785 
8.27 9173 -0.161889 
8.28 9172 -0.210174 
8.29 9171 -0.256353 
8.3 9170 -0.300363 
8.31 9169 -0.342307 
8.32 9168 -0.382354 
8.33 9167 -0.420681 
8.34 9166 -0.457424 
8.35 9165 -0.492612 
8.36 9164 -0.526089 
8.37 9163 -0.557485 
8.38 9162 -0.586247 
8.39 9161 -0.611695 
8.4 9160 -0.633125 
8.41 9159 -0.649916 
8.42 9158 -0.661639 
8.43 9157 -0.668131 
8.44 9156 -0.669545 
8.45 9155 -0.666325 
8.46 9154 -0.65913 
8.47 9153 -0.648719 
8.48 9152 -0.635873 
8.49 9151 -0.621356 
8.5 9150 -0.605915 
8.51 9149 -0.590291 
8.52 9148 -0.575219 
8.53 9147 -0.561412 
8.54 9146 -0.549546 
8.55 9145 -0.540239 
8.56 9144 -0.534008 
8.57 9143 -0.531203 
8.58 9142 -0.531927 
8.59 9141 -0.535954 
8.6 9140 -0.542657 
8.61 9139 -0.55099 
8.62 9138 -0.559555 
8.63 9137 -0.56673 
8.64 9136 -0.570877 
8.65 9135 -0.570608 
8.66 9134 -0.565067 
8.67 9133 -0.554175 
8.68 9132 -0.538788 
8.69 9131 -0.520751 
8.7 9130 -0.50279 
8.71 9129 -0.48823 
8.72 9128 -0.480586 
8.73 9127 -0.483129 
8.74 9126 -0.498515 
8.75 9125 -0.528502 
8.76 9124 -0.573756 
8.77 9123 -0.63374 
8.78 9122 -0.706728 
8.79 9121 -0.789928 
8.8 9120 -0.879714 
8.81 9119 -0.971893 
8.82 9118 -1.06199 
8.83 9117 -1.14556 
8.84 9116 -1.21846 
8.85 9115 -1.27714 
8.86 9114 -1.31884 
8.87 9113 -1.34162 
8.88 9112 -1.34436 
8.89 9111 -1.32663 
8.9 9110 -1.28847 
8.91 9109 -1.23025 
8.92 9108 -1.15259 
8.93 9107 -1.05645 
8.94 9106 -0.943227 
8.95 9105 -0.814796 
8.96 9104 -0.67352 
8.97 9103 -0.522136 
8.98 9102 -0.36366 
8.99 9101 -0.201324 
9 9100 -0.0385658 
9.01 9099 0.120959 
9.02 9098 0.273371 
9.03 9097 0.414612 
9.04 9096 0.540565 
9.05 9095 0.647264 
9.06 9094 0.731147 
9.07 9093 0.78933 
9.08 9092 0.819829 
9.09 9091 0.821732 
9.1 9090 0.795253 
9.11 9089 0.741674 
9.12 9088 0.663199 
9.13 9087 0.562743 
9.14 9086 0.443705 
9.15 9085 0.309741 
9.16 9084 0.164582 
9.17 9083 0.0119237 
9.18 9082 -0.144637 
9.19 9081 -0.301658 
9.2 9080 -0.455868 
9.21 9079 -0.604159 
9.22 9078 -0.743569 
9.23 9077 -0.871313 
9.24 9076 -0.984842 
9.25 9075 -1.08193 
9.26 9074 -1.1607 
9.27 9073 -1.21969 
9.28 9072 -1.25778 
9.29 9071 -1.27422 
9.3 9070 -1.2687 
9.31 9069 -1.24145 
9.32 9068 -1.19339 
9.33 9067 -1.12624 
9.34 9066 -1.04254 
9.35 9065 -0.945609 
9.36 9064 -0.839353 
9.37 9063 -0.728052 
9.38 9062 -0.616046 
9.39 9061 -0.50743 
9.4 9060 -0.40579 
9.41 9059 -0.313993 
9.42 9058 -0.234045 
9.43 9057 -0.167018 
9.44 9056 -0.113059 
9.45 9055 -0.0714986 
9.46 9054 -0.0410437 
9.47 9053 -0.0200388 
9.48 9052 -0.00672042 
9.49 9051 0.00057801 
9.5 9050 0.00329504 
9.51 9049 0.00259293 
9.52 9048 -0.000616436 
9.53 9047 -0.00560047 
9.54 9046 -0.0117278 
9.55 9045 -0.0184019 
9.56 9044 -0.025012 
9.57 9043 -0.0309048 
9.58 9042 -0.0353797 
9.59 9041 -0.0377144 
9.6 9040 -0.0372382 
9.61 9039 -0.0334516 
9.62 9038 -0.0261562 
9.63 9037 -0.0155512 
9.64 9036 -0.0022601 
9.65 9035 0.0127338 
9.66 9034 0.028232 
9.67 9033 0.0429964 
9.68 9032 0.0559188 
9.69 9031 0.0661663 
9.7 9030 0.0732923 
9.71 9029 0.0772915 
9.72 9028 0.0785813 
9.73 9027 0.0779087 
9.74 9026 0.076208 
9.75 9025 0.074435 
9.76 9024 0.0734017 
9.77 9023 0.0736303 
9.78 9022 0.0752493 
9.79 9021 0.0779379 
9.8 9020 0.080927 
9.81 9019 0.0830874 
9.82 9018 0.0831173 
9.83 9017 0.0797539 
9.84 9016 0.0719287 
9.85 9015 0.0588691 
9.86 9014 0.0401809 
9.87 9013 0.0159235 
9.88 9012 -0.013347 
9.89 9011 -0.0466101 
9.9 9010 -0.082493 
9.91 9009 -0.119446 
9.92 9008 -0.155937 
9.93 9007 -0.190619 
9.94 9006 -0.222428 
9.95 9005 -0.250607 
9.96 9004 -0.274697 
9.97 9003 -0.294489 
9.98 9002 -0.309963 
9.99 9001 -0.321223 
10 9000 -0.328425 
10.02 4499 -0.330991 
10.04 4498 -0.318853 
10.06 4497 -0.291342 
10.08 4496 -0.248969 
10.1 4495 -0.195846 
10.12 4494 -0.141299 
10.14 4493 -0.0958586 
10.16 4492 -0.0643225 
10.18 4491 -0.0431294 
10.2 4490 -0.024403 
10.22 4489 -0.000992823 
10.24 4488 0.0309546 
10.26 4487 0.0709663 
10.28 4486 0.114385 
10.3 4485 0.153212 
10.32 4484 0.178586 
10.34 4483 0.184078 
10.36 4482 0.16709 
10.38 4481 0.12878 
10.4 4480 0.0742149 
10.42 4479 0.0124746 
10.44 4478 -0.0453846 
10.46 4477 -0.0908937 
10.48 4476 -0.122496 
10.5 4475 -0.144516 
10.52 4474 -0.16092 
10.54 4473 -0.171181 
10.56 4472 -0.17252 
10.58 4471 -0.165041 
10.6 4470 -0.154716 
10.62 4469 -0.151676 
10.64 4468 -0.164196 
10.66 4467 -0.191338 
10.68 4466 -0.219467 
10.7 4465 -0.225722 
10.72 4464 -0.187554 
10.74 4463 -0.0938756 
10.76 4462 0.0491672 
10.78 4461 0.221245 
10.8 4460 0.396512 
10.82 4459 0.551512 
10.84 4458 0.668737 
10.86 4457 0.737939 
10.88 4456 0.756898 
10.9 4455 0.730573 
10.92 4454 0.668175 
10.94 4453 0.580239 
10.96 4452 0.477174 
10.98 4451 0.369393 
11 4450 0.266378 
11.02 4449 0.175932 
11.04 4448 0.104607 
11.06 4447 0.0580222 
11.08 4446 0.0396296 
11.1 4445 0.0488183 
11.12 4444 0.0800782 
11.14 4443 0.123818 
11.16 4442 0.170045 
11.18 4441 0.212823 
11.2 4440 0.25016 
11.22 4439 0.2791 
11.24 4438 0.291582 
11.26 4437 0.276117 
11.28 4436 0.224843 
11.3 4435 0.139667 
11.32 4434 0.0329923 
11.34 4433 -0.0754129 
11.36 4432 -0.163492 
11.38 4431 -0.213968 
11.4 4430 -0.220037 
11.42 4429 -0.186621 
11.44 4428 -0.127335 
11.46 4427 -0.0590669 
11.48 4426 0.00445262 
11.5 4425 0.0574512 
11.52 4424 0.102904 
11.54 4423 0.148747 
11.56 4422 0.20126 
11.58 4421 0.260653 
11.6 4420 0.320953 
11.62 4419 0.373368 
11.64 4418 0.411067 
11.66 4417 0.432175 
11.68 4416 0.439158 
11.7 4415 0.435638 
11.72 4414 0.423842 
11.74 4413 0.40494 
11.76 4412 0.3802 
11.78 4411 0.350802 
11.8 4410 0.316443 
11.82 4409 0.273796 
11.84 4408 0.216924 
11.86 4407 0.139474 
11.88 4406 0.0371997 
11.9 4405 -0.089227 
11.92 4404 -0.232526 
11.94 4403 -0.379671 
11.96 4402 -0.51484 
11.98 4401 -0.623066 
12 4400 -0.693139 
12.02 4399 -0.71863 
12.04 4398 -0.697314 
12.06 4397 -0.630984 
12.08 4396 -0.526532 
12.1 4395 -0.395949 
12.12 4394 -0.254463 
12.14 4393 -0.118517 
12.16 4392 -0.0035946 
12.18 4391 0.077809 
12.2 4390 0.118794 
12.22 4389 0.120794 
12.24 4388 0.0938712 
12.26 4387 0.0540262 
12.28 4386 0.0178175 
12.3 4385 -0.00383207 
12.32 4384 -0.00860219 
12.34 4383 0.000314851 
12.36 4382 0.0205068 
12.38 4381 0.0535242 
12.4 4380 0.102678 
12.42 4379 0.168277 
12.44 4378 0.244458 
12.46 4377 0.320327 
12.48 4376 0.384585 
12.5 4375 0.430056 
12.52 4374 0.453619 
12.54 4373 0.453787 
12.56 4372 0.429702 
12.58 4371 0.381963 
12.6 4370 0.314393 
12.62 4369 0.233731 
12.64 4368 0.146504 
12.66 4367 0.0562665 
12.68 4366 -0.0362887 
12.7 4365 -0.131404 
12.72 4364 -0.227479 
12.74 4363 -0.319698 
12.76 4362 -0.400794 
12.78 4361 -0.462295 
12.8 4360 -0.49581 
12.82 4359 -0.49499 
12.84 4358 -0.458484 
12.86 4357 -0.392471 
12.88 4356 -0.310726 
12.9 4355 -0.230769 
12.92 4354 -0.167857 
12.94 4353 -0.129986 
12.96 4352 -0.115324 
12.98 4351 -0.112784 
13 4350 -0.105141 
13.02 4349 -0.0738482 
13.04 4348 -0.00633465 
13.06 4347 0.0954552 
13.08 4346 0.210963 
13.1 4345 0.307312 
13.12 4344 0.353746 
13.14 4343 0.333575 
13.16 4342 0.247216 
13.18 4341 0.109449 
13.2 4340 -0.0546603 
13.22 4339 -0.215333 
13.24 4338 -0.345766 
13.26 4337 -0.428503 
13.28 4336 -0.457981 
13.3 4335 -0.441171 
13.32 4334 -0.395903 
13.34 4333 -0.344657 
13.36 4332 -0.305835 
13.38 4331 -0.287832 
13.4 4330 -0.289985 
13.42 4329 -0.307631 
13.44 4328 -0.337029 
13.46 4327 -0.377296 
13.48 4326 -0.429837 
13.5 4325 -0.495927 
13.52 4324 -0.573427 
13.54 4323 -0.654935 
13.56 4322 -0.728503 
13.58 4321 -0.780646 
13.6 4320 -0.800683 
13.62 4319 -0.784321 
13.64 4318 -0.734313 
13.66 4317 -0.659179 
13.68 4316 -0.570405 
13.7 4315 -0.478714 
13.72 4314 -0.392044 
13.74 4313 -0.317452 
13.76 4312 -0.264036 
13.78 4311 -0.241778 
13.8 4310 -0.256379 
13.82 4309 -0.304345 
13.84 4308 -0.371969 
13.86 4307 -0.440551 
13.88 4306 -0.494158 
13.9 4305 -0.524241 
13.92 4304 -0.530498 
13.94 4303 -0.519611 
13.96 4302 -0.503309 
13.98 4301 -0.494076 
14 4300 -0.499195 
14.02 4299 -0.51795 
14.04 4298 -0.544228 
14.06 4297 -0.571389 
14.08 4296 -0.595526 
14.1 4295 -0.615225 
14.12 4294 -0.629944 
14.14 4293 -0.639759 
14.16 4292 -0.644427 
14.18 4291 -0.641412 
14.2 4290 -0.625123 
14.22 4289 -0.587557 
14.24 4288 -0.51967 
14.26 4287 -0.413608 
14.28 4286 -0.26822 
14.3 4285 -0.0939618 
14.32 4284 0.0894228 
14.34 4283 0.259793 
14.36 4282 0.398062 
14.38 4281 0.491189 
14.4 4280 0.534278 
14.42 4279 0.532378 
14.44 4278 0.501087 
14.46 4277 0.462743 
14.48 4276 0.438217 
14.5 4275 0.440124 
14.52 4274 0.470618 
14.54 4273 0.522808 
14.56 4272 0.583934 
14.58 4271 0.638433 
14.6 4270 0.670839 
14.62 4269 0.668405 
14.64 4268 0.622819 
14.66 4267 0.530404 
14.68 4266 0.391861 
14.7 4265 0.213367 
14.72 4264 0.00859436 
14.74 4263 -0.201203 
14.76 4262 -0.391227 
14.78 4261 -0.539312 
14.8 4260 -0.630539 
14.82 4259 -0.658398 
14.84 4258 -0.623294 
14.86 4257 -0.531531 
14.88 4256 -0.394897 
14.9 4255 -0.228381 
14.92 4254 -0.0477258 
14.94 4253 0.130858 
14.96 4252 0.290353 
14.98 4251 0.414544 
15 4250 0.490447 
15.02 4249 0.510606 
15.04 4248 0.475077 
15.06 4247 0.391813 
15.08 4246 0.27471 
15.1 4245 0.141093 
15.12 4244 0.00832027 
15.14 4243 -0.111394 
15.16 4242 -0.213799 
15.18 4241 -0.301615 
15.2 4240 -0.380847 
15.22 4239 -0.457244 
15.24 4238 -0.53331 
15.26 4237 -0.60635 
15.28 4236 -0.668984 
15.3 4235 -0.712442 
15.32 4234 -0.73184 
15.34 4233 -0.730039 
15.36 4232 -0.717154 
15.38 4231 -0.706154 
15.4 4230 -0.706545 
15.42 4229 -0.719974 
15.44 4228 -0.741054 
15.46 4227 -0.762216 
15.48 4226 -0.777246 
15.5 4225 -0.780636 
15.52 4224 -0.765837 
15.54 4223 -0.727013 
15.56 4222 -0.664302 
15.58 4221 -0.587397 
15.6 4220 -0.51197 
15.62 4219 -0.451162 
15.64 4218 -0.409279 
15.66 4217 -0.382113 
15.68 4216 -0.3622 
15.7 4215 -0.343223 
15.72 4214 -0.321615 
15.74 4213 -0.295406 
15.76 4212 -0.26298 
15.78 4211 -0.223506 
15.8 4210 -0.177317 
15.82 4209 -0.125744 
15.84 4208 -0.070429 
15.86 4207 -0.0128944 
15.88 4206 0.0452449 
15.9 4205 0.101768 
15.92 4204 0.152329 
15.94 4203 0.188429 
15.96 4202 0.198486 
15.98 4201 0.171447 
16 4200 0.101726 
16.02 4199 -0.00651375 
16.04 4198 -0.137844 
16.06 4197 -0.269903 
16.08 4196 -0.382325 
16.1 4195 -0.46388 
16.12 4194 -0.513141 
16.14 4193 -0.534413 
16.16 4192 -0.533483 
16.18 4191 -0.515464 
16.2 4190 -0.484942 
16.22 4189 -0.446359 
16.24 4188 -0.403894 
16.26 4187 -0.36188 
16.28 4186 -0.325667 
16.3 4185 -0.300968 
16.32 4184 -0.290349 
16.34 4183 -0.289833 
16.36 4182 -0.290013 
16.38 4181 -0.281436 
16.4 4180 -0.258347 
16.42 4179 -0.218692 
16.44 4178 -0.163061 
16.46 4177 -0.0943517 
16.48 4176 -0.0168941 
16.5 4175 0.0641905 
16.52 4174 0.140501 
16.54 4173 0.199257 
16.56 4172 0.228573 
16.58 4171 0.224627 
16.6 4170 0.194324 
16.62 4169 0.152503 
16.64 4168 0.115598 
16.66 4167 0.0944996 
16.68 4166 0.0904636 
16.7 4165 0.0967707 
16.72 4164 0.103429 
16.74 4163 0.102579 
16.76 4162 0.0929846 
16.78 4161 0.0808238 
16.8 4160 0.0766476 
16.82 4159 0.0909938 
16.84 4158 0.130083 
16.86 4157 0.19247 
16.88 4156 0.268209 
16.9 4155 0.341241 
16.92 4154 0.394239 
16.94 4153 0.413698 
16.96 4152 0.3938 
16.98 4151 0.337539 
17 4150 0.254258 
17.02 4149 0.15574 
17.04 4148 0.054807 
17.06 4147 -0.0344626 
17.08 4146 -0.0988119 
17.1 4145 -0.129859 
17.12 4144 -0.127368 
17.14 4143 -0.10049 
17.16 4142 -0.066327 
17.18 4141 -0.0463447 
17.2 4140 -0.0620978 
17.22 4139 -0.129883 
17.24 4138 -0.254347 
17.26 4137 -0.424182 
17.28 4136 -0.613553 
17.3 4135 -0.78938 
17.32 4134 -0.922185 
17.34 4133 -0.99629 
17.36 4132 -1.01368 
17.38 4131 -0.988641 
17.4 4130 -0.93696 
17.42 4129 -0.867063 
17.44 4128 -0.777938 
17.46 4127 -0.661661 
17.48 4126 -0.5077 
17.5 4125 -0.30959 
17.52 4124 -0.0713045 
17.54 4123 0.189956 
17.56 4122 0.445972 
17.58 4121 0.664719 
17.6 4120 0.819848 
17.62 4119 0.896249 
17.64 4118 0.890047 
17.66 4117 0.805598 
17.68 4116 0.652183 
17.7 4115 0.442554 
17.72 4114 0.194099 
17.74 4113 -0.0678572 
17.76 4112 -0.308724 
17.78 4111 -0.491739 
17.8 4110 -0.588695 
17.82 4109 -0.586802 
17.84 4108 -0.488762 
17.86 4107 -0.308739 
17.88 4106 -0.0695573 
17.9 4105 0.198435 
17.92 4104 0.459137 
17.94 4103 0.674872 
17.96 4102 0.813642 
17.98 4101 0.858184 
18 4100 0.812312 
18.02 4099 0.699127 
18.04 4098 0.552041 
18.06 4097 0.405067 
18.08 4096 0.285669 
18.1 4095 0.21064 
18.12 4094 0.184758 
18.14 4093 0.200298 
18.16 4092 0.239062 
18.18 4091 0.279508 
18.2 4090 0.305115 
18.22 4089 0.308347 
18.24 4088 0.288328 
18.26 4087 0.245473 
18.28 4086 0.179827 
18.3 4085 0.093841 
18.32 4084 -0.0043073 
18.34 4083 -0.0998765 
18.36 4082 -0.174925 
18.38 4081 -0.215323 
18.4 4080 -0.215201 
18.42 4079 -0.176279 
18.44 4078 -0.105051 
18.46 4077 -0.0111463 
18.48 4076 0.0926887 
18.5 4075 0.190549 
18.52 4074 0.265317 
18.54 4073 0.303733 
18.56 4072 0.303715 
18.58 4071 0.278204 
18.6 4070 0.249632 
18.62 4069 0.239533 
18.64 4068 0.260636 
18.66 4067 0.314979 
18.68 4066 0.395082 
18.7 4065 0.485973 
18.72 4064 0.569308 
18.74 4063 0.629185 
18.76 4062 0.656573 
18.78 4061 0.649216 
18.8 4060 0.608056 
18.82 4059 0.53535 
18.84 4058 0.436371 
18.86 4057 0.320999 
18.88 4056 0.201966 
18.9 4055 0.0907243 
18.92 4054 -0.00581085 
18.94 4053 -0.0856334 
18.96 4052 -0.150318 
18.98 4051 -0.203437 
19 4050 -0.248925 
19.02 4049 -0.289001 
19.04 4048 -0.32267 
19.06 4047 -0.346576 
19.08 4046 -0.357374 
19.1 4045 -0.354605 
19.12 4044 -0.342068 
19.14 4043 -0.325943 
19.16 4042 -0.312375 
19.18 4041 -0.305428 
19.2 4040 -0.304262 
19.22 4039 -0.301908 
19.24 4038 -0.288106 
19.26 4037 -0.255181 
19.28 4036 -0.203058 
19.3 4035 -0.139629 
19.32 4034 -0.0770714 
19.34 4033 -0.0269874 
19.36 4032 0.00249434 
19.38 4031 0.00648478 
19.4 4030 -0.0170279 
19.42 4029 -0.0662849 
19.44 4028 -0.136728 
19.46 4027 -0.225289 
19.48 4026 -0.33385 
19.5 4025 -0.467057 
19.52 4024 -0.625652 
19.54 4023 -0.800892 
19.56 4022 -0.973636 
19.58 4021 -1.11826 
19.6 4020 -1.20971 
19.62 4019 -1.2294 
19.64 4018 -1.1684 
19.66 4017 -1.02979 
19.68 4016 -0.829075 
19.7 4015 -0.591528 
19.72 4014 -0.346553 
19.74 4013 -0.120606 
19.76 4012 0.0689495 
19.78 4011 0.216375 
19.8 4010 0.324001 
19.82 4009 0.394561 
19.84 4008 0.426164 
19.86 4007 0.413306 
19.88 4006 0.351835 
19.9 4005 0.244469 
19.92 4004 0.104296 
19.94 4003 -0.0467235 
19.96 4002 -0.184201 
19.98 4001 -0.287468 
20 4000 -0.341765 
