#
350
0.005
3.495
0.005000 5559270.0 5787.06914001 3.11103e+06 3148.11
0.015000 1766230.0 5515.85773896 987022 2996.34
0.025000 1010070.0 5257.20014001 563666 2851.89
0.035000 687660.0 5010.82273896 383211 2714.39
0.045000 509778.0 4775.83814001 283685 2583.53
0.055000 397541.0 4552.02253896 220918 2458.97
0.065000 320614.0 4338.54304001 177919 2340.42
0.075000 264841.0 4135.22433896 146764 2227.58
0.085000 222730.0 3941.28154001 123255 2120.19
0.095000 189944.0 3756.58333896 104965 2017.97
0.105000 163799.0 3580.38794001 90390.3 1920.67
0.115000 142545.0 3412.60543896 78551.9 1828.07
0.125000 124995.0 3252.53444001 68784 1739.93
0.135000 110311.0 3100.11793896 60618.8 1656.04
0.145000 97889.1 2954.69474001 53717.5 1576.19
0.155000 87281.3 2816.23954896 47829.5 1500.19
0.165000 78148.3 2684.12271001 42764.8 1427.86
0.175000 70228.9 2558.35015896 38377.4 1359.01
0.185000 63318.7 2438.32156001 34552.9 1293.49
0.195000 57255.8 2324.07096896 31200.7 1231.12
0.205000 51909.9 2215.02394001 28248 1171.75
0.215000 47175.4 2111.24037896 25635.7 1115.25
0.225000 42965.7 2012.16972001 23315.5 1061.47
0.235000 39209.0 1917.89472896 21247.2 1010.29
0.245000 35845.7 1827.88742001 19397.5 961.574
0.255000 32825.6 1742.25079896 17738.4 915.205
0.265000 30106.3 1660.47686001 16246.2 871.071
0.275000 27651.5 1582.68740896 14900.7 829.065
0.285000 25430.6 1508.39361001 13684.7 789.084
0.295000 23416.9 1437.73298896 12583.5 751.031
0.305000 21587.4 1370.23390001 11584.2 714.811
0.315000 19922.2 1306.04984896 10675.7 680.338
0.325000 18404.1 1244.72404001 9848.38 647.527
0.335000 17017.7 1186.42319896 9093.79 616.298
0.345000 15749.8 1130.70545001 8404.5 586.574
0.355000 14588.6 1077.74957896 7773.99 558.283
0.365000 13523.8 1027.12639001 7196.49 531.356
0.375000 12546.1 979.025838957 6666.9 505.727
0.385000 11647.3 933.030640005 6180.67 481.334
0.395000 10820.3 889.341628957 5733.76 458.117
0.405000 10058.4 847.550270005 5322.59 436.019
0.415000 9355.84 807.868588957 4943.91 414.986
0.425000 8707.41 769.896798005 4594.83 394.968
0.435000 8108.42 733.855603957 4272.77 375.914
0.445000 7554.62 699.353544005 3975.39 357.78
0.455000 7042.2 666.619485957 3700.57 340.519
0.465000 6567.7 635.269524005 3446.41 324.091
0.475000 6128.01 605.539875957 3211.19 308.454
0.485000 5720.28 577.053429005 2993.35 293.572
0.495000 5341.96 550.053159957 2791.47 279.407
0.505000 4990.69 524.168025005 2604.27 265.925
0.515000 4664.34 499.647190957 2430.58 253.093
0.525000 4360.98 476.125323005 2269.33 240.88
0.535000 4078.82 453.856900957 2119.54 229.256
0.545000 3816.26 432.481949005 1980.33 218.192
0.555000 3571.79 412.259666957 1850.88 207.661
0.565000 3344.07 392.835080005 1730.46 197.639
0.575000 3131.85 374.471675957 1618.38 188.099
0.585000 2933.98 356.818805005 1514.02 179.02
0.595000 2749.42 340.144109957 1416.8 170.378
0.605000 2577.19 324.100707005 1326.19 162.153
0.615000 2416.41 308.960110957 1241.72 154.324
0.625000 2266.25 294.378864005 1162.94 146.873
0.635000 2125.97 280.631985957 1089.43 139.782
0.645000 1994.87 267.379045005 1020.82 133.032
0.655000 1872.3 254.898162957 956.764 126.608
0.665000 1757.67 242.851915005 896.935 120.493
0.675000 1650.43 231.521151957 841.036 114.674
0.685000 1550.08 220.571110005 788.794 109.135
0.695000 1456.13 210.285055957 739.954 103.863
0.705000 1368.16 200.330903005 694.282 98.8456
0.715000 1285.76 190.993999957 651.559 94.0699
0.725000 1208.57 181.944535005 611.584 89.5245
0.735000 1136.22 173.469734957 574.171 85.1983
0.745000 1068.4 165.242101005 539.146 81.0808
0.755000 1004.8 157.550574957 506.349 77.1618
0.765000 945.162 150.069621005 475.63 73.4318
0.775000 889.211 143.089596357 446.85 69.8817
0.785000 836.711 136.286850505 419.881 66.5028
0.795000 787.438 129.953233657 394.604 63.2869
0.805000 741.183 123.766586305 370.907 60.226
0.815000 697.752 118.020187357 348.687 57.3128
0.825000 656.964 112.393228705 327.846 54.5401
0.835000 618.651 107.180281357 308.297 51.9012
0.845000 582.656 102.061757005 289.954 49.3895
0.855000 548.831 97.333394957 272.741 46.9989
0.865000 517.039 92.676746905 256.585 44.7237
0.875000 487.154 88.388620257 241.417 42.5582
0.885000 459.056 84.151551905 227.176 40.4972
0.895000 432.633 80.263329057 213.802 38.5356
0.905000 407.782 76.407421205 201.24 36.6686
0.915000 384.405 72.882474857 189.439 34.8916
0.925000 362.41 69.372809705 178.351 33.2004
0.935000 341.714 66.177889857 167.932 31.5908
0.945000 322.236 62.982757905 158.139 30.0588
0.955000 303.902 60.087629457 148.934 28.6007
0.965000 286.642 57.178229705 140.28 27.213
0.975000 270.391 54.555438857 132.143 25.8922
0.985000 255.088 51.905605205 124.491 24.6352
0.995000 240.675 49.530205257 117.294 23.4388
1.005000 227.1 47.116172705 110.524 22.3001
1.015000 214.311 44.965495257 104.154 21.2163
1.025000 202.261 42.765659405 98.1617 20.1849
1.035000 190.907 40.819144757 92.5225 19.2032
1.045000 180.207 38.813884505 87.2153 18.2689
1.055000 170.122 37.052818457 82.2199 17.3797
1.065000 160.615 35.224310305 77.5175 16.5333
1.075000 151.653 33.631718957 73.0904 15.7279
1.085000 143.203 31.963770805 68.922 14.9613
1.095000 135.235 30.524213857 64.9967 14.2316
1.105000 127.721 29.002124305 61.3 13.5373
1.115000 120.634 27.701579757 57.8181 12.8764
1.125000 113.949 26.311986105 54.5384 12.2474
1.135000 107.643 25.137727257 51.4486 11.6488
1.145000 101.694 23.868490005 48.5376 11.079
1.155000 96.0804 22.808934657 45.7947 10.5368
1.165000 90.7834 21.649032765 43.21 10.0207
1.175000 85.7846 20.693681437 40.774 9.5296
1.185000 81.0668 19.633094665 38.4782 9.06216
1.195000 76.6137 18.772398277 36.3141 8.61729
1.205000 72.4101 17.802027235 34.274 8.1939
1.215000 68.4417 17.027314867 32.3507 7.79095
1.225000 64.695 16.138893925 30.5373 7.40746
1.235 54.98549 15.442287367 28.8275 7.04248
1.245 54.98549 14.780752322 27.2151 6.69513
1.255 54.98549 14.073148666 25.6945 6.36455
1.265 51.98796 13.400616523 24.2603 6.04994
1.275 49.15708 12.757853278 22.9075 5.75052
1.285 46.48288 12.147110983 21.6315 5.46556
1.295 43.95658 11.563243262 20.75612 5.26008
1.305 41.57009 11.008635561 19.60206 4.99881
1.315 39.31514 10.478263913 18.5132 4.75016
1.325 37.18437 9.974647379 17.4858 4.51353
1.335 35.17128 9.492878108 16.48355 4.28832
1.345 33.26909 9.035574203 15.64087 4.07399
1.355 31.47136 8.597939587 15.02532 3.87002
1.365 29.58708 8.182700347 14.40849 3.68035
1.375 28.35264 7.790212303 13.7907 3.48131
1.385 27.57066 7.403002747 13.2451 3.28571
1.395 26.532 7.026505021 12.59643 3.11075
1.405 25.56332 6.662759947 11.79137 2.93805
1.415 25.05427 6.308175729 11.04719 2.77923
1.425 23.44311 5.953724106 10.3972 2.62688
1.435 21.05994 5.640047094 9.76384 2.48497
1.445 19.49057 5.349303828 9.15751 2.34973
1.455 17.86298 5.076769621 8.47844 2.21877
1.465 15.95428 4.82949111 7.6952 2.09857
1.475 14.73649 4.609309217 6.9526 1.98544
1.485 14.04609 4.394764655 6.23744 1.89414
1.495 12.86516 4.192140344 5.59718 1.81494
1.505 11.98863 4.010096371 5.12041 1.72975
1.515 11.34837 3.831282581 4.80001 1.66277
1.525 10.70359 3.66624076 4.4877 1.58546
1.535 10.16328 3.504823086 4.18558 1.52413
1.545 9.79288 3.354228064 3.88322 1.4584
1.555 9.28687 3.202223094 3.64277 1.40249
1.565 8.77027 3.065406407 3.45074 1.34816
1.575 8.3736 2.927713643 3.22202 1.30075
1.585 7.91513 2.801638007 3.05671 1.24284
1.595 7.51928 2.676804022 2.97248 1.19999
1.605 7.22426 2.561772975 2.82194 1.15374
1.615 6.91364 2.444905276 2.64472 1.11274
1.625 6.53585 2.338462403 2.54068 1.06236
1.635 6.21485 2.232490151 2.45736 1.02854
1.645 5.88987 2.135236808 2.31955 0.98739
1.655 5.53418 2.038713428 2.20301 0.95376
1.665 5.26665 1.95205545 2.14861 0.91121
1.675 5.10487 1.863333983 2.07077 0.88249
1.685 4.95456 1.781042305 1.97434 0.84394
1.695 4.84402 1.696365311 1.88662 0.8144
1.705 4.72274 1.616830027 1.80406 0.78009
1.715 4.53272 1.535319877 1.71181 0.75236
1.725 4.28367 1.461357731 1.6921 0.72173
1.735 4.04785 1.387533262 1.64721 0.69732
1.745 3.74078 1.320897336 1.60138 0.66762
1.755 3.56137 1.25698004 1.59608 0.63503
1.765 3.42104 1.195893249 1.56569 0.61164
1.775 3.29801 1.136217328 1.46806 0.58305
1.785 3.23939 1.078813894 1.41769 0.55595
1.795 3.14441 1.020571105 1.37394 0.53281
1.805 2.96602 0.965929575 1.29359 0.50939
1.815 2.89811 0.913497783 1.23893 0.48433
1.825 2.77137 0.860728182 1.18404 0.46388
1.835 2.5604 0.812342778 1.12109 0.44173
1.845 2.53134 0.766761502 1.07518 0.42226
1.855 2.47428 0.718936332 1.00971 0.404
1.865 2.29077 0.674965714 0.9495 0.38411
1.875 2.23532 0.633490611 0.93487 0.3658
1.885 2.16899 0.591141214 0.89772 0.35263
1.895 1.96744 0.551719688 0.84462 0.3344
1.905 1.81989 0.516575238 0.86552 0.31665
1.915 1.73576 0.482381879 0.86668 0.3023
1.925 1.60756 0.45009563 0.82205 0.28759
1.935 1.54466 0.420490819 0.81111 0.26595
1.945 1.54675 0.390317288 0.78055 0.25513
1.955 1.55985 0.360322244 0.73147 0.2377
1.965 1.56303 0.329327153 0.70117 0.22433
1.975 1.5053 0.298895165 0.67506 0.21389
1.985 1.40385 0.269867803 0.64906 0.19672
1.995 1.31734 0.24316232 0.65753 0.18661
2.005 1.209 0.217305937 0.65063 0.17296
2.015 1.05701 0.19468142 0.60901 0.16023
2.025 0.98962 0.174708434 0.6122 0.14684
2.035 0.99705 0.15460181 0.60867 0.13332
2.045 0.92333 0.134128499 0.58734 0.12734
2.055 0.86467 0.116837613 0.57834 0.10831
2.065 0.8658 0.098590562 0.57031 0.10102
2.075 0.85966 0.081080073 0.55386 0.08595
2.085 0.78851 0.062914672 0.52812 0.07532
2.095 0.71934 0.048199206 0.50246 0.06764
2.105 0.72221 0.032774326 0.44974 0.05315
2.115 0.71862 0.017794165 0.42477 0.04611
2.125 0.64401 0.0023767 0.38778 0.03567
2.135 0.54109 -0.00957626 0.34943 0.03099
2.145 0.59572 -0.020727843 0.34039 0.02226
2.155 0.50381 -0.035132648 0.31893 0.01622
2.165 0.36637 -0.042442054 0.29386 0.00847
2.175 0.32216 -0.050996469 0.27154 2.82582E-4
2.185 0.30001 -0.056456014 0.25347 -0.00233
2.195 0.20519 -0.064106906 0.20846 -0.00797
2.205 0.18999 -0.065463855 0.17722 -0.01255
2.215 0.21752 -0.072485465 0.18008 -0.01808
2.225 0.18345 -0.075099991 0.17174 -0.01888
2.235 0.19687 -0.08064899 0.15159 -0.02219
2.245 0.17633 -0.08390008 0.13422 -0.02796
2.255 0.15079 -0.088566207 0.11333 -0.03076
2.265 0.09175 -0.090700709 0.09819 -0.03376
2.275 0.0745 -0.092722482 0.086 -0.03331
2.285 0.08391 -0.094090459 0.08927 -0.03321
2.295 0.09179 -0.096557169 0.08233 -0.03913
2.305 0.0949 -0.09830362 0.08646 -0.03917
2.315 0.14343 -0.100932059 0.08232 -0.04582
2.325 0.157 -0.104944429 0.0405 -0.04017
2.335 0.08968 -0.108232559 0.01323 -0.04621
2.345 0.04532 -0.109132485 0.02393 -0.04515
2.355 0.0327 -0.110358067 0.00826 -0.0425
2.365 -0.01832 -0.110672655 -0.00767 -0.0455
2.375 -0.01225 -0.109491531 0.01066 -0.04604
2.385 0.05597 -0.11009078 -0.00641 -0.04224
2.395 0.08074 -0.1121613 -0.03046 -0.04733
2.405 0.08214 -0.113958226 -0.01394 -0.04284
2.415 0.12261 -0.116112234 0.01573 -0.04365
2.425 0.11487 -0.119880289 0.0311 -0.04065
2.435 0.08424 -0.121683429 0.06974 -0.04426
2.445 0.11562 -0.123982777 0.08308 -0.04919
2.455 0.12406 -0.127337247 0.09594 -0.04863
2.465 0.13122 -0.130074123 0.1044 -0.05491
2.475 0.09019 -0.133806393 0.0671 -0.04969
2.485 0.0542 -0.134538528 0.04096 -0.05872
2.495 0.00114 -0.136500133 0.06046 -0.06051
2.505 -0.05396 -0.134595414 0.05521 -0.05387
2.515 -0.10162 -0.133796737 0.0223 -0.0598
2.525 -0.05257 -0.129483928 0.02729 -0.05986
2.535 -0.01021 -0.131141952 0.03219 -0.06236
2.545 0.00399 -0.128966281 0.01007 -0.06255
2.555 0.0849 -0.131345043 0.01259 -0.05868
2.565 0.13214 -0.133304671 0.01036 -0.06308
2.575 0.09939 -0.138123825 0.01625 -0.05911
2.585 0.08055 -0.138423256 0.05839 -0.06634
2.595 0.09292 -0.14228826 0.05417 -0.06128
2.605 0.02836 -0.143245804 0.02584 -0.06412
2.615 0.0127 -0.143765816 0.04108 -0.0728
2.625 0.03536 -0.143910014 0.0551 -0.06345
2.635 0.03661 -0.145622216 0.01212 -0.06868
2.645 0.00945 -0.145839361 0.00719 -0.06969
2.655 0.03843 -0.146122121 0.036 -0.07013
2.665 -0.01071 -0.147879994 -0.00478 -0.07001
2.675 -0.036 -0.145551278 -0.03518 -0.06814
2.685 -0.03528 -0.145953994 -0.03028 -0.07353
2.695 -0.05058 -0.143656742 -0.02297 -0.06354
2.705 -0.04407 -0.143227732 -0.01102 -0.06681
2.715 -0.00614 -0.141272555 0.0238 -0.0652
2.725 0.01812 -0.14289433 0.04748 -0.06676
2.735 0.01701 -0.142260095 0.04785 -0.07203
2.745 0.06228 -0.143824777 0.0464 -0.0716
2.755 0.04468 -0.145679267 0.03678 -0.07169
2.765 0.02792 -0.146286645 0.02415 -0.07339
2.775 -0.00963 -0.147223243 0.03636 -0.07124
2.785 -0.03971 -0.14575218 0.04048 -0.07768
2.795 -0.10023 -0.145011396 0.02744 -0.07265
2.805 -0.11894 -0.140149323 -0.00501 -0.08074
2.815 -0.11822 -0.138338862 -0.0149 -0.07563
2.825 -0.10359 -0.133493537 -0.02915 -0.07661
2.835 -0.08274 -0.132486027 -0.05445 -0.07083
2.845 -0.04058 -0.128802179 -0.03697 -0.07525
2.855 -0.01661 -0.130177025 -0.01093 -0.06989
2.865 -0.02902 -0.127853748 -0.01841 -0.07106
2.875 -0.04132 -0.128514179 -0.04011 -0.0707
2.885 -0.03472 -0.125477848 -0.0301 -0.07366
2.895 -0.03455 -0.126510835 -0.02866 -0.06715
2.905 -0.08292 -0.123477403 -0.03496 -0.06642
2.915 -0.06086 -0.121693183 -0.01324 -0.0658
2.925 -0.02561 -0.119929265 -0.00889 -0.06766
2.935 -0.08872 -0.120194998 -0.01544 -0.0666
2.945 -0.11497 -0.114721401 -0.01571 -0.07042
2.955 -0.08605 -0.113423265 -0.04884 -0.06052
2.965 -0.12426 -0.109635846 -0.07811 -0.06711
2.975 -0.16836 -0.106054647 -0.07135 -0.0617
2.985 -0.14192 -0.099618426 -0.05743 -0.05807
2.995 -0.14683 -0.097582023 -0.06847 -0.05577
3.005 -0.16358 -0.090823309 -0.05924 -0.05391
3.015 -0.17264 -0.087750865 -0.05052 -0.05659
3.025 -0.17603 -0.080413117 -0.0605 -0.05179
3.035 -0.14753 -0.07710105 -0.06543 -0.05019
3.045 -0.13855 -0.071458046 -0.07559 -0.0484
3.055 -0.13591 -0.068663355 -0.08618 -0.04292
3.065 -0.10496 -0.063153945 -0.07698 -0.04773
3.075 -0.08724 -0.062229307 -0.05774 -0.03765
3.085 -0.12436 -0.057788685 -0.07152 -0.03797
3.095 -0.14429 -0.054556295 -0.07603 -0.03705
3.105 -0.11149 -0.048857134 -0.05751 -0.03654
3.115 -0.1096 -0.047632766 -0.06364 -0.03208
3.125 -0.11738 -0.042029054 -0.06817 -0.02977
3.135 -0.07519 -0.040296516 -0.06202 -0.02795
3.145 -0.05562 -0.037314641 -0.05083 -0.02723
3.155 -0.06795 -0.036798018 -0.04812 -0.02507
3.165 -0.06598 -0.033026996 -0.04473 -0.02413
3.175 -0.0596 -0.032621484 -0.04685 -0.02174
3.185 -0.06369 -0.029242396 -0.06034 -0.0208
3.195 -0.04964 -0.028564431 -0.05144 -0.02024
3.205 -0.06158 -0.0260704 -0.03981 -0.01719
3.215 -0.06255 -0.024617153 -0.04843 -0.01277
3.225 -0.04023 -0.022048435 -0.04241 -0.01667
3.235 -0.05785 -0.022022318 -0.02844 -0.01313
3.245 -0.07623 -0.01830554 -0.03146 -0.01236
3.255 -0.05284 -0.017074991 -0.03847 -0.01142
3.265 -0.05426 -0.014865656 -0.0317 -0.00932
3.275 -0.07393 -0.013531813 -0.02675 -0.0099
3.285 -0.03095 -0.010023241 -0.02563 -0.00739
3.295 -0.00754 -0.011498398 -0.02095 -0.00775
3.305 -0.02326 -0.009526355 -0.01708 -0.00729
3.315 0.00594 -0.009960912 -0.01867 -0.00503
3.325 0.00937 -0.009920177 -0.01683 -0.00729
3.335 -0.01412 -0.010584017 -0.01368 -0.00436
3.345 0.00149 -0.008978373 -0.01734 -0.00458
3.355 0.01324 -0.010683698 -0.01814 -0.00487
3.365 -0.0041 -0.009866777 -0.01634 -0.00287
3.375 0.01039 -0.010407768 -0.01648 -0.00365
3.385 -0.00433 -0.010568102 -0.014 -0.00193
3.395 -0.02623 -0.010114627 -0.00523 -0.00151
3.405 -0.02758 -0.008787085 -5.33074E-5 -0.0024
3.415 -0.03742 -0.008236429 0.00155 -6.19273E-4
3.425 -0.04962 -0.006231299 0.00492 -0.00415
3.435 -0.04174 -0.004837459 0.0091 -0.00143
3.445 -0.02928 -0.003363761 0.00397 -0.00252
3.455 -0.03383 -0.002820067 0.0016 -0.00307
3.465 -0.02961 -0.001026108 0.00633 -0.00307
3.475 -0.02029 -0.000768094 0.00158 -0.00307
3.485 -0.01102 0.000384047 0 0.0
3.495 0.0 0 0 0.0
