10.00 -0.6362 0.3100 0.0309
20.00 -1.3122 0.5434 0.1593
30.00 -1.2979 0.6018 0.1342
40.00 -1.1299 0.3501 0.1668
50.00 -1.3096 0.3848 0.1845
60.00 -1.1105 0.4236 0.2023
70.00 -0.9322 0.8034 0.3206
80.00 -1.3515 0.8630 0.3660
90.00 -1.2286 0.8802 0.3163
100.00 -1.2031 1.3502 0.1074
110.00 -0.8922 1.5892 -0.0265
120.00 -1.5012 1.8622 -0.2542
130.00 -1.5726 1.6560 -0.1839
140.00 -1.7040 1.4276 -0.0047
150.00 -1.6638 1.2645 0.1311
160.00 -1.8149 0.9890 -0.2045
170.00 -2.1374 0.7197 -0.4582
180.00 -2.5007 0.3411 -0.5897
190.00 -2.7536 0.5375 -0.4134
200.00 -2.4476 0.5784 -0.4284
210.00 -2.1815 0.6924 -0.1915
220.00 -2.1948 0.7987 -0.2019
230.00 -2.2343 0.9609 -0.3759
240.00 -2.6639 0.4577 -0.5574
250.00 -2.8141 0.2814 -0.6873
260.00 -3.0638 0.2949 -0.6400
270.00 -3.3608 0.3390 -0.7679
280.00 -3.7974 0.4682 -0.4440
290.00 -4.1268 0.6106 -0.3846
300.00 -4.6095 0.6508 -0.2384
310.00 -4.4250 0.8241 -0.3823
320.00 -4.4328 0.6948 -0.1517
330.00 -4.4078 0.7199 -0.1325
340.00 -4.2890 0.6678 -0.1649
350.00 -4.2501 0.8456 0.1761
360.00 -4.4681 1.0696 0.3304
370.00 -4.6547 1.1176 -0.0411
380.00 -4.4127 1.2757 0.2009
390.00 -4.8551 1.8465 0.5911
400.00 -4.9870 1.8612 1.0325
410.00 -4.8547 1.8611 1.2154
420.00 -4.8191 1.5778 1.3466
430.00 -4.9926 1.4855 1.1356
440.00 -5.2160 1.9372 1.0899
450.00 -5.1420 1.9282 1.1855
460.00 -5.2727 2.4130 1.1798
470.00 -5.7818 2.5435 1.3056
480.00 -6.1094 2.8208 1.4162
490.00 -6.0090 2.8244 1.1605
500.00 -6.5149 2.7194 0.8500
510.00 -6.7166 3.0031 0.8891
520.00 -6.5654 3.0812 1.2283
530.00 -6.7661 2.9426 1.2359
540.00 -6.8336 2.9881 1.3304
550.00 -7.0165 2.9592 0.7755
560.00 -7.1320 2.8717 0.6317
570.00 -7.2200 3.2014 0.6615
580.00 -7.2145 3.0924 0.9632
590.00 -7.4766 3.1364 0.5225
600.00 -6.9306 3.1464 0.4490
610.00 -6.9640 2.9133 0.6660
620.00 -7.0647 2.5067 0.6184
630.00 -7.3753 2.3729 0.7384
640.00 -7.4615 2.6394 0.7619
650.00 -7.8045 2.6010 0.1869
660.00 -7.4305 2.8042 0.3028
670.00 -7.6887 3.2714 0.8088
680.00 -8.2075 3.3328 0.9678
690.00 -8.1377 3.1365 0.8098
700.00 -8.1800 3.3001 1.2787
710.00 -8.2896 3.7355 1.0874
720.00 -8.3334 3.7436 0.9507
730.00 -8.3501 3.4344 1.1240
740.00 -8.6318 3.6642 1.2994
750.00 -8.5962 3.6429 0.8964
760.00 -8.4966 3.9990 1.3173
770.00 -8.3482 4.1959 1.2605
780.00 -8.1397 3.6292 1.5781
790.00 -8.2358 3.2639 1.9707
800.00 -8.7368 3.3801 1.5968
810.00 -8.8856 3.6624 1.5549
820.00 -8.9759 3.6119 1.8173
830.00 -8.8815 3.9575 1.8838
840.00 -8.7477 4.0328 1.9376
850.00 -8.8491 4.0513 1.7500
860.00 -8.5712 4.2418 1.8857
870.00 -8.6991 4.6612 1.3931
880.00 -8.5330 4.8866 1.7536
890.00 -8.4848 4.7330 1.8657
900.00 -8.4291 4.7897 2.0663
910.00 -8.2939 4.6570 2.4132
920.00 -8.4011 4.5248 2.7040
930.00 -8.4786 4.5546 2.6209
940.00 -8.5580 4.1960 2.8175
950.00 -8.7399 3.9275 2.5881
960.00 -8.7517 3.7712 2.6622
970.00 -9.0361 3.5586 2.8435
980.00 -9.0872 3.1924 2.5719
990.00 -8.8947 2.9613 2.4787
1000.00 -8.7562 2.9249 2.6745
1010.00 -8.6983 2.7972 2.8414
1020.00 -8.8982 2.7820 2.8533
1030.00 -8.8401 2.5965 2.7666
1040.00 -8.6702 2.5188 3.0868
1050.00 -9.1301 2.4860 2.9335
1060.00 -9.0973 2.5937 3.2280
1070.00 -8.9611 2.7797 3.4418
1080.00 -9.0217 2.4294 3.4336
1090.00 -9.1277 1.8769 3.0135
1100.00 -9.1771 1.9130 3.2234
1110.00 -9.1933 1.8563 3.3831
1120.00 -9.5905 1.7103 3.1842
1130.00 -9.8307 1.6264 3.0752
1140.00 -9.3949 1.4932 3.1902
1150.00 -9.6364 1.4610 3.2884
1160.00 -9.7079 1.3145 3.2833
1170.00 -9.6124 1.2239 3.7961
1180.00 -9.9049 0.9242 3.8986
1190.00 -10.2210 1.3987 4.2159
1200.00 -9.9868 1.5444 4.6432
1210.00 -9.5033 1.5957 4.6454
1220.00 -9.6531 1.3447 4.3850
1230.00 -9.0802 1.3347 4.7056
1240.00 -9.1043 0.9776 4.9326
1250.00 -9.0183 0.5273 5.2391
1260.00 -9.2381 0.4594 5.0787
1270.00 -9.4726 -0.0969 5.0209
1280.00 -9.4555 -0.0425 5.0754
1290.00 -9.2867 0.2514 4.9291
1300.00 -9.3532 0.4899 5.0357
1310.00 -9.5204 0.6050 4.8527
1320.00 -9.1104 0.5994 4.7990
1330.00 -8.9254 0.2919 5.2235
1340.00 -9.0731 0.2748 5.5036
1350.00 -9.2480 0.0409 5.0993
1360.00 -9.5296 0.1117 4.8696
1370.00 -9.3982 -0.0723 4.7582
1380.00 -9.2999 -0.2714 4.3160
1390.00 -9.4389 0.0856 4.2927
1400.00 -9.3720 0.1070 4.1513
1410.00 -8.7736 -0.2074 3.9103
1420.00 -8.4875 -0.5613 3.9473
1430.00 -8.2528 -1.0184 4.0948
1440.00 -8.3748 -0.9337 4.2468
1450.00 -8.6428 -1.0096 4.1613
1460.00 -8.9222 -1.1722 4.0902
1470.00 -9.0020 -1.7982 3.9135
1480.00 -9.2275 -1.9367 3.8127
1490.00 -9.1448 -2.1086 3.6393
1500.00 -8.8244 -2.2976 3.5718
1510.00 -8.5210 -2.7312 3.5625
1520.00 -8.4079 -2.6611 3.1871
1530.00 -8.1418 -3.2779 3.3449
1540.00 -8.4077 -2.9453 3.7532
1550.00 -8.4183 -3.1292 3.6546
1560.00 -8.6778 -2.7793 3.6212
1570.00 -8.9625 -2.8982 3.1526
1580.00 -8.5537 -2.1854 2.9759
1590.00 -8.6058 -2.1648 3.2055
1600.00 -8.6138 -2.1099 3.0534
1610.00 -8.6614 -2.0061 2.9906
1620.00 -8.7596 -1.6914 2.5375
1630.00 -8.9990 -1.7934 2.6900
1640.00 -9.3335 -1.9190 2.8346
1650.00 -9.2540 -2.6672 2.4231
1660.00 -9.5953 -2.8037 2.2824
1670.00 -9.7647 -3.2153 2.5621
1680.00 -9.4201 -3.5207 2.6275
1690.00 -9.3989 -3.4327 2.5390
1700.00 -9.1987 -3.4080 2.5387
1710.00 -9.2377 -3.4756 2.3025
1720.00 -9.0984 -3.3949 2.5959
1730.00 -8.7934 -3.5724 1.9292
1740.00 -8.5285 -3.4899 2.3134
1750.00 -8.4605 -3.6522 2.4999
1760.00 -8.2910 -3.7937 2.6238
1770.00 -7.9936 -3.7195 2.5950
1780.00 -8.0485 -3.4118 2.3606
1790.00 -8.2990 -2.9047 2.3029
1800.00 -8.0560 -2.6148 2.2421
1810.00 -7.9259 -2.7360 2.2412
1820.00 -7.7313 -2.9256 2.3472
1830.00 -7.9715 -2.9754 2.4270
1840.00 -8.1689 -2.6206 2.6473
1850.00 -8.0623 -2.6243 2.8259
1860.00 -7.9140 -2.6406 2.7571
1870.00 -7.6950 -2.8566 2.7584
1880.00 -8.0523 -3.2016 2.5591
1890.00 -8.2217 -3.1153 2.8920
1900.00 -8.4351 -2.7599 2.9482
1910.00 -8.1486 -2.7409 2.9745
1920.00 -8.3594 -2.6949 2.6899
1930.00 -8.4956 -2.7323 2.9286
1940.00 -8.5539 -2.4306 2.6848
1950.00 -8.7263 -2.2164 2.6753
1960.00 -8.9446 -1.9021 2.8115
1970.00 -9.0021 -1.9258 2.8963
1980.00 -9.1769 -1.6716 3.0451
1990.00 -9.4680 -1.8403 2.7285
2000.00 -9.6886 -2.2518 2.9092
2010.00 -9.9260 -2.4410 3.1918
2020.00 -10.0791 -2.2391 3.1448
2030.00 -10.0399 -2.1283 2.6846
2040.00 -10.5242 -1.5948 2.4902
2050.00 -10.4427 -1.7574 2.3749
2060.00 -10.4750 -1.5807 2.5617
2070.00 -10.3978 -1.9023 2.4873
2080.00 -10.9089 -1.7899 2.6934
2090.00 -10.9472 -1.7685 2.7235
2100.00 -10.6571 -1.8907 2.8393
2110.00 -11.1567 -1.8098 3.0450
2120.00 -10.8784 -1.8544 3.1374
2130.00 -10.9037 -2.0590 3.2303
2140.00 -11.1610 -2.0424 2.9945
2150.00 -11.0973 -2.2179 2.8304
2160.00 -10.9182 -2.1949 3.0189
2170.00 -10.7442 -2.3543 3.0446
2180.00 -10.6403 -2.4221 3.3600
2190.00 -10.1974 -2.0531 3.9074
2200.00 -9.9284 -1.8487 3.5750
2210.00 -10.4459 -2.2055 3.6378
2220.00 -10.3864 -2.2809 3.5799
2230.00 -10.4333 -2.4821 3.4714
2240.00 -10.1683 -2.9267 3.3418
2250.00 -10.5715 -3.0151 3.6749
2260.00 -10.2298 -2.6880 3.9034
2270.00 -9.8497 -2.0762 4.2041
2280.00 -9.7563 -2.2269 4.0606
2290.00 -9.7116 -2.3115 4.3393
2300.00 -9.8863 -2.2095 4.3006
2310.00 -9.9492 -1.9864 4.2111
2320.00 -9.5592 -1.8049 3.6664
2330.00 -9.6014 -1.5819 3.4935
2340.00 -9.9771 -1.4280 3.7234
2350.00 -9.9925 -1.4175 3.8166
2360.00 -10.0389 -1.6694 3.8918
2370.00 -9.6800 -1.7868 3.9645
2380.00 -9.9033 -1.6990 4.1379
2390.00 -10.2425 -1.4925 4.0727
2400.00 -10.0087 -1.5492 4.3252
2410.00 -9.9807 -1.7842 4.3610
2420.00 -9.9152 -1.7156 4.1433
2430.00 -10.0354 -1.6940 4.0052
2440.00 -10.2825 -1.9142 3.9483
2450.00 -10.3572 -2.0338 3.9949
2460.00 -10.6300 -2.0515 3.3671
2470.00 -11.2155 -2.0453 3.3040
2480.00 -11.6525 -1.9133 2.9555
2490.00 -11.1608 -1.7884 2.6858
2500.00 -11.0722 -1.3113 2.5578
2510.00 -11.1894 -0.9662 2.9441
2520.00 -11.5698 -0.6117 3.0468
2530.00 -11.3880 -0.5969 3.3567
2540.00 -11.4833 -0.4457 2.9781
2550.00 -10.9985 -0.9663 2.8444
2560.00 -11.3370 -0.9990 2.7901
2570.00 -11.4398 -0.9482 2.8126
2580.00 -11.7022 -0.7174 3.2083
2590.00 -11.8199 -0.7263 3.4441
2600.00 -12.1540 -0.5850 3.3997
2610.00 -12.1573 -0.2059 3.7357
2620.00 -12.1016 -0.4445 3.9597
2630.00 -12.3348 -0.2934 3.9011
2640.00 -12.6025 -0.3073 3.9442
2650.00 -12.7362 -0.2129 3.9165
2660.00 -12.4106 -0.0531 3.8371
2670.00 -12.4305 -0.2424 3.7468
2680.00 -11.9072 -0.3635 3.5079
2690.00 -11.5724 -0.1078 3.5795
2700.00 -11.4388 0.0026 3.5811
2710.00 -11.1964 0.1533 3.6934
2720.00 -11.3307 0.2722 3.4656
2730.00 -11.7809 0.4761 3.4905
2740.00 -12.0456 0.2202 3.4078
2750.00 -11.9374 0.0611 3.4508
2760.00 -12.0765 -0.4282 3.6650
2770.00 -12.1605 -0.5612 3.7561
2780.00 -12.3757 -0.7312 3.6407
2790.00 -12.6968 -0.9740 3.4691
2800.00 -13.0551 -0.8509 3.6146
2810.00 -12.8683 -0.9477 3.7705
2820.00 -13.1879 -0.7327 3.7011
2830.00 -13.1145 -1.3785 3.7927
2840.00 -12.9156 -1.2277 3.8662
2850.00 -12.6589 -1.2792 4.1725
2860.00 -12.7122 -1.4984 4.4346
2870.00 -12.5870 -1.0194 4.4619
2880.00 -12.6220 -0.8751 4.4056
2890.00 -12.8243 -0.7598 4.3360
2900.00 -12.7390 -0.9357 4.2161
2910.00 -12.9751 -0.9277 4.3998
2920.00 -13.0852 -0.7211 4.4774
2930.00 -12.9922 -0.7690 4.4414
2940.00 -12.7974 -0.9459 4.3293
2950.00 -12.6197 -1.0641 4.6899
2960.00 -12.9207 -1.3102 4.8240
2970.00 -12.8216 -1.5680 4.7375
2980.00 -12.9148 -1.4102 4.5863
2990.00 -13.0915 -1.2402 4.7282
3000.00 -13.3504 -1.2943 5.0037
3010.00 -13.6211 -1.3888 5.3114
3020.00 -13.6185 -1.1089 5.3606
3030.00 -13.7964 -0.8175 5.5769
3040.00 -13.8787 -0.8858 5.7990
3050.00 -13.6192 -1.0018 5.5113
3060.00 -13.5340 -1.1836 5.4928
3070.00 -13.4854 -1.0931 5.4672
3080.00 -13.5953 -1.3597 5.3904
3090.00 -13.7695 -1.2113 6.0394
3100.00 -13.8327 -1.2106 6.2410
3110.00 -13.9380 -1.3792 6.0305
3120.00 -14.0121 -1.6183 5.8988
3130.00 -14.0775 -1.8926 5.5598
3140.00 -14.0653 -2.0280 5.3590
3150.00 -14.0040 -1.9708 5.2018
3160.00 -13.6994 -1.9601 5.0335
3170.00 -13.4635 -1.7448 5.0246
3180.00 -13.1717 -1.1252 5.0514
3190.00 -12.9765 -1.1777 5.0242
3200.00 -13.0903 -0.9260 4.8952
3210.00 -13.2124 -0.9086 4.4956
3220.00 -13.4513 -1.1079 4.5840
3230.00 -13.4818 -1.2615 4.5185
3240.00 -13.2573 -1.0423 4.7563
3250.00 -13.5451 -0.9316 5.0095
3260.00 -13.4969 -1.0489 5.0175
3270.00 -13.7502 -1.0451 4.7428
3280.00 -13.8342 -1.0224 4.8013
3290.00 -13.8481 -1.0222 4.6638
3300.00 -14.0697 -0.7594 4.5827
3310.00 -13.8531 -0.9384 4.4837
3320.00 -13.6142 -1.1769 4.7525
3330.00 -13.6757 -1.2633 4.9792
3340.00 -13.8144 -1.2410 5.1648
3350.00 -13.8209 -1.3069 5.4821
3360.00 -14.4325 -1.3645 5.6072
3370.00 -14.5872 -1.2466 5.7786
3380.00 -14.4956 -1.3801 5.9673
3390.00 -14.4364 -1.3331 5.9462
3400.00 -14.0834 -1.3535 5.6459
3410.00 -14.1671 -0.8873 5.4294
3420.00 -14.1601 -0.9232 5.4920
3430.00 -14.5282 -0.3618 5.5519
3440.00 -14.4715 -0.2579 5.5313
3450.00 -14.1252 -0.5234 5.3850
3460.00 -14.1867 -0.5630 5.4551
3470.00 -13.9344 -0.7124 5.3366
3480.00 -13.8485 -0.5171 5.3468
3490.00 -13.9035 -0.2149 5.3714
3500.00 -13.9361 -0.1161 5.3212
3510.00 -14.0801 -0.3597 5.1573
3520.00 -14.1072 -0.6504 5.4027
3530.00 -14.5076 -0.3317 5.2737
3540.00 -14.4582 -0.6543 5.2506
3550.00 -14.8331 -0.8830 5.6755
3560.00 -15.0076 -0.7204 5.6727
3570.00 -15.2678 -0.8729 5.6043
3580.00 -15.2481 -1.1472 5.6925
3590.00 -15.6282 -1.0968 5.7482
3600.00 -15.5090 -0.9783 5.9113
3610.00 -15.7989 -0.7202 6.0718
3620.00 -15.8194 -0.7688 6.4979
3630.00 -16.0070 -0.5241 6.0266
3640.00 -16.3251 -0.5659 5.8519
3650.00 -16.1103 -0.5510 6.1185
3660.00 -16.1444 -0.4710 6.3121
3670.00 -16.2887 -0.7051 6.2196
3680.00 -16.2647 -0.5117 6.4741
3690.00 -16.3200 -0.6562 6.5678
3700.00 -16.1925 -0.8659 6.4184
3710.00 -16.0834 -1.3798 6.2861
3720.00 -16.0724 -1.4747 6.1142
3730.00 -16.4515 -1.5776 6.2668
3740.00 -16.2788 -1.4748 6.0528
3750.00 -15.9532 -1.5667 6.1193
3760.00 -15.8988 -1.5004 6.3019
3770.00 -16.3175 -1.3446 6.4681
3780.00 -16.5663 -1.3772 6.8550
3790.00 -16.6638 -1.2388 6.8185
3800.00 -16.4822 -1.1705 6.8616
3810.00 -16.7487 -1.4029 6.8971
3820.00 -16.5942 -1.4944 7.0366
3830.00 -16.2221 -1.3277 6.9588
3840.00 -16.2051 -1.5930 7.3740
3850.00 -15.9318 -1.7783 6.8970
3860.00 -15.6024 -2.1115 6.9797
3870.00 -15.8986 -2.7453 7.3057
3880.00 -16.2099 -2.8070 7.3994
3890.00 -16.4696 -2.7551 7.5324
3900.00 -16.7209 -2.4576 7.7497
3910.00 -16.9074 -3.0503 7.7119
3920.00 -16.5473 -3.1573 7.8592
3930.00 -16.3909 -3.2352 7.7188
3940.00 -15.9067 -3.6119 8.0446
3950.00 -15.6497 -3.8691 8.2438
3960.00 -15.8019 -3.9201 8.2473
3970.00 -15.7115 -3.9840 8.5703
3980.00 -15.5695 -4.0558 8.4297
3990.00 -15.4637 -4.1138 8.3617
4000.00 -15.0800 -4.1652 8.5075
4010.00 -15.1289 -4.3785 8.2180
4020.00 -15.6199 -4.8273 8.3990
4030.00 -15.6996 -4.7058 8.2157
4040.00 -15.3887 -5.0237 8.2750
4050.00 -15.3366 -4.7724 8.6292
4060.00 -15.0299 -4.6415 8.7146
4070.00 -15.2305 -4.2105 8.4231
4080.00 -15.0421 -4.2476 8.2818
4090.00 -15.1118 -4.4079 8.1378
4100.00 -14.9260 -4.4495 8.3949
4110.00 -14.9089 -4.1482 8.3386
4120.00 -14.7197 -3.8106 8.4353
4130.00 -14.6877 -3.4693 8.5633
4140.00 -14.6256 -3.1952 8.7914
4150.00 -14.6970 -2.9728 8.6612
4160.00 -14.3402 -2.6364 8.7023
4170.00 -13.7451 -2.8523 8.5039
4180.00 -13.8520 -3.0217 8.7918
4190.00 -13.9881 -3.1764 8.9869
4200.00 -13.4386 -3.3341 9.0372
4210.00 -13.6256 -3.7239 8.8963
4220.00 -13.8590 -3.6535 8.6357
4230.00 -14.2589 -3.4586 8.6382
4240.00 -14.0308 -3.4868 8.4556
4250.00 -14.0366 -3.4035 8.5725
4260.00 -13.6934 -3.1887 9.0650
4270.00 -13.6148 -3.3990 9.3329
4280.00 -13.0417 -3.7006 9.3445
4290.00 -12.3279 -3.7652 9.6931
4300.00 -12.6074 -3.9026 9.6160
4310.00 -12.5600 -3.6482 9.7966
4320.00 -12.9649 -3.6567 9.7950
4330.00 -13.0240 -3.6955 10.0997
4340.00 -13.0650 -4.1114 10.1810
4350.00 -13.8249 -3.7404 10.1299
4360.00 -14.1498 -3.6051 10.1700
4370.00 -14.1922 -3.6057 10.0968
4380.00 -14.3023 -3.6416 10.2913
4390.00 -14.2587 -3.7619 9.9499
4400.00 -14.4933 -3.4860 9.9291
4410.00 -14.3865 -3.6538 9.8024
4420.00 -14.7474 -3.4402 9.4202
4430.00 -14.6319 -3.8017 9.4404
4440.00 -14.0037 -4.2163 9.5934
4450.00 -14.0414 -4.4819 9.4632
4460.00 -14.0981 -4.1338 9.1587
4470.00 -14.3550 -4.0730 9.1752
4480.00 -14.5374 -4.4506 9.3446
4490.00 -14.4680 -4.2907 9.6624
4500.00 -14.3549 -4.2934 10.0727
4510.00 -14.2079 -4.2714 9.6934
4520.00 -13.9022 -3.7716 9.6400
4530.00 -13.9592 -3.9235 9.1062
4540.00 -14.4243 -3.7166 9.0925
4550.00 -14.4640 -3.6462 9.2633
4560.00 -14.4949 -3.4545 9.3167
4570.00 -14.6176 -3.7516 9.8760
4580.00 -14.5630 -3.4630 9.6543
4590.00 -14.5796 -3.4935 9.7242
4600.00 -14.6888 -3.3232 9.7737
4610.00 -14.6561 -3.3838 9.8272
4620.00 -14.3997 -3.2222 9.4999
4630.00 -14.3757 -2.9489 9.3546
4640.00 -14.6408 -3.1378 9.3069
4650.00 -14.5798 -3.4821 9.3785
4660.00 -14.5811 -3.5923 9.3861
4670.00 -14.6989 -3.6102 8.7063
4680.00 -15.3783 -3.5699 8.4423
4690.00 -15.2771 -3.6202 8.3523
4700.00 -15.6291 -3.3493 8.3245
4710.00 -15.8698 -2.7060 8.4947
4720.00 -15.8917 -2.8083 8.7018
4730.00 -15.9059 -3.0865 8.9643
4740.00 -16.0316 -3.4806 8.9088
4750.00 -15.8158 -3.2206 8.9875
4760.00 -15.4931 -2.9843 9.2310
4770.00 -15.1149 -2.8197 9.0629
4780.00 -14.6808 -2.6843 9.2685
4790.00 -14.7219 -2.5672 9.2652
4800.00 -14.8446 -2.6743 9.1201
4810.00 -14.7398 -2.8539 8.8317
4820.00 -14.6250 -2.6813 9.1134
4830.00 -15.1531 -2.6776 8.8576
4840.00 -15.5177 -2.8029 8.7540
4850.00 -15.7042 -2.3793 8.5821
4860.00 -15.9282 -2.4190 8.4034
4870.00 -15.7522 -2.4136 8.8409
4880.00 -15.6242 -2.0310 8.8795
4890.00 -15.5877 -1.8276 8.8342
4900.00 -15.7541 -1.7493 8.9143
4910.00 -16.0802 -1.7068 8.7821
4920.00 -16.4405 -1.6371 8.8978
4930.00 -16.4063 -1.7414 8.6916
4940.00 -16.7848 -1.5077 8.7866
4950.00 -16.8125 -1.5793 9.2195
4960.00 -17.6021 -1.9261 9.1468
4970.00 -17.7490 -1.5895 8.7263
4980.00 -17.8869 -2.0537 8.7126
4990.00 -18.0549 -2.2182 8.7227
5000.00 -18.5580 -2.6665 8.9497
5010.00 -18.5025 -2.7143 9.1208
5020.00 -18.3382 -2.6370 9.4209
5030.00 -18.2313 -2.4904 9.6459
5040.00 -18.1439 -2.6034 9.3432
5050.00 -18.0729 -2.7095 9.3165
5060.00 -18.0129 -3.1159 9.5080
5070.00 -17.8908 -2.7686 9.6506
5080.00 -17.8192 -2.7947 9.7037
5090.00 -17.8110 -2.6562 10.3303
5100.00 -17.6066 -2.4052 10.8447
5110.00 -17.2706 -2.3992 10.7379
5120.00 -17.2979 -2.3485 10.5000
5130.00 -17.4953 -2.8483 10.4232
5140.00 -17.6723 -2.9430 10.5247
5150.00 -17.7311 -2.5903 10.7004
5160.00 -17.5410 -2.3306 10.8524
5170.00 -17.6464 -2.5736 11.0843
5180.00 -17.5863 -2.5099 11.2847
5190.00 -17.4073 -2.6662 11.1923
5200.00 -17.2203 -2.6621 11.3899
5210.00 -17.3656 -2.8828 11.7526
5220.00 -17.2772 -2.8988 11.7297
5230.00 -17.3045 -2.4176 12.2719
5240.00 -17.4141 -2.1992 12.1122
5250.00 -17.3888 -2.1392 12.2472
5260.00 -16.9808 -2.2017 12.2993
5270.00 -17.1833 -1.9414 12.4420
5280.00 -17.1012 -1.9575 12.5057
5290.00 -17.3745 -1.9918 12.3691
5300.00 -17.5335 -1.9914 12.4430
5310.00 -17.6558 -1.9163 12.3124
5320.00 -17.7935 -1.9758 12.1558
5330.00 -18.3804 -1.5909 12.4228
5340.00 -18.3560 -0.8336 12.6569
5350.00 -18.2608 -1.2400 12.4390
5360.00 -18.5756 -1.5729 12.0474
5370.00 -18.3653 -1.7822 11.8958
5380.00 -18.2678 -1.7467 12.3509
5390.00 -18.2952 -2.1740 12.5878
5400.00 -18.4514 -2.2676 13.1190
5410.00 -18.5537 -2.5641 13.0410
5420.00 -18.8729 -2.8401 12.9367
5430.00 -18.6718 -2.7923 12.9309
5440.00 -18.5271 -2.9136 12.9083
5450.00 -18.7749 -2.8100 13.0646
5460.00 -19.0956 -3.1444 12.9274
5470.00 -19.5444 -2.5899 12.6165
5480.00 -19.5775 -2.4682 12.4190
5490.00 -19.5549 -2.2824 12.5284
5500.00 -19.4488 -2.3667 13.0601
5510.00 -18.8783 -1.9096 13.1581
5520.00 -18.9398 -2.1389 13.6156
5530.00 -19.1077 -1.8105 13.7181
5540.00 -19.2831 -1.4681 13.4234
5550.00 -19.1983 -1.8417 13.3635
5560.00 -19.3112 -2.0144 13.4267
5570.00 -19.1064 -2.6454 13.7001
5580.00 -19.0957 -2.7421 13.4568
5590.00 -19.0045 -2.7246 13.4237
5600.00 -19.0208 -2.6865 13.4634
5610.00 -19.0052 -2.6801 13.8491
5620.00 -18.7120 -3.1122 14.1894
5630.00 -19.0260 -3.1915 14.5387
5640.00 -19.6994 -2.7293 14.7150
5650.00 -19.8129 -2.4053 14.5745
5660.00 -20.0310 -2.9213 14.4700
5670.00 -20.1028 -2.8340 14.6497
5680.00 -20.0447 -3.0781 14.9755
5690.00 -19.7973 -3.0648 14.8694
5700.00 -19.7863 -2.9884 15.2359
5710.00 -19.6867 -2.9074 15.5441
5720.00 -19.8470 -2.6004 15.7024
5730.00 -19.7836 -2.4721 15.9019
5740.00 -19.7894 -2.3834 15.7779
5750.00 -19.5424 -2.4530 15.6584
5760.00 -19.7613 -2.5767 15.7018
5770.00 -20.5628 -2.7988 15.3133
5780.00 -20.9068 -2.5821 15.7897
5790.00 -21.2252 -2.5607 15.9733
5800.00 -21.6979 -2.3649 15.5736
5810.00 -21.5737 -2.4859 15.5402
5820.00 -21.6603 -2.8266 15.6787
5830.00 -21.8890 -2.7155 15.7341
5840.00 -21.7760 -2.9367 15.3014
5850.00 -21.5996 -2.6174 15.4307
5860.00 -21.5510 -2.4946 15.3554
5870.00 -21.1648 -2.3126 15.3767
5880.00 -21.2808 -2.2555 15.5913
5890.00 -21.2862 -2.2411 15.8010
5900.00 -21.4184 -2.5865 15.9621
5910.00 -21.7216 -2.8033 15.7903
5920.00 -21.6778 -2.7305 15.5536
5930.00 -21.5913 -3.0809 15.1409
5940.00 -21.5955 -3.2073 15.0788
5950.00 -21.4581 -3.1276 15.4301
5960.00 -21.4786 -3.0180 15.4487
5970.00 -21.1434 -3.2809 15.2676
5980.00 -20.8845 -3.0263 15.1895
5990.00 -21.1270 -2.8692 15.3840
6000.00 -21.4660 -2.4637 15.5828
6010.00 -21.5626 -2.2387 15.5311
6020.00 -21.5827 -1.9077 15.3028
6030.00 -21.4086 -1.5913 15.1175
6040.00 -21.7357 -1.1662 15.0376
6050.00 -21.7809 -1.2124 15.0131
6060.00 -21.7524 -1.3100 14.8166
6070.00 -22.0647 -1.4791 14.9600
6080.00 -22.3805 -1.3668 15.1108
6090.00 -22.4385 -1.4398 15.1253
6100.00 -22.3130 -1.9285 15.2530
6110.00 -22.0343 -1.5220 15.1869
6120.00 -22.3960 -1.4402 15.1290
6130.00 -22.6334 -1.2979 15.0161
6140.00 -22.7168 -0.8306 15.0812
6150.00 -22.9010 -0.9854 15.0071
6160.00 -23.0314 -0.9587 15.2267
6170.00 -23.2993 -0.6684 15.3231
6180.00 -23.1330 -0.7087 15.2601
6190.00 -23.3689 -0.4009 14.8986
6200.00 -23.8454 -0.0408 14.7164
6210.00 -23.9216 -0.0801 14.6667
6220.00 -24.2445 0.2344 14.6268
6230.00 -24.6658 0.0860 14.8417
6240.00 -24.7666 0.1591 14.9722
6250.00 -24.7290 0.1656 15.0546
6260.00 -24.3631 -0.1532 15.2501
6270.00 -23.8975 -0.0457 15.1972
6280.00 -23.7258 0.1031 14.8820
6290.00 -24.2909 -0.1198 14.8442
6300.00 -24.5337 0.0824 14.9386
6310.00 -24.5539 0.1524 14.8755
6320.00 -24.5326 -0.1442 15.2234
6330.00 -25.0650 -0.1662 15.1953
6340.00 -25.1941 -0.0164 15.2690
6350.00 -25.3260 0.0273 15.3397
6360.00 -25.4571 0.3472 15.2172
6370.00 -25.6065 0.6349 15.5142
6380.00 -25.7461 0.4180 16.0316
6390.00 -26.0584 0.4071 16.4637
6400.00 -25.6588 0.4201 16.2506
6410.00 -25.6151 0.3149 16.4772
6420.00 -25.4483 0.4378 16.2525
6430.00 -25.3090 0.8386 16.2266
6440.00 -25.6571 0.9241 15.9767
6450.00 -25.6309 0.7541 16.2270
6460.00 -25.8129 0.5576 16.1458
6470.00 -26.0412 0.1948 16.0885
6480.00 -26.5541 -0.0783 16.2661
6490.00 -26.4740 -0.2414 16.0038
6500.00 -26.2217 -0.2594 16.0480
6510.00 -26.3664 -0.5595 15.9308
6520.00 -25.9457 -0.6451 16.3474
6530.00 -25.9027 -0.5313 16.2180
6540.00 -25.7620 -0.6614 16.2739
6550.00 -25.5281 -0.3937 16.3481
6560.00 -25.7698 -0.4120 16.4898
6570.00 -26.3079 -0.1588 16.5417
6580.00 -26.6032 -0.0188 16.5871
6590.00 -26.8582 0.1189 16.6153
6600.00 -26.8780 0.5875 16.4697
6610.00 -27.1068 0.5592 16.1035
6620.00 -27.5144 0.7426 15.8987
6630.00 -27.9004 1.0620 16.3074
6640.00 -28.1849 1.0815 16.2138
6650.00 -27.7058 0.9316 15.9921
6660.00 -27.8468 1.0190 15.7873
6670.00 -27.8562 0.7032 15.7177
6680.00 -27.8486 0.3873 15.3997
6690.00 -27.8874 0.5680 15.2368
6700.00 -27.9274 0.4093 15.4449
6710.00 -28.1642 0.8059 15.5172
6720.00 -28.6015 0.7976 15.4359
6730.00 -28.3825 0.6539 15.1928
6740.00 -28.6878 1.0098 15.4634
6750.00 -28.7189 1.3014 15.8154
6760.00 -29.0856 1.0191 15.9234
6770.00 -29.4935 1.3547 15.9969
6780.00 -29.7353 1.4046 15.7140
6790.00 -29.8845 1.3434 15.0780
6800.00 -30.0001 1.4355 15.3818
6810.00 -29.7756 1.5428 15.6316
6820.00 -29.9234 1.5812 15.9836
6830.00 -30.1639 1.1793 16.1246
6840.00 -29.8327 1.2065 15.9180
6850.00 -29.7910 0.7556 16.1404
6860.00 -29.6708 0.6815 16.3926
6870.00 -30.1593 0.8481 16.4927
6880.00 -30.2809 1.0260 16.3989
6890.00 -30.6677 0.8073 16.4205
6900.00 -30.7617 0.7874 16.3739
6910.00 -30.9373 0.7422 16.2407
6920.00 -30.9312 0.6957 16.1988
6930.00 -31.0442 0.4563 16.3314
6940.00 -30.7866 0.6727 15.8233
6950.00 -31.0646 0.6826 15.3921
6960.00 -30.7698 0.4996 15.0999
6970.00 -31.1735 0.5621 14.6127
6980.00 -30.9762 0.5370 14.8457
6990.00 -31.0394 0.2665 15.3417
7000.00 -31.2178 -0.1679 15.6488
7010.00 -31.2395 -0.4278 15.6753
7020.00 -31.2743 -0.1890 16.0665
7030.00 -31.1237 -0.5630 16.2318
7040.00 -30.9060 -0.7185 16.5394
7050.00 -30.9639 -0.3237 16.4673
7060.00 -30.9723 -0.0391 16.6440
7070.00 -31.0763 0.2147 16.7079
7080.00 -31.1365 -0.3179 16.7642
7090.00 -30.8586 -0.4439 16.8862
7100.00 -30.9088 -0.8339 16.7186
7110.00 -30.5723 -0.7716 16.4060
7120.00 -30.5653 -0.6304 16.3733
7130.00 -30.6057 -0.5907 16.0208
7140.00 -30.5132 -0.5994 16.1257
7150.00 -30.8318 -0.8328 15.7778
7160.00 -30.7343 -0.5323 15.5094
7170.00 -30.6383 -0.5266 15.7476
7180.00 -30.5281 -0.2864 15.9024
7190.00 -30.1094 -0.0794 15.7891
7200.00 -30.1955 0.4617 15.7154
7210.00 -30.0158 0.5867 15.5418
7220.00 -29.7310 0.6762 15.5374
7230.00 -29.9407 0.8889 15.5330
7240.00 -29.9093 0.8805 15.6848
7250.00 -29.7152 0.5524 15.8126
7260.00 -29.4873 0.7087 15.6702
7270.00 -29.4383 0.5038 15.4543
7280.00 -29.7904 0.6922 15.7466
7290.00 -30.1795 0.4713 15.6579
7300.00 -30.3225 0.4973 15.6668
7310.00 -30.1872 0.2946 15.5499
7320.00 -30.0303 0.6481 15.5152
7330.00 -30.0384 0.6425 15.4966
7340.00 -29.6013 0.7402 15.5709
7350.00 -29.9250 0.4874 15.5605
7360.00 -30.0941 0.1445 15.6122
7370.00 -29.9051 0.3134 15.7394
7380.00 -30.1286 0.1612 16.4817
7390.00 -30.2944 -0.0338 16.6336
7400.00 -30.1924 -0.0497 16.5896
7410.00 -30.3170 -0.0814 16.7677
7420.00 -29.5570 -0.0035 16.6397
7430.00 -29.2276 0.0734 16.7677
7440.00 -29.3276 0.5650 17.0710
7450.00 -29.6109 0.6185 17.0707
7460.00 -29.5584 0.8159 17.2189
7470.00 -29.7698 1.1202 17.3113
7480.00 -29.5601 0.9797 17.4178
7490.00 -29.7464 1.3310 17.4454
7500.00 -29.5304 1.0863 17.2088
7510.00 -29.5730 1.3345 17.0431
7520.00 -29.9108 1.4428 17.0660
7530.00 -29.6264 1.4688 17.3391
7540.00 -29.6465 1.9918 17.4654
7550.00 -29.8084 1.6563 17.5913
7560.00 -29.8164 2.0694 17.8570
7570.00 -30.0729 2.1232 17.8821
7580.00 -29.8373 2.0774 18.0612
7590.00 -30.2159 1.7181 17.9655
7600.00 -30.2428 1.8722 18.1390
7610.00 -30.6219 2.2470 18.0813
7620.00 -30.6709 2.3259 18.0631
7630.00 -30.2830 2.5622 18.1787
7640.00 -30.2367 2.7096 18.2601
7650.00 -30.2788 2.5227 17.9527
7660.00 -30.3950 2.3604 17.7100
7670.00 -30.6255 2.1142 17.6180
7680.00 -30.7122 1.7929 17.3770
7690.00 -30.7483 1.5284 17.1842
7700.00 -31.2383 1.7706 17.2848
7710.00 -31.4714 1.8277 16.9251
7720.00 -31.5382 1.6124 16.7060
7730.00 -31.5863 1.7075 16.5980
7740.00 -31.6170 2.0463 16.5268
7750.00 -31.6140 2.3338 16.4239
7760.00 -31.6244 2.2632 16.1490
7770.00 -31.5876 2.0106 16.4057
7780.00 -31.7719 1.7202 16.5100
7790.00 -31.3427 1.9465 16.2398
7800.00 -31.4620 2.1476 16.0775
7810.00 -31.3820 1.8935 15.9139
7820.00 -31.4870 1.8346 16.1373
7830.00 -31.5581 1.5799 16.3790
7840.00 -31.8491 1.6856 16.0758
7850.00 -31.8471 1.7175 16.4085
7860.00 -31.8986 1.8667 16.4958
7870.00 -31.9809 1.7228 16.5676
7880.00 -32.0529 1.5329 16.6909
7890.00 -31.6666 1.3816 16.4960
7900.00 -31.9271 1.2219 16.6462
7910.00 -31.6609 1.0242 16.6479
7920.00 -31.6971 0.7419 16.7631
7930.00 -31.7467 0.0916 16.5787
7940.00 -31.8954 0.0064 16.3738
7950.00 -32.2553 -0.3724 16.3785
7960.00 -31.8386 -0.1919 16.2716
7970.00 -31.9691 -0.3289 16.5029
7980.00 -32.2715 -0.1622 16.4609
7990.00 -31.9763 0.1178 16.6430
8000.00 -31.6242 0.0802 16.7646
8010.00 -31.3271 -0.2001 16.2394
8020.00 -31.5422 -0.5056 16.1508
8030.00 -31.8500 -0.3910 16.1329
8040.00 -32.2196 -0.2092 16.3840
8050.00 -32.6719 -0.1275 16.8016
8060.00 -33.0534 0.1227 17.0667
8070.00 -33.0004 0.3384 16.9495
8080.00 -32.8470 0.8132 16.7003
8090.00 -32.7893 0.5982 16.7292
8100.00 -33.0955 0.6028 16.7996
8110.00 -33.2825 0.3809 16.9345
8120.00 -33.5573 0.5056 17.0260
8130.00 -33.2991 0.4132 16.6562
8140.00 -33.0729 0.4725 16.5424
8150.00 -32.6959 0.4913 16.4765
8160.00 -32.3989 0.6497 16.3924
8170.00 -32.2807 0.6569 16.3171
8180.00 -32.2086 0.7260 16.1174
8190.00 -31.8650 1.0432 16.1454
8200.00 -31.8821 1.1453 16.2417
8210.00 -31.7979 1.1337 16.3957
8220.00 -31.4670 1.6278 16.0447
8230.00 -31.2857 1.5794 15.9617
8240.00 -31.5731 1.7393 16.0462
8250.00 -31.9752 2.0594 15.4844
8260.00 -32.4273 2.4204 15.7503
8270.00 -32.5055 2.4040 16.0577
8280.00 -32.7077 2.3787 15.8022
8290.00 -32.9592 2.2352 16.0221
8300.00 -33.1127 2.4553 16.0007
8310.00 -33.1943 2.4451 15.5454
8320.00 -33.6754 2.5065 15.5065
8330.00 -34.2141 2.6378 15.0787
8340.00 -34.0871 2.3537 14.7910
8350.00 -34.2949 2.1899 14.4112
8360.00 -34.2892 1.5746 13.9995
8370.00 -33.9555 1.4542 14.2000
8380.00 -34.0103 1.4296 14.4957
8390.00 -34.2437 1.4406 14.7814
8400.00 -33.8235 1.4077 14.9988
8410.00 -34.0315 1.2511 14.9297
8420.00 -33.7243 1.4830 15.0607
8430.00 -33.8314 1.2034 14.6861
8440.00 -33.6618 1.1271 14.8705
8450.00 -33.4091 0.6930 15.2961
8460.00 -33.5021 0.6632 15.6705
8470.00 -33.9085 1.0494 15.9762
8480.00 -34.1528 1.2782 15.9162
8490.00 -33.9917 1.2746 15.4211
8500.00 -33.9832 1.1073 15.2575
8510.00 -33.8742 1.4085 15.1929
8520.00 -33.7932 1.6946 15.4294
8530.00 -33.8912 1.8502 15.0369
8540.00 -33.8226 1.6991 15.2261
8550.00 -33.9398 2.2297 14.7967
8560.00 -33.9670 2.4627 14.6243
8570.00 -34.0295 2.5324 14.5386
8580.00 -34.1173 2.7550 14.3532
8590.00 -33.8119 2.7695 14.4861
8600.00 -33.7281 2.5368 14.4548
8610.00 -33.8923 2.2657 14.4276
8620.00 -34.1072 2.2014 14.4245
8630.00 -34.2232 2.1742 14.3991
8640.00 -33.5932 2.0505 14.4868
8650.00 -33.4262 2.1404 14.5529
8660.00 -33.4536 2.5352 14.0788
8670.00 -33.4267 2.2306 13.7210
8680.00 -33.7906 1.9326 13.9914
8690.00 -33.5826 1.6228 14.0406
8700.00 -33.6488 1.3635 14.0184
8710.00 -33.9390 1.2349 13.6878
8720.00 -34.1637 1.2575 13.3472
8730.00 -34.4367 1.1385 12.8202
8740.00 -34.4845 0.8319 12.5266
8750.00 -34.3035 0.5791 12.5434
8760.00 -34.2414 0.5603 12.4082
8770.00 -34.4109 0.5481 12.3889
8780.00 -34.8444 0.6257 12.1632
8790.00 -35.1114 0.5234 12.2791
8800.00 -35.5142 0.5042 12.1897
8810.00 -35.6815 0.7584 12.3519
8820.00 -35.4770 0.8230 12.5471
8830.00 -35.4429 0.8329 12.5161
8840.00 -35.3390 1.0583 12.9926
8850.00 -34.9800 0.9640 12.9703
8860.00 -35.0165 1.1994 12.6636
8870.00 -34.9630 1.3628 12.3238
8880.00 -35.0244 1.4063 12.3572
8890.00 -35.1355 1.4482 12.6358
8900.00 -34.8634 1.5925 12.8867
8910.00 -35.0698 1.7755 13.5169
8920.00 -35.2647 2.0240 13.2815
8930.00 -34.9647 2.4723 13.2251
8940.00 -34.9429 2.5939 13.1831
8950.00 -35.1526 2.5928 12.9333
8960.00 -35.0968 2.2293 12.5856
8970.00 -35.0934 2.3926 12.2486
8980.00 -35.0376 2.2918 11.8572
8990.00 -34.8756 2.3246 11.6996
9000.00 -34.7991 2.4291 11.7917
9010.00 -34.9032 2.5043 11.7462
9020.00 -35.0773 2.6197 11.9432
9030.00 -35.0806 2.7010 12.1039
9040.00 -35.1404 2.8177 11.9675
9050.00 -35.6301 2.9720 11.9257
9060.00 -35.1520 3.2169 11.8257
9070.00 -35.1587 3.4340 11.8823
9080.00 -35.4227 3.3344 11.8532
9090.00 -35.8329 3.3300 12.3748
9100.00 -36.0958 3.1661 12.6381
9110.00 -35.8898 3.2103 12.7710
9120.00 -36.0057 3.1427 12.7892
9130.00 -36.1223 2.8690 12.8695
9140.00 -36.2122 2.8482 12.8076
9150.00 -36.2363 3.1543 13.1013
9160.00 -36.5738 3.0402 13.0434
9170.00 -36.7023 3.2368 12.7712
9180.00 -36.7505 3.5574 12.8808
9190.00 -36.8132 3.6916 12.9521
9200.00 -36.8678 3.5520 12.8496
9210.00 -37.3124 3.3827 12.4142
9220.00 -37.9441 3.3412 11.9371
9230.00 -38.0656 3.0212 11.5651
9240.00 -38.2604 3.0047 11.5182
9250.00 -37.8885 2.8875 11.4261
9260.00 -37.7120 2.9807 11.4957
9270.00 -38.0173 2.8005 11.6951
9280.00 -38.1102 3.2517 11.6582
9290.00 -38.5361 3.4828 11.6759
9300.00 -38.3954 3.5416 11.6555
9310.00 -38.2319 3.5746 11.8354
9320.00 -38.3375 3.6145 12.1013
9330.00 -38.4365 3.4842 12.2671
9340.00 -38.6392 3.6026 12.3600
9350.00 -38.9488 3.4643 12.4513
9360.00 -39.0047 3.7610 12.2048
9370.00 -39.1113 3.8054 12.0935
9380.00 -39.8204 3.8033 12.5299
9390.00 -40.0481 3.3837 13.0403
9400.00 -40.1581 3.6562 13.3987
9410.00 -40.4357 3.8289 13.5576
9420.00 -40.4626 3.7990 13.4130
9430.00 -40.3763 3.8528 13.8622
9440.00 -40.4922 3.9897 13.6853
9450.00 -40.5799 3.6137 13.8716
9460.00 -40.2742 3.6779 14.3059
9470.00 -40.1883 3.5824 14.6144
9480.00 -40.5726 3.5830 14.7142
9490.00 -40.8085 3.4176 14.9898
9500.00 -40.9141 3.3652 14.9408
9510.00 -40.5228 3.0190 15.0064
9520.00 -40.3615 3.0414 15.2540
9530.00 -40.1408 3.2173 15.1068
9540.00 -40.0537 3.8687 14.9911
9550.00 -39.9228 3.7395 15.1294
9560.00 -39.9429 3.9633 14.9290
9570.00 -40.0035 4.2569 14.7800
9580.00 -40.2797 4.1585 14.7698
9590.00 -40.5415 3.7533 15.1489
9600.00 -41.1113 3.0968 15.2348
9610.00 -41.1311 2.9380 15.1747
9620.00 -41.5060 2.8930 15.2888
9630.00 -41.3957 2.7004 15.2582
9640.00 -41.6110 2.7417 14.9623
9650.00 -41.6130 2.3569 14.8127
9660.00 -41.3986 2.3106 14.7788
9670.00 -41.4887 2.4004 14.7911
9680.00 -41.4688 2.3666 14.3842
9690.00 -41.7413 2.5047 14.4658
9700.00 -41.5199 3.0005 14.4410
9710.00 -41.5043 3.1182 14.8239
9720.00 -42.1965 3.0284 15.0228
9730.00 -42.4649 2.9309 15.2056
9740.00 -42.4603 3.1800 15.3911
9750.00 -42.1592 3.2141 15.3418
9760.00 -41.7845 3.3667 15.4071
9770.00 -41.3582 3.4037 15.8220
9780.00 -41.4158 3.5139 15.5004
9790.00 -41.4609 3.1834 15.6463
9800.00 -41.4401 3.1915 15.6521
9810.00 -41.4942 2.9438 15.4639
9820.00 -41.7505 2.4715 15.3207
9830.00 -41.8254 2.5041 15.4689
9840.00 -41.7386 2.7699 15.6507
9850.00 -41.8370 3.0210 15.9653
9860.00 -41.6208 3.1089 15.8786
9870.00 -41.6732 3.0610 15.5243
9880.00 -41.9140 3.0174 15.3115
9890.00 -42.2356 2.9154 14.8113
9900.00 -42.3681 2.8654 14.7959
9910.00 -42.3776 2.8990 14.8888
9920.00 -42.3446 2.9862 14.9759
9930.00 -42.2750 3.0447 14.7178
9940.00 -42.2866 3.2178 14.6535
9950.00 -42.2973 2.7557 14.6879
9960.00 -41.8366 2.6247 14.7327
9970.00 -42.1327 2.8396 14.9161
9980.00 -42.2746 3.3280 14.6710
9990.00 -42.3630 3.3651 14.6180
10000.00 -42.6115 3.1118 14.5098
