155 7 6
163 18 19
165 17 18
7 155 167
167 155 154
158 151 159
18 163 165
165 163 154
154 155 165
8 7 167
167 154 153
158 159 169
156 171 174
175 173 157
176 168 156
164 172 178
178 172 157
157 173 179
182 181 161
161 176 182
160 173 184
160 184 185
185 174 160
186 171 162
187 173 160
188 176 156
156 174 188
189 171 156
190 177 162
162 171 190
192 178 157
153 181 193
193 180 153
194 167 153
153 180 194
153 154 196
163 181 196
196 154 163
196 181 153
164 178 197
6 0 198
17 165 198
198 0 17
155 6 198
155 198 165
189 190 171
186 160 174
171 186 174
175 184 173
185 150 188
185 188 174
188 150 182
176 188 182
192 152 197
192 197 178
193 150 195
193 195 180
191 194 180
182 150 193
182 193 181
195 150 185
184 195 185
11 172 12
12 172 164
13 12 164
157 172 175
19 20 200
11 10 201
201 172 11
21 22 202
203 20 21
204 22 23
207 10 9
201 10 207
202 22 204
200 20 203
203 21 202
163 19 200
200 181 163
161 181 200
197 152 208
192 179 152
157 179 192
162 209 170
177 209 162
204 183 168
206 14 13
164 206 13
197 206 164
208 206 197
9 8 194
207 9 194
167 194 8
191 207 194
204 168 202
156 168 212
212 168 183
212 189 156
212 183 210
189 212 210
209 205 170
176 161 203
161 200 203
176 203 168
202 168 203
189 210 190
175 191 184
191 180 195
195 184 191
31 30 213
215 25 26
217 170 205
207 191 201
201 191 175
201 175 172
179 173 217
217 173 187
214 205 209
218 23 24
219 15 14
206 208 219
14 206 219
162 170 187
162 187 186
186 187 160
217 187 170
204 218 183
218 204 23
199 183 218
220 16 15
219 220 15
29 28 222
223 30 29
29 222 223
227 183 199
227 158 210
210 183 227
229 24 25
25 215 229
230 1 16
28 1 230
16 220 230
151 158 227
151 227 199
213 30 223
222 28 230
222 230 220
24 229 218
229 199 218
229 151 199
226 219 208
219 226 220
233 234 228
228 234 216
221 232 236
213 223 224
226 224 223
205 236 217
208 152 232
208 232 226
224 226 232
236 152 179
179 217 236
152 236 232
151 166 159
166 151 229
229 215 166
211 216 177
216 211 228
209 216 214
209 177 216
236 205 221
225 159 166
205 214 238
205 238 221
235 221 238
237 211 244
244 169 237
237 169 245
166 215 242
166 242 225
242 231 225
211 237 239
240 159 225
240 169 159
243 213 224
235 243 221
243 224 232
232 221 243
234 246 216
214 216 246
158 169 244
210 158 244
190 210 244
177 190 244
244 211 177
223 222 220
226 223 220
241 238 214
246 241 214
241 235 238
247 32 31
247 243 235
33 32 248
248 32 247
235 248 247
245 169 240
235 241 248
225 231 240
233 228 211
245 239 237
239 233 211
41 40 249
250 40 39
249 40 250
249 250 231
242 26 27
215 26 242
231 242 249
39 240 250
240 39 38
250 240 231
245 240 38
239 37 36
233 36 35
233 239 36
27 2 41
33 248 241
34 33 241
234 35 34
234 233 35
34 241 234
241 246 234
247 31 213
243 247 213
27 41 249
27 249 242
38 37 239
38 239 245
256 18 17
264 65 64
266 66 65
18 256 268
268 256 255
259 252 260
65 264 266
266 264 255
255 256 266
19 18 268
268 255 254
259 260 270
257 272 275
276 274 258
277 269 257
265 273 279
279 273 258
258 274 280
283 282 262
262 277 283
261 274 285
261 285 286
286 275 261
287 272 263
288 274 261
289 277 257
257 275 289
290 272 257
291 278 263
263 272 291
293 279 258
254 282 294
294 281 254
295 268 254
254 281 295
254 255 297
264 282 297
297 255 264
297 282 254
265 279 298
17 0 299
66 266 299
299 0 66
256 17 299
256 299 266
290 291 272
287 261 275
272 287 275
276 285 274
286 251 289
286 289 275
289 251 283
277 289 283
293 253 298
293 298 279
294 251 296
294 296 281
292 295 281
283 251 294
283 294 282
296 251 286
285 296 286
22 273 23
23 273 265
24 23 265
258 273 276
64 63 301
22 21 302
302 273 22
62 61 303
304 63 62
305 61 60
308 21 20
302 21 308
303 61 305
301 63 304
304 62 303
264 64 301
301 282 264
262 282 301
298 253 309
293 280 253
258 280 293
263 310 271
278 310 263
305 284 269
307 25 24
265 307 24
298 307 265
309 307 298
20 19 295
308 20 295
268 295 19
292 308 295
305 269 303
257 269 313
313 269 284
313 290 257
313 284 311
290 313 311
310 306 271
277 262 304
262 301 304
277 304 269
303 269 304
290 311 291
276 292 285
292 281 296
296 285 292
45 44 314
316 58 57
318 271 306
308 292 302
302 292 276
302 276 273
280 274 318
318 274 288
315 306 310
319 60 59
320 26 25
307 309 320
25 307 320
263 271 288
263 288 287
287 288 261
318 288 271
305 319 284
319 305 60
300 284 319
321 27 26
320 321 26
43 42 323
324 44 43
43 323 324
328 284 300
328 259 311
311 284 328
330 59 58
58 316 330
331 2 27
42 2 331
27 321 331
252 259 328
252 328 300
314 44 324
323 42 331
323 331 321
59 330 319
330 300 319
330 252 300
327 320 309
320 327 321
334 335 329
329 335 317
322 333 337
314 324 325
327 325 324
306 337 318
309 253 333
309 333 327
325 327 333
337 253 280
280 318 337
253 337 333
252 267 260
267 252 330
330 316 267
312 317 278
317 312 329
310 317 315
310 278 317
337 306 322
326 260 267
306 315 339
306 339 322
336 322 339
338 312 345
345 270 338
338 270 346
267 316 343
267 343 326
343 332 326
312 338 340
341 260 326
341 270 260
344 314 325
336 344 322
344 325 333
333 322 344
335 347 317
315 317 347
259 270 345
311 259 345
291 311 345
278 291 345
345 312 278
324 323 321
327 324 321
342 339 315
347 342 315
342 336 339
348 46 45
348 344 336
47 46 349
349 46 348
336 349 348
346 270 341
336 342 349
326 332 341
334 329 312
346 340 338
340 334 312
55 54 350
351 54 53
350 54 351
350 351 332
343 57 56
316 57 343
332 343 350
53 341 351
341 53 52
351 341 332
346 341 52
340 51 50
334 50 49
334 340 50
56 3 55
47 349 342
48 47 342
335 49 48
335 334 49
48 342 335
342 347 335
348 45 314
344 348 314
56 55 350
56 350 343
52 51 340
52 340 346
357 65 66
365 90 89
367 91 90
65 357 369
369 357 356
360 353 361
90 365 367
367 365 356
356 357 367
64 65 369
369 356 355
360 361 371
358 373 376
377 375 359
378 370 358
366 374 380
380 374 359
359 375 381
384 383 363
363 378 384
362 375 386
362 386 387
387 376 362
388 373 364
389 375 362
390 378 358
358 376 390
391 373 358
392 379 364
364 373 392
394 380 359
355 383 395
395 382 355
396 369 355
355 382 396
355 356 398
365 383 398
398 356 365
398 383 355
366 380 399
66 0 400
91 367 400
400 0 91
357 66 400
357 400 367
391 392 373
388 362 376
373 388 376
377 386 375
387 352 390
387 390 376
390 352 384
378 390 384
394 354 399
394 399 380
395 352 397
395 397 382
393 396 382
384 352 395
384 395 383
397 352 387
386 397 387
61 374 60
60 374 366
59 60 366
359 374 377
89 88 402
61 62 403
403 374 61
87 86 404
405 88 87
406 86 85
409 62 63
403 62 409
404 86 406
402 88 405
405 87 404
365 89 402
402 383 365
363 383 402
399 354 410
394 381 354
359 381 394
364 411 372
379 411 364
406 385 370
408 58 59
366 408 59
399 408 366
410 408 399
63 64 396
409 63 396
369 396 64
393 409 396
406 370 404
358 370 414
414 370 385
414 391 358
414 385 412
391 414 412
411 407 372
378 363 405
363 402 405
378 405 370
404 370 405
391 412 392
377 393 386
393 382 397
397 386 393
70 69 415
417 83 82
419 372 407
409 393 403
403 393 377
403 377 374
381 375 419
419 375 389
416 407 411
420 85 84
421 57 58
408 410 421
58 408 421
364 372 389
364 389 388
388 389 362
419 389 372
406 420 385
420 406 85
401 385 420
422 56 57
421 422 57
68 67 424
425 69 68
68 424 425
429 385 401
429 360 412
412 385 429
431 84 83
83 417 431
432 3 56
67 3 432
56 422 432
353 360 429
353 429 401
415 69 425
424 67 432
424 432 422
84 431 420
431 401 420
431 353 401
428 421 410
421 428 422
435 436 430
430 436 418
423 434 438
415 425 426
428 426 425
407 438 419
410 354 434
410 434 428
426 428 434
438 354 381
381 419 438
354 438 434
353 368 361
368 353 431
431 417 368
413 418 379
418 413 430
411 418 416
411 379 418
438 407 423
427 361 368
407 416 440
407 440 423
437 423 440
439 413 446
446 371 439
439 371 447
368 417 444
368 444 427
444 433 427
413 439 441
442 361 427
442 371 361
445 415 426
437 445 423
445 426 434
434 423 445
436 448 418
416 418 448
360 371 446
412 360 446
392 412 446
379 392 446
446 413 379
425 424 422
428 425 422
443 440 416
448 443 416
443 437 440
449 71 70
449 445 437
72 71 450
450 71 449
437 450 449
447 371 442
437 443 450
427 433 442
435 430 413
447 441 439
441 435 413
80 79 451
452 79 78
451 79 452
451 452 433
444 82 81
417 82 444
433 444 451
78 442 452
442 78 77
452 442 433
447 442 77
441 76 75
435 75 74
435 441 75
81 4 80
72 450 443
73 72 443
436 74 73
436 435 74
73 443 436
443 448 436
449 70 415
445 449 415
81 80 451
81 451 444
77 76 441
77 441 447
458 90 91
466 7 8
468 6 7
90 458 470
470 458 457
461 454 462
7 466 468
468 466 457
457 458 468
89 90 470
470 457 456
461 462 472
459 474 477
478 476 460
479 471 459
467 475 481
481 475 460
460 476 482
485 484 464
464 479 485
463 476 487
463 487 488
488 477 463
489 474 465
490 476 463
491 479 459
459 477 491
492 474 459
493 480 465
465 474 493
495 481 460
456 484 496
496 483 456
497 470 456
456 483 497
456 457 499
466 484 499
499 457 466
499 484 456
467 481 500
501 0 6
91 0 501
6 468 501
458 91 501
458 501 468
492 493 474
489 463 477
474 489 477
478 487 476
488 453 491
488 491 477
491 453 485
479 491 485
495 455 500
495 500 481
496 453 498
496 498 483
494 497 483
485 453 496
485 496 484
498 453 488
487 498 488
86 475 85
85 475 467
84 85 467
460 475 478
8 9 503
86 87 504
504 475 86
10 11 505
506 9 10
507 11 12
510 87 88
504 87 510
505 11 507
503 9 506
506 10 505
466 8 503
503 484 466
464 484 503
500 455 511
495 482 455
460 482 495
465 512 473
480 512 465
507 486 471
509 83 84
467 509 84
500 509 467
511 509 500
88 89 497
510 88 497
470 497 89
494 510 497
507 471 505
459 471 515
515 471 486
515 492 459
515 486 513
492 515 513
512 508 473
479 464 506
464 503 506
479 506 471
505 471 506
492 513 493
478 494 487
494 483 498
498 487 494
95 94 516
518 14 15
520 473 508
510 494 504
504 494 478
504 478 475
482 476 520
520 476 490
517 508 512
521 12 13
522 82 83
509 511 522
83 509 522
465 473 490
465 490 489
489 490 463
520 490 473
507 521 486
521 507 12
502 486 521
523 81 82
522 523 82
93 92 525
526 94 93
93 525 526
530 486 502
530 461 513
513 486 530
532 13 14
14 518 532
533 4 81
92 4 533
81 523 533
454 461 530
454 530 502
516 94 526
525 92 533
525 533 523
13 532 521
532 502 521
532 454 502
529 522 511
522 529 523
536 537 531
531 537 519
524 535 539
516 526 527
529 527 526
508 539 520
511 455 535
511 535 529
527 529 535
539 455 482
482 520 539
455 539 535
454 469 462
469 454 532
532 518 469
514 519 480
519 514 531
512 519 517
512 480 519
539 508 524
528 462 469
508 517 541
508 541 524
538 524 541
540 514 547
547 472 540
540 472 548
469 518 545
469 545 528
545 534 528
514 540 542
543 462 528
543 472 462
546 516 527
538 546 524
546 527 535
535 524 546
537 549 519
517 519 549
461 472 547
513 461 547
493 513 547
480 493 547
547 514 480
526 525 523
529 526 523
544 541 517
549 544 517
544 538 541
550 96 95
550 546 538
97 96 551
551 96 550
538 551 550
548 472 543
538 544 551
528 534 543
536 531 514
548 542 540
542 536 514
105 104 552
553 104 103
552 104 553
552 553 534
545 15 16
518 15 545
534 545 552
103 543 553
543 103 102
553 543 534
548 543 102
542 101 100
536 100 99
536 542 100
16 1 105
97 551 544
98 97 544
537 99 98
537 536 99
98 544 537
544 549 537
550 95 516
546 550 516
16 105 552
16 552 545
102 101 542
102 542 548
559 106 107
567 125 126
569 126 127
107 571 559
571 558 559
562 563 555
126 569 567
569 558 567
558 569 559
108 571 107
571 557 558
562 573 563
560 578 575
579 561 577
580 560 572
568 582 576
582 561 576
561 583 577
586 565 585
565 586 580
564 588 577
564 589 588
589 564 578
590 566 575
591 564 577
592 560 580
560 592 578
593 560 575
594 566 581
566 594 575
596 561 582
557 597 585
597 557 584
598 557 571
557 598 584
557 600 558
567 600 585
600 567 558
600 557 585
568 601 582
106 602 5
127 602 569
602 127 5
559 602 106
559 569 602
593 575 594
590 578 564
575 578 590
579 577 588
589 592 554
589 578 592
592 586 554
580 586 592
596 601 556
596 582 601
597 599 554
597 584 599
595 584 598
586 597 554
586 585 597
599 589 554
588 589 599
111 112 576
112 568 576
113 568 112
561 579 576
125 604 124
111 605 110
605 111 576
123 606 122
607 123 124
608 121 122
611 109 110
605 611 110
606 608 122
604 607 124
607 606 123
567 604 125
604 567 585
565 604 585
601 612 556
596 556 583
561 596 583
566 574 613
581 566 613
608 572 587
610 113 114
568 113 610
601 568 610
612 601 610
109 598 108
611 598 109
571 108 598
595 598 611
608 606 572
560 616 572
616 587 572
616 560 593
616 614 587
593 614 616
613 574 609
580 607 565
565 607 604
580 572 607
606 607 572
593 594 614
579 588 595
595 599 584
599 595 588
31 617 30
619 118 119
621 609 574
611 605 595
605 579 595
605 576 579
583 621 577
621 591 577
618 613 609
622 120 121
623 114 115
610 623 612
114 623 610
566 591 574
566 590 591
590 564 591
621 574 591
608 587 622
622 121 608
603 622 587
624 115 116
623 115 624
29 626 28
627 29 30
29 627 626
631 603 587
631 614 562
614 631 587
633 119 120
119 633 619
28 634 1
116 634 624
634 116 1
555 631 562
555 603 631
617 627 30
626 634 28
626 624 634
120 622 633
633 622 603
633 603 555
630 612 623
623 624 630
637 632 638
632 620 638
625 640 636
617 628 627
630 627 628
609 621 640
612 636 556
612 630 636
628 636 630
640 583 556
583 640 621
556 636 640
555 563 570
570 633 555
633 570 619
615 581 620
620 632 615
613 618 620
613 620 581
640 625 609
629 570 563
609 642 618
609 625 642
639 642 625
641 648 615
648 641 573
641 649 573
570 646 619
570 629 646
646 629 635
615 643 641
644 629 563
644 563 573
647 628 617
639 625 647
647 636 628
636 647 625
638 620 650
618 650 620
562 648 573
614 648 562
594 648 614
581 648 594
648 581 615
627 624 626
630 624 627
645 618 642
650 618 645
645 642 639
651 31 32
651 639 647
33 652 32
652 651 32
639 651 652
649 644 573
639 652 645
629 644 635
637 615 632
649 641 643
643 615 637
41 653 40
654 39 40
653 654 40
653 635 654
646 117 118
619 646 118
635 653 646
39 654 644
644 38 39
654 635 644
649 38 644
643 36 37
637 35 36
637 36 643
117 41 2
33 645 652
34 645 33
638 34 35
638 35 637
34 638 645
645 638 650
651 617 31
647 617 651
117 653 41
117 646 653
38 643 37
38 649 643
660 127 126
668 136 137
670 137 138
126 672 660
672 659 660
663 664 656
137 670 668
670 659 668
659 670 660
125 672 126
672 658 659
663 674 664
661 679 676
680 662 678
681 661 673
669 683 677
683 662 677
662 684 678
687 666 686
666 687 681
665 689 678
665 690 689
690 665 679
691 667 676
692 665 678
693 661 681
661 693 679
694 661 676
695 667 682
667 695 676
697 662 683
658 698 686
698 658 685
699 658 672
658 699 685
658 701 659
668 701 686
701 668 659
701 658 686
669 702 683
127 703 5
138 703 670
703 138 5
660 703 127
660 670 703
694 676 695
691 679 665
676 679 691
680 678 689
690 693 655
690 679 693
693 687 655
681 687 693
697 702 657
697 683 702
698 700 655
698 685 700
696 685 699
687 698 655
687 686 698
700 690 655
689 690 700
122 121 677
121 669 677
120 669 121
662 680 677
136 705 135
122 706 123
706 122 677
134 707 133
708 134 135
709 132 133
712 124 123
706 712 123
707 709 133
705 708 135
708 707 134
668 705 136
705 668 686
666 705 686
702 713 657
697 657 684
662 697 684
667 675 714
682 667 714
709 673 688
711 120 119
669 120 711
702 669 711
713 702 711
124 699 125
712 699 124
672 125 699
696 699 712
709 707 673
661 717 673
717 688 673
717 661 694
717 715 688
694 715 717
714 675 710
681 708 666
666 708 705
681 673 708
707 708 673
694 695 715
680 689 696
696 700 685
700 696 689
45 718 44
720 129 130
722 710 675
712 706 696
706 680 696
706 677 680
684 722 678
722 692 678
719 714 710
723 131 132
724 119 118
711 724 713
119 724 711
667 692 675
667 691 692
691 665 692
722 675 692
709 688 723
723 132 709
704 723 688
725 118 117
724 118 725
43 727 42
728 43 44
43 728 727
732 704 688
732 715 663
715 732 688
734 130 131
130 734 720
42 735 2
117 735 725
735 117 2
656 732 663
656 704 732
718 728 44
727 735 42
727 725 735
131 723 734
734 723 704
734 704 656
731 713 724
724 725 731
738 733 739
733 721 739
726 741 737
718 729 728
731 728 729
710 722 741
713 737 657
713 731 737
729 737 731
741 684 657
684 741 722
657 737 741
656 664 671
671 734 656
734 671 720
716 682 721
721 733 716
714 719 721
714 721 682
741 726 710
730 671 664
710 743 719
710 726 743
740 743 726
742 749 716
749 742 674
742 750 674
671 747 720
671 730 747
747 730 736
716 744 742
745 730 664
745 664 674
748 729 718
740 726 748
748 737 729
737 748 726
739 721 751
719 751 721
663 749 674
715 749 663
695 749 715
682 749 695
749 682 716
728 725 727
731 725 728
746 719 743
751 719 746
746 743 740
752 45 46
752 740 748
47 753 46
753 752 46
740 752 753
750 745 674
740 753 746
730 745 736
738 716 733
750 742 744
744 716 738
55 754 54
755 53 54
754 755 54
754 736 755
747 128 129
720 747 129
736 754 747
53 755 745
745 52 53
755 736 745
750 52 745
744 50 51
738 49 50
738 50 744
128 55 3
47 746 753
48 746 47
739 48 49
739 49 738
48 739 746
746 739 751
752 718 45
748 718 752
128 754 55
128 747 754
52 744 51
52 750 744
761 138 137
769 147 148
771 148 149
137 773 761
773 760 761
764 765 757
148 771 769
771 760 769
760 771 761
136 773 137
773 759 760
764 775 765
762 780 777
781 763 779
782 762 774
770 784 778
784 763 778
763 785 779
788 767 787
767 788 782
766 790 779
766 791 790
791 766 780
792 768 777
793 766 779
794 762 782
762 794 780
795 762 777
796 768 783
768 796 777
798 763 784
759 799 787
799 759 786
800 759 773
759 800 786
759 802 760
769 802 787
802 769 760
802 759 787
770 803 784
138 804 5
149 804 771
804 149 5
761 804 138
761 771 804
795 777 796
792 780 766
777 780 792
781 779 790
791 794 756
791 780 794
794 788 756
782 788 794
798 803 758
798 784 803
799 801 756
799 786 801
797 786 800
788 799 756
788 787 799
801 791 756
790 791 801
133 132 778
132 770 778
131 770 132
763 781 778
147 806 146
133 807 134
807 133 778
145 808 144
809 145 146
810 143 144
813 135 134
807 813 134
808 810 144
806 809 146
809 808 145
769 806 147
806 769 787
767 806 787
803 814 758
798 758 785
763 798 785
768 776 815
783 768 815
810 774 789
812 131 130
770 131 812
803 770 812
814 803 812
135 800 136
813 800 135
773 136 800
797 800 813
810 808 774
762 818 774
818 789 774
818 762 795
818 816 789
795 816 818
815 776 811
782 809 767
767 809 806
782 774 809
808 809 774
795 796 816
781 790 797
797 801 786
801 797 790
70 819 69
821 140 141
823 811 776
813 807 797
807 781 797
807 778 781
785 823 779
823 793 779
820 815 811
824 142 143
825 130 129
812 825 814
130 825 812
768 793 776
768 792 793
792 766 793
823 776 793
810 789 824
824 143 810
805 824 789
826 129 128
825 129 826
68 828 67
829 68 69
68 829 828
833 805 789
833 816 764
816 833 789
835 141 142
141 835 821
67 836 3
128 836 826
836 128 3
757 833 764
757 805 833
819 829 69
828 836 67
828 826 836
142 824 835
835 824 805
835 805 757
832 814 825
825 826 832
839 834 840
834 822 840
827 842 838
819 830 829
832 829 830
811 823 842
814 838 758
814 832 838
830 838 832
842 785 758
785 842 823
758 838 842
757 765 772
772 835 757
835 772 821
817 783 822
822 834 817
815 820 822
815 822 783
842 827 811
831 772 765
811 844 820
811 827 844
841 844 827
843 850 817
850 843 775
843 851 775
772 848 821
772 831 848
848 831 837
817 845 843
846 831 765
846 765 775
849 830 819
841 827 849
849 838 830
838 849 827
840 822 852
820 852 822
764 850 775
816 850 764
796 850 816
783 850 796
850 783 817
829 826 828
832 826 829
847 820 844
852 820 847
847 844 841
853 70 71
853 841 849
72 854 71
854 853 71
841 853 854
851 846 775
841 854 847
831 846 837
839 817 834
851 843 845
845 817 839
80 855 79
856 78 79
855 856 79
855 837 856
848 139 140
821 848 140
837 855 848
78 856 846
846 77 78
856 837 846
851 77 846
845 75 76
839 74 75
839 75 845
139 80 4
72 847 854
73 847 72
840 73 74
840 74 839
73 840 847
847 840 852
853 819 70
849 819 853
139 855 80
139 848 855
77 845 76
77 851 845
862 149 148
870 108 107
872 107 106
148 874 862
874 861 862
865 866 858
107 872 870
872 861 870
861 872 862
147 874 148
874 860 861
865 876 866
863 881 878
882 864 880
883 863 875
871 885 879
885 864 879
864 886 880
889 868 888
868 889 883
867 891 880
867 892 891
892 867 881
893 869 878
894 867 880
895 863 883
863 895 881
896 863 878
897 869 884
869 897 878
899 864 885
860 900 888
900 860 887
901 860 874
860 901 887
860 903 861
870 903 888
903 870 861
903 860 888
871 904 885
905 106 5
149 905 5
106 905 872
862 905 149
862 872 905
896 878 897
893 881 867
878 881 893
882 880 891
892 895 857
892 881 895
895 889 857
883 889 895
899 904 859
899 885 904
900 902 857
900 887 902
898 887 901
889 900 857
889 888 900
902 892 857
891 892 902
144 143 879
143 871 879
142 871 143
864 882 879
108 907 109
144 908 145
908 144 879
110 909 111
910 110 109
911 112 111
914 146 145
908 914 145
909 911 111
907 910 109
910 909 110
870 907 108
907 870 888
868 907 888
904 915 859
899 859 886
864 899 886
869 877 916
884 869 916
911 875 890
913 142 141
871 142 913
904 871 913
915 904 913
146 901 147
914 901 146
874 147 901
898 901 914
911 909 875
863 919 875
919 890 875
919 863 896
919 917 890
896 917 919
916 877 912
883 910 868
868 910 907
883 875 910
909 910 875
896 897 917
882 891 898
898 902 887
902 898 891
95 920 94
922 115 114
924 912 877
914 908 898
908 882 898
908 879 882
886 924 880
924 894 880
921 916 912
925 113 112
926 141 140
913 926 915
141 926 913
869 894 877
869 893 894
893 867 894
924 877 894
911 890 925
925 112 911
906 925 890
927 140 139
926 140 927
93 929 92
930 93 94
93 930 929
934 906 890
934 917 865
917 934 890
936 114 113
114 936 922
92 937 4
139 937 927
937 139 4
858 934 865
858 906 934
920 930 94
929 937 92
929 927 937
113 925 936
936 925 906
936 906 858
933 915 926
926 927 933
940 935 941
935 923 941
928 943 939
920 931 930
933 930 931
912 924 943
915 939 859
915 933 939
931 939 933
943 886 859
886 943 924
859 939 943
858 866 873
873 936 858
936 873 922
918 884 923
923 935 918
916 921 923
916 923 884
943 928 912
932 873 866
912 945 921
912 928 945
942 945 928
944 951 918
951 944 876
944 952 876
873 949 922
873 932 949
949 932 938
918 946 944
947 932 866
947 866 876
950 931 920
942 928 950
950 939 931
939 950 928
941 923 953
921 953 923
865 951 876
917 951 865
897 951 917
884 951 897
951 884 918
930 927 929
933 927 930
948 921 945
953 921 948
948 945 942
954 95 96
954 942 950
97 955 96
955 954 96
942 954 955
952 947 876
942 955 948
932 947 938
940 918 935
952 944 946
946 918 940
105 956 104
957 103 104
956 957 104
956 938 957
949 116 115
922 949 115
938 956 949
103 957 947
947 102 103
957 938 947
952 102 947
946 100 101
940 99 100
940 100 946
116 105 1
97 948 955
98 948 97
941 98 99
941 99 940
98 941 948
948 941 953
954 920 95
950 920 954
116 956 105
116 949 956
102 946 101
102 952 946
