#1001 0.1 2.70246
0.1 4.799997599999998e15 3.999996e12
0.102602 3.349901465497743e15 2.93877338427366e12
0.105205 2.359043775060084e15 2.17583818471789e12
0.107807 1.6755664904841782e15 1.6228452633659097e12
0.11041 1.1998624590799335e15 1.2188926312835195e12
0.113012 8.659249287936885e14 9.216160941046625e11
0.115615 6.295846409814569e14 7.012922125127279e11
0.118217 4.610091186712898e14 5.368948854590031e11
0.12082 3.3986950691938656e14 4.134335913696311e11
0.123422 2.5219504482174556e14 3.2014064085796094e11
0.126025 1.8830627475898012e14 2.492260718123021e11
0.128627 1.414446040840362e14 1.9501543828232404e11
0.13123 1.0685563394914864e14 1.5334806965019684e11
0.133832 8.117085758463758e13 1.2115396168288806e11
0.136434 6.198725171245872e13 9.615413006152127e10
0.139037 4.757921363784475e13 7.664693440332915e10
0.141639 3.6699715460516805e13 6.135469621870262e10
0.144242 2.8442063665666477e13 4.9312894993838554e10
0.146844 2.214313230311448e13 3.9789631596691345e10
0.149447 1.7315179283341426e13 3.2226745196030354e10
0.152049 1.359749674297469e13 2.6196516653776806e10
0.154652 1.0721915284345855e13 2.136965781960524e10
0.157254 8.488046588256457e12 1.749151951494972e10
0.159857 6.74541352173579e12 1.4364317630955605e10
0.162459 5.380480343776596e12 1.1833789473422297e10
0.165062 4.307189059660687e12 9.779128247399582e9
0.167664 3.4600184181174883e12 8.105355268925272e9
0.170266 2.7888676566814946e12 6.737513682860228e9
0.172869 2.2552670225861753e12 5.616229585863817e9
0.175471 1.8295578396857944e12 4.6943042977017565e9
0.178074 1.488784523439918e12 3.934087615806851e9
0.180676 1.215111853858777e12 3.3054450897651014e9
0.183279 9.946315443988209e11 2.7841789696139116e9
0.185881 8.16458619442979e11 2.350797024135697e9
0.188484 6.720444676320769e11 1.9895491342995458e9
0.191086 5.54652571352818e11 1.687670784211875e9
0.193689 4.589568671316673e11 1.434786996876862e9
0.196291 3.807329148575024e11 1.222441133934339e9
0.198894 3.166195760271312e11 1.0437212049681365e9
0.201496 2.639344596101677e11 8.929625806471076e8
0.204098 2.2053051831919278e11 7.655107681379124e8
0.206701 1.8468425039292432e11 6.575315528231518e8
0.209303 1.5500825967245554e11 5.658586099015778e8
0.211906 1.3038265162877075e11 4.878708467142551e8
0.214508 1.0990104267542412e11 4.21393404578875e8
0.217111 9.282794292674677e10 3.646175427468837e8
0.219713 7.856501839991907e10 3.160356339425335e8
0.222316 6.662430659597549e10 2.74388286899155e8
0.224918 5.660689331182329e10 2.3862122670149687e8
0.227521 4.81858911408358e10 2.0785004701756528e8
0.230123 4.109281588048104e10 1.8133132892257884e8
0.232726 3.510665434777975e10 1.584389216345656e8
0.235328 3.0045069740409332e10 1.386444185667252e8
0.23793 2.5757309126828808e10 1.2150105117174204e8
0.240533 2.211846982850632e10 1.0663037359417787e8
0.243135 1.9024853399113445e10 9.371123131928936e7
0.245738 1.6390192208187284e10 8.247060317775887e7
0.24834 1.4142577819387936e10 7.267598321903333e7
0.250943 1.2221955116997068e10 6.4129031011001326e7
0.253545 1.0578073557653938e10 5.6660268936684e7
0.256148 9.168808612243729e9 5.0124645465700395e7
0.25875 7.958783657462447e9 4.439781609814205e7
0.261353 6.91823624195761e9 3.937302023212688e7
0.263955 6.0220835383212385e9 3.495845380237736e7
0.266558 5.249150484955727e9 3.1075055138473403e7
0.26916 4.581531078823044e9 2.765463586668301e7
0.271762 4.0040588603797727e9 2.4638300443640456e7
0.274365 3.5038671178454037e9 2.1975107557012584e7
0.276967 3.0700229517553773e9 1.9620934554261144e7
0.27957 2.6932222581746545e9 1.753751258513944e7
0.282172 2.3655350490561867e9 1.5691605524547487e7
0.284775 2.080192441355893e9 1.4054310188409578e7
0.287377 1.831408200402966e9 1.2600459035428895e7
0.28998 1.6142289875908442e9 1.1308109599234013e7
0.292582 1.4244084935415914e9 1.0158107430314496e7
0.295185 1.2583014801930332e9 9.13371143635962e6
0.297787 1.1127744446015484e9 8.220272267586915e6
0.30039 9.851301824414195e8 7.404955861281988e6
0.302992 8.730439934003296e8 6.676505487002463e6
0.305595 7.745096526243745e8 6.025036661732432e6
0.308197 6.877935871732807e8 5.4418601664563455e6
0.310799 6.113959563489865e8 4.919329119953148e6
0.313402 5.440175496904656e8 4.450706675055599e6
0.316004 4.8453159445601505e8 4.030051416154173e6
0.318607 4.3195971211318266e8 3.6521179700755784e6
0.321209 3.854513860860778e8 3.3122707086751265e6
0.323812 3.442664051491102e8 3.0064087313887225e6
0.326414 3.0775983198918027e8 2.7309005786128035e6
0.329017 2.753691175227709e8 2.4825273496365948e6
0.331619 2.4660304096266884e8 2.258433088215816e6
0.334222 2.2103220536494684e8 2.0560814599945985e6
0.336824 1.9828086008454937e8 1.8732178832449636e6
0.339427 1.7801985657556838e8 1.7078363914815134e6
0.342029 1.5996057340394798e8 1.5581506065135025e6
0.344631 1.4384967111777002e8 1.4225682860156153e6
0.347234 1.294645585073593e8 1.299668982919237e6
0.349836 1.166094694182387e8 1.1881844166921165e6
0.352439 1.0511206418143603e8 1.0869812104417575e6
0.355041 9.482048233637813e7 995045.6940620284
0.357644 8.560078400722052e7 911470.5134567027
0.360246 7.733472635901211e7 835442.8201603652
0.362849 6.991782926064469e7 766233.845237158
0.365451 6.3257690830450125e7 703189.6868500556
0.368054 5.7272519116438724e7 645723.1629363192
0.370656 5.188985091655488e7 593306.5994900138
0.373259 4.704543280102924e7 545465.4414598469
0.375861 4.2682242864962325e7 501772.5875777573
0.378463 3.874963470399682e7 461843.3628466962
0.381066 3.520258764463817e7 425331.05319636886
0.383668 3.2001049437035084e7 391922.9361873409
0.386271 2.9109359485600192e7 361336.74979896843
0.388873 2.649574229719659e7 333317.5484397331
0.391476 2.41318622062874e7 307634.90151135303
0.394078 2.1992431624123085e7 284080.39526224247
0.396681 2.005486608247994e7 262465.4033861941
0.399283 1.829898022525923e7 242619.09594896296
0.401886 1.6706719663488422e7 224386.65983650586
0.404488 1.5261924268040627e7 207627.70708127733
0.407091 1.3950119044297807e7 192214.850195317
0.409693 1.2758329226477705e7 178032.42607108646
0.412295 1.1674916657077786e7 164975.35214677136
0.414898 1.0689434887959823e7 152948.10040965644
0.4175 9.79250076181174e6 141863.77646204288
0.420103 8.975680512761232e6 131643.2923273672
0.422705 8.231388668516308e6 122214.62295441097
0.425308 7.552798248498403e6 113512.13750627098
0.42791 6.933760937249807e6 105475.99751675337
0.430513 6.368736073584696e6 98051.61487640136
0.433115 5.852727436651875e6 91189.16338765432
0.435718 5.381226932993241e6 84843.13831609034
0.43832 4.950164396153535e6 78971.95897315023
0.440923 4.55586280443871e6 73537.60990467489
0.443525 4.1949983047786215e6 68505.3167372826
0.446127 3.8645645028326805e6 63843.25315834566
0.44873 3.5618405427919272e6 59522.27588145977
0.451332 3.2843625559101137e6 55515.68478340436
0.453935 3.029898105622639e6 51799.005695600485
0.456537 2.7964233000382725e6 48349.79359724059
0.45914 2.582102280356417e6 45147.45419244152
0.461742 2.3852688270155676e6 42173.08206321295
0.464345 2.2044098546793633e6 39409.31377674892
0.466947 2.0381505930020534e6 36840.194492055976
0.46955 1.8852412729126036e6 34451.05675954902
0.472152 1.7445451582868933e6 32228.410339970003
0.474755 1.6150277806653185e6 30159.841987585718
0.477357 1.495747250401857e6 28233.92424867798
0.479959 1.3858455315483094e6 26440.13242123302
0.482562 1.2845405801007152e6 24768.76890669188
0.485164 1.1911192561540522e6 23210.894260736517
0.487767 1.1049309301922505e6 21758.26431830392
0.490369 1.0253817123298803e6 20403.27282921528
0.492972 951929.2409470697 19138.89909571912
0.495574 884077.9739332271 17958.660152559627
0.498177 821374.9317766068 16856.567074488135
0.500779 763405.8470927143 15827.08503596471
0.503382 709791.6799514719 14865.0967836268
0.505984 660185.462608365 13965.869214345954
0.508587 614269.4410277959 13125.022780730402
0.511189 571752.4839600597 12338.503472095505
0.513791 532367.7333427147 11602.557142506239
0.516394 495870.4724837301 10913.705978770846
0.518996 462036.1908834294 10268.726920460775
0.521599 430658.82669694687 9664.631861366055
0.524201 401549.16975679866 9098.649477454372
0.526804 374533.40979120205 8568.208540554957
0.529406 349451.81601007335 8070.922589787442
0.532009 326157.53560675046 7604.575844335827
0.534611 304515.4999568672 7167.110251650292
0.537214 284401.428401735 6756.613574652221
0.539816 265700.9204959307 6371.308430120835
0.542419 248308.62848952867 6009.542198237038
0.545021 232127.50261548083 5669.7777303334415
0.547623 217068.10247160177 5350.584788316572
0.550226 203047.96843301886 5050.632155054256
0.552828 189991.04761242573 4768.680360312274
0.555431 177827.16940881227 4503.574971633116
0.558033 166491.5661565844 4254.240403920809
0.560636 155924.43481154196 4019.6742054716296
0.563238 146070.53599283544 3798.941781807609
0.565841 136878.8270451226 3591.1715219631387
0.568443 128302.12609648335 3395.5502948737303
0.571046 120296.80436869476 3211.3192862483725
0.573648 112822.50425027068 3037.7701487975237
0.576251 105841.88087198613 2874.241440959827
0.578853 99320.36513189237 2720.115331342493
0.581455 93225.9463042876 2574.8145479812356
0.584058 87528.97253671229 2437.79955325191
0.58666 82201.96769256683 2308.5659268432705
0.589263 77219.46313596767 2186.641940640836
0.591865 72557.84318142345 2071.586310689523
0.594468 68195.20304507161 1962.9861126071037
0.59707 64111.21823774084 1860.4548479228192
0.599673 60287.02443401543 1763.6306498241656
0.602275 56705.106936710225 1672.1746177184034
0.604878 53349.19893354785 1585.7692708613674
0.60748 50204.18781312522 1504.1171120812771
0.610083 47256.02887112516 1426.9392933357549
0.612685 44491.665795801215 1353.9743754918668
0.615287 41898.957374571095 1284.977175316706
0.61789 39466.60991160232 1219.7176932145094
0.620492 37184.11489000736 1157.9801157498664
0.623095 35041.69145208677 1099.5618874589604
0.625697 33030.23330733313 1044.2728468756372
0.6283 31141.259710965136 991.9344220894626
0.630902 29366.87018589709 942.3788815119017
0.633505 27699.70268852984 895.4486358567516
0.636107 26132.894943825984 850.9955876447118
0.63871 24660.04869801453 808.8805248213907
0.641312 23275.19665816561 768.9725553353144
0.643915 21972.77190695976 731.1485797594901
0.646517 20747.579598413915 695.2927992582785
0.649119 19594.770756264974 661.2962564025371
0.651722 18509.81801128597 629.0564065213889
0.654324 17488.49312714065 598.4767174499584
0.656927 16526.846176581777 569.4662956901958
0.659529 15621.186240962803 541.9395371473782
0.662132 14768.063516259219 515.8158007393135
0.664734 13964.2527181604 491.019103299244
0.667337 13206.737687375926 467.47783430809045
0.669939 12492.697104166677 445.1244890974688
0.672542 11819.491228325147 423.8954192628156
0.675144 11184.649587446003 403.7305991163514
0.677747 10585.859542399568 384.57340709329674
0.680349 10020.95566449372 366.37042110211024
0.682951 9487.909863927216 349.0712268811354
0.685554 8984.822213836582 332.6282384902928
0.688156 8509.91241855791 316.9965301278543
0.690759 8061.5118786933135 302.13367851912903
0.693361 7638.0563092208195 287.99961517657175
0.695964 7238.078870242534 274.5564878796026
0.698566 6860.203773053025 261.768530767655
0.701169 6503.1403270511855 249.60194248191536
0.703771 6165.677395634086 238.02477183010663
0.706374 5846.678231619696 227.00681048475593
0.708976 5545.0756649639625 216.5194922588838
0.711579 5259.867617581148 206.53579853412978
0.714181 4990.112921960882 197.03016944519518
0.716784 4734.9274220117495 187.97842045130406
0.719386 4493.480336163249 179.35766395028077
0.721988 4264.990864235477 171.14623561398602
0.724591 4048.725020949444 163.3236251453768
0.727193 3843.9926802095456 155.8704111774586
0.729796 3650.144815451633 148.7682000529877
0.732398 3466.570922423473 141.99956824111206
0.735001 3292.696611755917 135.54800816322052
0.737603 3127.9813595991072 129.39787721527216
0.740206 2971.916405445243 123.53434978782983
0.742808 2824.022787042323 117.94337209800747
0.745411 2683.8495030276054 112.61161965966093
0.748013 2550.9717945795082 107.52645722940937
0.750616 2424.9895380066987 102.675901076599
0.753218 2305.5257407670406 98.04858343511097
0.75582 2192.2251339403956 93.63371900404276
0.758423 2084.752854671404 89.42107337282306
0.761025 1982.7932125543016 85.40093325425477
0.763628 1886.048534354111 81.56407841639924
0.76623 1794.238081850211 77.90175521113211
0.768833 1707.0970379512048 74.40565160366347
0.771435 1624.3755565666033 71.06787361334086
0.774038 1545.837872033097 67.88092308168854
0.77664 1471.2614641828575 64.83767668889746
0.779243 1400.4362754101624 61.93136614489747
0.781845 1333.1639763421792 59.15555948573232
0.784448 1269.2572769515223 56.50414341026221
0.78705 1208.5392801633054 53.97130659622324
0.789652 1150.8428752094314 51.55152393843675
0.792255 1096.0101681685778 49.239541655469964
0.794857 1043.8919473029905 47.03036321433681
0.79746 994.3471809637256 44.91923602590485
0.800062 947.2425459852188 42.901638866550186
0.802665 902.451984628877 40.97326998430085
0.805267 859.8562882645355 39.13003585023018
0.80787 819.3427060987856 37.368040518227325
0.810472 780.8045773710517 35.683575558486666
0.813075 744.1409855423732 34.073110532132276
0.815677 709.2564330988562 32.533283976337806
0.81828 676.0605356820435 31.060894871128156
0.820882 644.467734342578 29.652894560755584
0.823484 614.3970247919373 28.306379104147155
0.826087 585.7717026000738 27.01858203042443
0.828689 558.5191233549095 25.78686747690697
0.831292 532.5704768631416 24.608723688333665
0.833894 507.86057453104405 23.481756857280445
0.836497 484.3276491192169 22.403685286917188
0.839099 461.9131661167587 21.37233385834313
0.841702 440.56164602848355 20.385628785767654
0.844304 420.2204969136908 19.44159264376958
0.846907 400.8398565569329 18.538339651775605
0.849509 382.37244369037995 17.67407120175141
0.852112 364.7734177239557 16.847071615899296
0.854714 348.00024647358043 16.055704121911496
0.857316 332.01258140979064 15.298407034034973
0.859919 316.7721399788324 14.573690128869536
0.862521 302.24259457623964 13.880131205449189
0.865124 288.3894677789607 13.216372819743773
0.867726 275.1800334665141 12.581119184273984
0.870329 262.58322348445057 11.973133224053797
0.872931 250.5695395247519 11.391233780566024
0.875534 239.11096991776404 10.834292955938457
0.878136 228.18091104895743 10.301233589923678
0.880739 217.7540931313083 9.791026862695691
0.883341 207.80651008047423 9.30269001686242
0.885944 198.31535325528253 8.835284192456935
0.888546 189.2589488404277 8.387912369013092
0.891148 180.61669866172414 7.959717409154058
0.893751 172.36902423689153 7.549880198427108
0.896353 164.4973138766634 7.1576178764043235
0.898956 156.98387266209778 6.782182154340402
0.901558 149.81187513435682 6.422857714933043
0.904161 142.9653205429671 6.07896068997254
0.906763 136.42899050771257 5.74983721189455
0.909366 130.18840895788114 5.4348620354635955
0.911968 124.22980422063175 5.133437226017332
0.914571 118.54007313779758 4.8449909108929825
0.917173 113.1067470975199 4.568976090835989
0.919776 107.91795987376372 4.3048695083629775
0.922378 102.96241717300627 4.052170570209894
0.92498 98.2293677932536 3.8104003211489585
0.927583 93.70857630604905 3.5791004666010178
0.930185 89.39029717730934 3.3578324416049865
0.932788 85.26525024768604 3.1461765238343116
0.93539 81.32459749771826 2.943730988471118
0.937993 77.55992102733379 2.750111302862689
0.940595 73.96320218329646 2.564949358993414
0.943198 70.52680177198586 2.387892741906767
0.9458 67.2434412984701 2.218604032309101
0.948403 64.1061851761848 2.0567601416779215
0.951005 61.10842385469022 1.9020516782836427
0.953608 58.2438578159483 1.7541823426158745
0.95621 55.50648239235675 1.6128683507822767
0.958812 52.89057336240843 1.477837884521243
0.961415 50.39067328231889 1.3488305665390756
0.964017 48.00157851429967 1.225596959947696
0.96662 45.7183269143454 1.10789809064097
0.969222 43.536186144474414 0.9955049915066985
0.971825 41.45064257630749 0.8881982674266293
0.974427 39.45739075470432 0.7857676800699593
0.97703 37.552323391905915 0.6880117515353428
0.979632 35.7315218642597 0.5947373859439624
0.982235 33.9912471851393 0.5057595081309243
0.984837 32.327931429118514 0.4209007186248508
0.98744 30.73816958382182 0.3399909641455565
0.990042 29.21871180716317 0.26286722288814524
0.992644 27.766456068894218 0.18937320389786727
0.995247 26.37844115653098 0.11935905987438655
0.997849 25.051840026805284 0.05268111277679832
1.00045 23.783953484807085 -0.010798408368631218
1.00305 22.572204173944176 -0.07121161802654274
1.00566 21.414130860753666 -0.12868521361728247
1.00826 20.307382999455122 -0.18334070440291717
1.01086 19.24971556194454 -0.23529463028394915
1.01346 18.238984119690713 -0.28465877097252124
1.01607 17.273140164716988 -0.3315403459853141
1.01867 16.35022665753203 -0.3760422058780022
1.02127 15.468373790516061 -0.4182630151227653
1.02387 14.625794955876936 -0.45829742701115705
1.02648 13.820782907864176 -0.4962362509462048
1.02908 13.051706109471853 -0.532166612470315
1.03168 12.317005254373514 -0.5661721063589864
1.03428 11.615189955317637 -0.5983329430946198
1.03689 10.944835590669715 -0.6287260890198367
1.03949 10.304580301220476 -0.6574254004555091
1.04209 9.6931221297903 -0.6845017520552195
1.04469 9.10921629654556 -0.7100231596551003
1.0473 8.551672603311163 -0.7340548978657888
1.0499 8.019352960509176 -0.7566596126416694
1.0525 7.511169030681806 -0.7778974290515661
1.0551 7.026079982867614 -0.7978260544645659
1.05771 6.563090352393609 -0.8165008773547275
1.06031 6.121248000924052 -0.8339750619189057
1.06291 5.699642171870145 -0.8502996386929649
1.06551 5.297401636514066 -0.8655235913430364
1.06812 4.913692926436975 -0.8796939398003416
1.07072 4.547718648064044 -0.892855819900322
1.07332 4.198715875351606 -0.9050525596794368
1.07592 3.865954616841826 -0.9163257524759505
1.07853 3.548736353500549 -0.9267153269743251
1.08113 3.246392643934113 -0.9362596143264683
1.08373 2.958283793751355 -0.9449954124770117
1.08633 2.683797585998984 -0.9529580478140005
1.08894 2.4223480697518376 -0.9601814342608825
1.09154 2.173374404084524 -0.966698129920426
1.09414 1.9363397547895342 -0.9725393913762022
1.09674 1.7107302413364716 -0.9777352257525058
1.09935 1.496053931692059 -0.9823144406290434
1.10195 1.2918398827373778 -0.9863046919024085
1.10455 1.0976372241306915 -0.9897325296822186
1.10715 0.913014283569741 -0.9926234423058844
1.10976 0.7375577515078745 -0.995001898552214
1.11236 0.5708718834736572 -0.9968913881305104
1.11496 0.4125777382337596 -0.9983144605183802
1.11756 0.26231245012503696 -0.9992927622182621
1.12017 0.1197285339627686 -0.9998470724995683
1.12277 -0.0005379340477010781 -0.9999999077317536
1.12537 -0.0051080132579762755 -0.9999916417993344
1.12797 -0.009656867804315676 -0.999969987852951
1.13057 -0.014184522420646465 -0.9999349464724199
1.13318 -0.018691001620571458 -0.9998865185960257
1.13578 -0.023176329703140524 -0.9998247055204964
1.13838 -0.02764053075854258 -0.9997495089009683
1.14098 -0.03208362867371931 -0.9996609307509414
1.14359 -0.036505647137901796 -0.999558973442227
1.14619 -0.04090660964807123 -0.999443639704882
1.14879 -0.04528653951434473 -0.9993149326271378
1.15139 -0.04964545986528709 -0.999172855655316
1.154 -0.05398339365315173 -0.9990174125937372
1.1566 -0.058300363659046325 -0.9988486076046189
1.1592 -0.06259639249803158 -0.9986664452079637
1.1618 -0.06687150262414855 -0.9984709302814384
1.16441 -0.07112571633537801 -0.9982620680602439
1.16701 -0.07535905577853202 -0.9980398641369741
1.16961 -0.07957154295407899 -0.997804324461467
1.17221 -0.08376319972090328 -0.9975554553406452
1.17482 -0.08793404780099978 -0.9972932634383462
1.17742 -0.09208410878410511 -0.9970177557751454
1.18002 -0.09621340413226556 -0.9967289397281669
1.18262 -0.10032195518434328 -0.9964268230308864
1.18523 -0.1044097831604612 -0.9961114137729244
1.18783 -0.10847690916638798 -0.9957827203998292
1.19043 -0.112523354197863 -0.9954407517128507
1.19303 -0.1165491391448633 -0.9950855168687052
1.19564 -0.12055428479581239 -0.9947170253793298
1.19824 -0.12453881184173211 -0.9943352871116279
1.20084 -0.1285027408803385 -0.9939403122872048
1.20344 -0.1324460924200816 -0.9935321114820942
1.20605 -0.13636888688413237 -0.993110695626475
1.20865 -0.1402711446143123 -0.9926760760043786
1.21125 -0.1441528858749733 -0.9922282642533866
1.21385 -0.14801413085682313 -0.9917672723643195
1.21646 -0.15185489968069965 -0.9912931126809152
1.21906 -0.15567521240129384 -0.9908057978994991
1.22166 -0.15947508901082247 -0.9903053410686432
1.22426 -0.16325454944265094 -0.9897917555888178
1.22687 -0.16701361357486721 -0.9892650552120319
1.22947 -0.17075230123380716 -0.9887252540414653
1.23207 -0.17447063219753198 -0.9881723665310906
1.23467 -0.1781686261992589 -0.987606407485287
1.23728 -0.18184630293074502 -0.9870273920584429
1.23988 -0.185503682045625 -0.9864353357545507
1.24248 -0.18914078316270402 -0.9858302544267916
1.24508 -0.19275762586920525 -0.9852121642771108
1.24769 -0.19635422972397376 -0.9845810818557843
1.25029 -0.19993061426063646 -0.983937024060975
1.25289 -0.20348679899071892 -0.9832800081382808
1.25549 -0.20702280340671972 -0.9826100516802723
1.2581 -0.21053864698514407 -0.9819271726260222
1.2607 -0.214034349189493 -0.981231389260625
1.2633 -0.21750992947321457 -0.9805227202147069
1.2659 -0.22096540728261369 -0.9798011844639269
1.26851 -0.22440080205972135 -0.97906680132847
1.27111 -0.2278161332451255 -0.9783195904725278
1.27371 -0.2312114202807623 -0.9775595719037737
1.27631 -0.2345866826126692 -0.9767867659728262
1.27892 -0.2379419396937001 -0.9760011933727045
1.28152 -0.24127721098620278 -0.9752028751382741
1.28412 -0.24459251596465995 -0.9743918326456836
1.28672 -0.24788787411829252 -0.9735680876117925
1.28933 -0.25116330495362793 -0.9727316620935896
1.29193 -0.25441882799703214 -0.9718825784876022
1.29453 -0.2576544627972067 -0.9710208595292968
1.29713 -0.26087022892765016 -0.9701465282924702
1.29974 -0.26406614598908645 -0.9692596081886309
1.30234 -0.2672422336118579 -0.9683601229663736
1.30494 -0.27039851145828503 -0.9674480967107426
1.30754 -0.2735349992249945 -0.9665235538425861
1.31014 -0.27665171664521115 -0.965586519117904
1.31275 -0.27974868349102056 -0.9646370176271837
1.31535 -0.2828259195755985 -0.9636750747947282
1.31795 -0.285883444755408 -0.9627007163779767
1.32055 -0.28892127893236624 -0.9617139684668132
1.32316 -0.29193944205597955 -0.9607148574828692
1.32576 -0.2949379541254486 -0.9597034101788156
1.32836 -0.2979168351917427 -0.958679653637646
1.33096 -0.3008761053596443 -0.9576436152719525
1.33357 -0.30381578478976423 -0.9565953228231914
1.33617 -0.30673589370052745 -0.9555348043609395
1.33877 -0.30963645237013004 -0.9544620882821435
1.34137 -0.31251748113846733 -0.9533772033103592
1.34398 -0.3153790004090343 -0.9522801784949827
1.34658 -0.3182210306507974 -0.9511710432104719
1.34918 -0.3210435924000392 -0.9500498271555609
1.35178 -0.32384670626217554 -0.9489165603524634
1.35439 -0.3266303929135456 -0.9477712731460709
1.35699 -0.3293946731031754 -0.9466139962031379
1.35959 -0.33213956765451513 -0.9454447605114622
1.36219 -0.3348650974671494 -0.9442635973790547
1.3648 -0.3375712835184822 -0.9430705384333011
1.3674 -0.34025814686539696 -0.9418656156201151
1.37 -0.34292570864589006 -0.9406488612030829
1.3726 -0.3455739900806801 -0.9394203077625993
1.37521 -0.3482030124747924 -0.9381799881949957
1.37781 -0.3508127972191182 -0.9369279357116584
1.38041 -0.35340336579195064 -0.9356641838381403
1.38301 -0.35597473976049665 -0.9343887664132624
1.38562 -0.35852694078236397 -0.933101717588208
1.38822 -0.36105999060702626 -0.9318030718256088
1.39082 -0.36357391107726367 -0.9304928638986212
1.39342 -0.36606872413058134 -0.9291711288899955
1.39603 -0.36854445180060486 -0.927837902191137
1.39863 -0.3710011162184521 -0.9264932195011578
1.40123 -0.3734387396140856 -0.925137116825921
1.40383 -0.37585734431763923 -0.9237696304770767
1.40644 -0.37825695276072624 -0.9223907970710897
1.40904 -0.38063758747772314 -0.921000653528259
1.41164 -0.382999271107035 -0.919599237071729
1.41424 -0.385342026392336 -0.9181865852264933
1.41685 -0.38766587618379217 -0.9167627358183894
1.41945 -0.38997084343926214 -0.9153277269730862
1.42205 -0.3922569512254769 -0.9138815971150629
1.42465 -0.3945242227192003 -0.9124243849665803
1.42726 -0.39677268120836817 -0.9109561295466437
1.42986 -0.39900235009320845 -0.9094768701699587
1.43246 -0.4012132528873419 -0.9079866464458775
1.43506 -0.40340541321886125 -0.9064854982773395
1.43767 -0.40557885483139383 -0.9049734658598017
1.44027 -0.40773360158514294 -0.9034505896801632
1.44287 -0.40986967745791053 -0.9019169105156807
1.44547 -0.41198710654610243 -0.900372469432877
1.44808 -0.4140859130657128 -0.8988173077864408
1.45068 -0.41616612135329273 -0.8972514672181198
1.45328 -0.4182277558668976 -0.8956749896556059
1.45588 -0.4202708411870196 -0.8940879173114118
1.45849 -0.4222954020174989 -0.8924902926817416
1.46109 -0.4243014631864207 -0.8908821585453518
1.46369 -0.4262890496469915 -0.8892635579624067
1.46629 -0.42825818647839997 -0.8876345342733255
1.4689 -0.43020889888665936 -0.8859951310976208
1.4715 -0.4321412122054342 -0.8843453923327321
1.4741 -0.43405515189684835 -0.8826853621528487
1.4767 -0.43595074355227825 -0.8810150850077282
1.4793 -0.43782801289312717 -0.8793346056215057
1.48191 -0.4396869857715857 -0.8776439689914964
1.48451 -0.4415276881713739 -0.8759432203869907
1.48711 -0.44335014620846713 -0.8742324053480419
1.48971 -0.4451543861318086 -0.8725115696842471
1.49232 -0.44694043432400204 -0.8707807594735204
1.49492 -0.4487083173019926 -0.8690400210608589
1.49752 -0.45045806171772873 -0.8672894010571022
1.50012 -0.4521896943588115 -0.8655289463376841
1.50273 -0.45390324214912614 -0.8637587040413772
1.50533 -0.45559873214946073 -0.8619787215690311
1.50793 -0.4572761915581075 -0.860189046582303
1.51053 -0.4589356477114515 -0.8583897270023813
1.51314 -0.4605771280845432 -0.8565808110087026
1.51574 -0.46220066029165635 -0.854762347037662
1.51834 -0.4638062720868316 -0.8529343837813153
1.52094 -0.4653939913644066 -0.8510969701860758
1.52355 -0.4669638461595302 -0.849250155451404
1.52615 -0.4685158646486639 -0.8473939890284894
1.52875 -0.470050075150069 -0.8455285206189268
1.53135 -0.4715665061242789 -0.8436538001733853
1.53396 -0.4730651861745591 -0.8417698778902711
1.53656 -0.47454614404735257 -0.8398768042143833
1.53916 -0.4760094086327118 -0.8379746298355626
1.54176 -0.4774550089647176 -0.8360634056873348
1.54437 -0.47888297422188464 -0.8341431829455467
1.54697 -0.4802933337275534 -0.8322140130269953
1.54957 -0.4816861169502695 -0.8302759475880519
1.55217 -0.4830613535041501 -0.8283290385232784
1.55478 -0.4844190731492365 -0.8263733379640374
1.55738 -0.4857593057918356 -0.8244088982770976
1.55998 -0.4870820814848476 -0.8224357720632297
1.56258 -0.48838743042808086 -0.8204540121557999
1.56519 -0.489675382968556 -0.8184636716193536
1.56779 -0.49094596960079534 -0.8164648037481955
1.57039 -0.49219922096710245 -0.8144574620649623
1.57299 -0.49343516785782754 -0.8124417003191895
1.5756 -0.49465384121162254 -0.8104175724858722
1.5782 -0.49585527211568325 -0.8083851327640197
1.5808 -0.49703949180597984 -0.8063444355752045
1.5834 -0.49820653166747564 -0.8042955355621051
1.58601 -0.4993564232343346 -0.8022384875870423
1.58861 -0.5004891981901168 -0.8001733467305112
1.59121 -0.501604888367963 -0.7981001682897052
1.59381 -0.502703525750767 -0.7960190077770362
1.59642 -0.503785142471338 -0.7939299209186478
1.59902 -0.5048497708125508 -0.7918329636529229
1.60162 -0.5058974432074846 -0.7897281921289867
1.60422 -0.5069281922395529 -0.7876156627052022
1.60683 -0.5079420506426195 -0.7854954319476621
1.60943 -0.5089390513011064 -0.7833675566286731
1.61203 -0.5099192272500889 -0.781232093725237
1.61463 -0.5108826116753821 -0.7790891004175237
1.61724 -0.5118292379136147 -0.776938634087341
1.61984 -0.5127591394522938 -0.7747807523165982
1.62244 -0.5136723499298593 -0.7726155128857635
1.62504 -0.5145689031357267 -0.7704429737723177
1.62765 -0.5154488330103217 -0.7682631931492013
1.63025 -0.5163121736451026 -0.7660762293832568
1.63285 -0.517158959282574 -0.7638821410336658
1.63545 -0.5179892243162902 -0.7616809868503813
1.63806 -0.5188030032908486 -0.7594728257725548
1.64066 -0.5196003309018732 -0.7572577169269571
1.64326 -0.5203812419959885 -0.755035719626396
1.64586 -0.5211457715707835 -0.7528068933681278
1.64846 -0.5218939547747671 -0.7505712978322645
1.65107 -0.5226258269073122 -0.7483289928801751
1.65367 -0.5233414234185919 -0.7460800385528834
1.65627 -0.5240407799095058 -0.7438244950694599
1.65887 -0.5247239321315968 -0.7415624228254094
1.66148 -0.5253909159869592 -0.739293882391054
1.66408 -0.5260417675281366 -0.7370189345099116
1.66668 -0.5266765229580127 -0.7347376400970677
1.66928 -0.5272952186296905 -0.7324500602375468
1.67189 -0.5278978910463652 -0.730156256184675
1.67449 -0.528484576861186 -0.7278562893584403
1.67709 -0.5290553128771098 -0.7255502213438481
1.67969 -0.5296101360467479 -0.7232381138892724
1.6823 -0.5301490834722011 -0.7209200289048018
1.6849 -0.5306721924048884 -0.7185960284605821
1.6875 -0.5311795002453663 -0.7162661747851545
1.6901 -0.5316710445431393 -0.7139305302637887
1.69271 -0.5321468629964635 -0.7115891574368133
1.69531 -0.5326069934521399 -0.7092421189979404
1.69791 -0.5330514739053005 -0.7068894777925874
1.70051 -0.5334803424991867 -0.704531296816194
1.70312 -0.5338936375249184 -0.7021676392125351
1.70572 -0.5342913974212553 -0.6997985682720312
1.70832 -0.5346736607743514 -0.697424147430052
1.71092 -0.5350404663174995 -0.6950444402652194
1.71353 -0.5353918529308695 -0.6926595104977038
1.71613 -0.5357278596412384 -0.6902694219875191
1.71873 -0.5360485256217119 -0.6878742387328114
1.72133 -0.5363538901914386 -0.6854740248681466
1.72394 -0.5366439928153182 -0.6830688446627927
1.72654 -0.5369188731036985 -0.6806587625189986
1.72914 -0.5371785708120683 -0.6782438429702697
1.73174 -0.537423125840742 -0.6758241506796405
1.73435 -0.5376525782345348 -0.6733997504379421
1.73695 -0.5378669681824331 -0.6709707071620685
1.73955 -0.5380663360172562 -0.6685370858932376
1.74215 -0.5382507222153116 -0.6660989517952495
1.74476 -0.5384201673960414 -0.6636563701527423
1.74736 -0.5385747123216645 -0.6612094063694436
1.74996 -0.5387143978968087 -0.6587581259664195
1.75256 -0.5388392651681371 -0.6563025945803194
1.75517 -0.5389493553239679 -0.6538428779616197
1.75777 -0.5390447096938875 -0.6513790419728619
1.76037 -0.5391253697483547 -0.6489111525868904
1.76297 -0.5391913770983003 -0.6464392758850849
1.76558 -0.5392427734947197 -0.6439634780555913
1.76818 -0.5392796008282571 -0.6414838253915498
1.77078 -0.5393019011287848 -0.639000384289319
1.77338 -0.539309716564976 -0.6365132212466992
1.77599 -0.5393030894438684 -0.6340224028611503
1.77859 -0.5392820622104256 -0.6315279958280102
1.78119 -0.5392466774470883 -0.6290300669387079
1.78379 -0.5391969778733209 -0.6265286830789748
1.7864 -0.5391330063451512 -0.6240239112270549
1.789 -0.5390548058547042 -0.6215158184519103
1.7916 -0.5389624195297302 -0.6190044719114258
1.7942 -0.5388558906331241 -0.6164899388506109
1.79681 -0.5387352625624422 -0.6139722865997982
1.79941 -0.5386005788494105 -0.6114515825728416
1.80201 -0.5384518831594269 -0.6089278942653111
1.80461 -0.53828921929106 -0.6064012892526849
1.80722 -0.5381126311755375 -0.6038718351885402
1.80982 -0.5379221628762331 -0.6013395998027417
1.81242 -0.5377178585881455 -0.5988046508996283
1.81502 -0.5374997626373708 -0.5962670563561976
1.81762 -0.5372679194805707 -0.5937268841202878
1.82023 -0.5370223737044353 -0.5911842022087581
1.82283 -0.5367631700251374 -0.5886390787056689
1.82543 -0.5364903532877849 -0.5860915817604574
1.82803 -0.5362039684658653 -0.5835417795861131
1.83064 -0.5359040606606844 -0.5809897404573515
1.83324 -0.5355906751008017 -0.5784355327087861
1.83584 -0.535263857141458 -0.5758792247330982
1.83844 -0.5349236522639993 -0.5733208849792055
1.84105 -0.534570106075294 -0.5707605819504301
1.84365 -0.5342032643071458 -0.5681983842026631
1.84625 -0.5338231728157015 -0.5656343603425302
1.84885 -0.533429877580852 -0.5630685790255534
1.85146 -0.5330234247056305 -0.5605011089543133
1.85406 -0.5326038604156031 -0.5579320188766093
1.85666 -0.5321712310582561 -0.5553613775836193
1.85926 -0.5317255831023782 -0.5527892539080569
1.86187 -0.5312669631374359 -0.5502157167223287
1.86447 -0.5307954178729463 -0.5476408349366904
1.86707 -0.5303109941378437 -0.5450646774974006
1.86967 -0.5298137388798411 -0.5424873133848769
1.87228 -0.5293036991647878 -0.5399088116118455
1.87488 -0.5287809221760217 -0.5373292412214963
1.87748 -0.5282454552137166 -0.5347486712856329
1.88008 -0.5276973456942251 -0.5321671709028228
1.88269 -0.5271366411494174 -0.5295848091965483
1.88529 -0.5265633892260142 -0.5270016553133539
1.88789 -0.5259776376849162 -0.5244177784209967
1.89049 -0.5253794344005283 -0.521833247706593
1.8931 -0.5247688273600798 -0.5192481323747663
1.8957 -0.5241458646629403 -0.516662501645794
1.8983 -0.5235105945199297 -0.5140764247537538
1.9009 -0.5228630652526263 -0.5114899709446709
1.90351 -0.5222033252926682 -0.5089032094746618
1.90611 -0.5215314231810523 -0.5063162096080823
1.90871 -0.5208474075674275 -0.5037290406156705
1.91131 -0.5201513272093848 -0.501141771772694
1.91392 -0.5194432309717422 -0.4985544723570936
1.91652 -0.5187231678258265 -0.4959672116476288
1.91912 -0.517991186848751 -0.49338005892202264
1.92172 -0.5172473372226876 -0.49079308345510686
1.92433 -0.5164916682341366 -0.4882063545169666
1.92693 -0.5157242292731923 -0.4856199413710862
1.92953 -0.5149450698328033 -0.48303391327249356
1.93213 -0.5141542395080305 -0.48044833946590737
1.93474 -0.5133517879953003 -0.477863289183881
1.93734 -0.5125377650916545 -0.4752788316449502
1.93994 -0.5117122206939958 -0.472695036051779
1.94254 -0.5108752047983302 -0.47011197158930706
1.94515 -0.5100267674990051 -0.46752970742289657
1.94775 -0.5091669589879444 -0.46494831269648085
1.95035 -0.5082958295538791 -0.4623678565307128
1.95295 -0.5074134295815753 -0.4597884080211134
1.95556 -0.5065198095510574 -0.457210036236223
1.95816 -0.5056150200368289 -0.4546328102157504
1.96076 -0.5046991117070895 -0.4520567989687252
1.96336 -0.5037721353229477 -0.4494820714716494
1.96597 -0.502834141737632 -0.4469086966666509
1.96857 -0.5018851818956959 -0.44433674345963725
1.97117 -0.5009253068322229 -0.4417662807184506
1.97377 -0.4999545676720249 -0.43919737727102337
1.97638 -0.4989730156288401 -0.4366301019035361
1.97898 -0.49798070200452543 -0.4340645233585749
1.98158 -0.4969776781882475 -0.43150071033329085
1.98418 -0.4959639956556694 -0.4289387314775607
1.98678 -0.49493970596813436 -0.4263786553921485
1.98939 -0.493904860771847 -0.4238205506268691
1.99199 -0.4928595117970507 -0.4212644856787521
1.99459 -0.49180371085720276 -0.4187105289902078
1.99719 -0.4907375098481458 -0.4161587489471954
1.9998 -0.48966096074727633 -0.4136092138773906
2.0024 -0.4885741156127115 -0.4110619920483569
2.005 -0.48747702658245096 -0.408517151665717
2.0076 -0.48636974587353765 -0.40597476087132744
2.01021 -0.485252325781215 -0.4034348877414531
2.01281 -0.4841248186780815 -0.4008976002849445
2.01541 -0.48298727701324184 -0.3983629664414172
2.01801 -0.481839753311457 -0.39583105407943253
2.02062 -0.4806823001722899 -0.3933019309946798
2.02322 -0.47951497026924883 -0.3907756649081613
2.02582 -0.47833781634892975 -0.3882523234643791
2.02842 -0.47715089123015325 -0.38573197422952377
2.03103 -0.47595424780310197 -0.3832146846896648
2.03363 -0.4747479390284529 -0.38070052224894413
2.03623 -0.4735320179365092 -0.3781895542277707
2.03883 -0.47230653762632807 -0.3756818478610182
2.04144 -0.4710715512648474 -0.37317747029622494
2.04404 -0.46982711208600925 -0.3706764885917957
2.04664 -0.468573273389881 -0.3681789697152057
2.04924 -0.467310088541775 -0.3656849805412079
2.05185 -0.4660376109713649 -0.36319458785004266
2.05445 -0.4647558941718004 -0.3607078583256488
2.05705 -0.46346499169881933 -0.35822485855387864
2.05965 -0.46216495716985817 -0.35574565502071476
2.06226 -0.4608558442631597 -0.35327031411049004
2.06486 -0.45953770671687905 -0.3507989021041096
2.06746 -0.4582105983281875 -0.34833148517727686
2.07006 -0.4568745729523741 -0.3458681293987206
2.07267 -0.45552968450194553 -0.34340890072842645
2.07527 -0.4541759869457238 -0.34095386501587144
2.07787 -0.4528135343079414 -0.33850308799825823
2.08047 -0.45144238066733633 -0.33605663529875807
2.08308 -0.4500625801562431 -0.3336145724247518
2.08568 -0.4486741869596833 -0.3311769647660764
2.08828 -0.4472772553144534 -0.3287438775932736
2.09088 -0.4458718395082116 -0.3263153760558425
2.09349 -0.44445799387856216 -0.32389152518049524
2.09609 -0.4430357728121391 -0.3214723898694152
2.09869 -0.44160523074368635 -0.31905803489852014
2.10129 -0.44016642215513796 -0.3166485249157267
2.1039 -0.43871940157469613 -0.31424392443922033
2.1065 -0.4372642235759073 -0.3118442978557264
2.1091 -0.4358009427767366 -0.3094497094187878
2.1117 -0.43432961383864177 -0.30706022324704274
2.11431 -0.43285029146564413 -0.3046759033225097
2.11691 -0.4313630304033991 -0.3022968134888727
2.11951 -0.4298678854382647 -0.29992301744977246
2.12211 -0.42836491139636945 -0.29755457876710034
2.12472 -0.42685416314267716 -0.2951915608592969
2.12732 -0.4253356955800525 -0.29283402699965344
2.12992 -0.4238095636483238 -0.29048204031461766
2.13252 -0.4222758223233448 -0.2881356637821033
2.13513 -0.4207345266160555 -0.28579496022980444
2.13773 -0.41918573157154115 -0.2834599923335124
2.14033 -0.4176294922680911 -0.28113082261543765
2.14293 -0.41606586381625504 -0.2788075134425364
2.14554 -0.4144949013578994 -0.27649012702484
2.14814 -0.4129166600652615 -0.27417872541378907
2.15074 -0.4113311951400035 -0.27187337050057214
2.15334 -0.4097385618122648 -0.2695741240144689
2.15595 -0.4081388153397137 -0.2672810475211964
2.15855 -0.4065320110065976 -0.2649942024212615
2.16115 -0.40491820412279267 -0.2627136499483158
2.16375 -0.4032974500228524 -0.260439451167517
2.16635 -0.4016698040650552 -0.2581716669738927
2.16896 -0.4000353216304514 -0.2559103580907116
2.17156 -0.3983940581219087 -0.25365558506785524
2.17416 -0.39674606896315745 -0.25140740828019825
2.17676 -0.395091409597835 -0.2491658879259917
2.17937 -0.39343013548852906 -0.2469310840252501
2.18197 -0.3917623021158203 -0.24470305641814583
2.18457 -0.3900879649773249 -0.24248186476340527
2.18717 -0.38840717958673515 -0.2402675685367126
2.18978 -0.38672000147286084 -0.23806022702911633
2.19238 -0.3850264861786687 -0.23585989934544282
2.19498 -0.3833266892603223 -0.233666644402712
2.19758 -0.3816206662862206 -0.23148052092856153
2.20019 -0.37990847283603657 -0.22930158745967277
2.20279 -0.378190164499755 -0.22712990234020514
2.20539 -0.376465796876709 -0.22496552372023104
2.20799 -0.3747354255746182 -0.2228085095541823
2.2106 -0.3729991062086242 -0.2206589175992959
2.2132 -0.3712568944003273 -0.21851680541406804
2.2158 -0.3695088457768216 -0.21638223035671345
2.2184 -0.3677550159697302 -0.21425524958362885
2.22101 -0.36599546061424093 -0.21213592004786275
2.22361 -0.36423023534814036 -0.21002429849759086
2.22621 -0.3624593958108484 -0.20792044147459587
2.22881 -0.36068299764245265 -0.2058244053127536
2.23142 -0.35890109648274227 -0.20373624613652563
2.23402 -0.3571137479702419 -0.20165601985945458
2.23662 -0.3553210077412452 -0.1995837821826688
2.23922 -0.353522931428848 -0.19751958859338947
2.24183 -0.35171957466198256 -0.1954634943634459
2.24443 -0.3499109930644501 -0.1934155545477948
2.24703 -0.34809724225395466 -0.19137582398304653
2.24963 -0.34627837784113613 -0.18934435728599686
2.25224 -0.3444544554286034 -0.18732120885216375
2.25484 -0.34262553060996787 -0.18530643285433213
2.25744 -0.34079165896887714 -0.18330008324110203
2.26004 -0.33895289607804774 -0.18130221373544486
2.26265 -0.3371092974982994 -0.17931287783326444
2.26525 -0.3352609187775882 -0.17733212880196492
2.26785 -0.33340781545004117 -0.17536001967902437
2.27045 -0.33155004303498964 -0.17339660327057438
2.27306 -0.3296876570360042 -0.17144193214998638
2.27566 -0.32782071293992854 -0.16949605865646367
2.27826 -0.32594926621591525 -0.16755903489364055
2.28086 -0.32407337231445993 -0.1656309127281863
2.28347 -0.3221930866664373 -0.1637117437884168
2.28607 -0.320308464682137 -0.1618015794629123
2.28867 -0.3184195617502993 -0.15990047089914117
2.29127 -0.316526433237152 -0.1580084690020902
2.29388 -0.3146291344854479 -0.15612562443290212
2.29648 -0.31272772081350125 -0.15425198760751824
2.29908 -0.3108222475142267 -0.1523876086953293
2.30168 -0.3089127698541773 -0.15053253761783147
2.30429 -0.30699934307258375 -0.14868682404729094
2.30689 -0.30508202238039284 -0.14685051740541066
2.30949 -0.3031608629593095 -0.14502366686201085
2.31209 -0.3012359199608362 -0.14320632133371092
2.3147 -0.29930724850531465 -0.14139852948261866
2.3173 -0.2973749036809681 -0.13960033971502828
2.3199 -0.2954389405429433 -0.1378118001801243
2.3225 -0.29349941411235536 -0.13603295876869148
2.32511 -0.29155637937533024 -0.13426386311183358
2.32771 -0.28960989128205084 -0.13250456057969728
2.33031 -0.2876600047458021 -0.13075509828020349
2.33291 -0.28570677464201805 -0.12901552305778674
2.33551 -0.28375025580732866 -0.1272858814921407
2.33812 -0.2817905030386083 -0.12556621989697025
2.34072 -0.2798275710920249 -0.12385658431875202
2.34332 -0.27786151468208964 -0.12215702053550115
2.34592 -0.27589238848070835 -0.12046757405554565
2.34853 -0.273920247116233 -0.1187882901163082
2.35113 -0.27194514517251456 -0.11711921368309386
2.35373 -0.2699671371879573 -0.11546038944788706
2.35633 -0.26798627765457306 -0.11381186182815417
2.35894 -0.26600262101703787 -0.11217367496565478
2.36154 -0.26401622167174843 -0.11054587272525906
2.36414 -0.2620271339658805 -0.10892849869377441
2.36674 -0.2600354121964483 -0.10732159617877657
2.36935 -0.25804111060936463 -0.10572520820745157
2.37195 -0.2560442833985023 -0.104139377525443
2.37455 -0.2540449847047575 -0.10256414659570712
2.37715 -0.25204326861511317 -0.10099955759737644
2.37976 -0.25003918916170453 -0.09944565242463
2.38236 -0.2480328003208856 -0.09790247268557173
2.38496 -0.2460241560122969 -0.09637005970111578
2.38756 -0.24401331009793445 -0.09484845450388146
2.39017 -0.24200031638122055 -0.09333769783709278
2.39277 -0.23998522860607505 -0.0918378301534889
2.39537 -0.23796810045598904 -0.09034889161423998
2.39797 -0.2359489855530989 -0.0888709220878724
2.40058 -0.23392793745726276 -0.08740396114920101
2.40318 -0.23190500966513783 -0.0859480480782695
2.40578 -0.2298802556092592 -0.0845032218592987
2.40838 -0.22785372865712036 -0.08306952117964272
2.41099 -0.22582548211025497 -0.08164698442875218
2.41359 -0.22379556920332053 -0.08023564969714791
2.41619 -0.22176404310318357 -0.07883555477539961
2.41879 -0.2197309569080059 -0.0774467371531149
2.4214 -0.21769636364633294 -0.07606923401793486
2.424 -0.21566031627618387 -0.07470308225453848
2.4266 -0.21362286768414285 -0.07334831844365497
2.4292 -0.2115840706844523 -0.07200497886108448
2.43181 -0.2095439780181076 -0.0706730994767264
2.43441 -0.20750264235195437 -0.06935271595361636
2.43701 -0.20546011627778582 -0.06804386364697168
2.43961 -0.2034164523114435 -0.06674657760324398
2.44222 -0.2013717028919191 -0.0654608925591813
2.44482 -0.19932592038045813 -0.06418684294089783
2.44742 -0.1972791570596651 -0.06292446286295184
2.45002 -0.19523146513261147 -0.061673786127432795
2.45263 -0.19318289672194427 -0.06043484622305573
2.45523 -0.19113350386899802 -0.05920767632426449
2.45783 -0.18908333853290685 -0.057992309290344046
2.46043 -0.1870324525897199 -0.056788777664539825
2.46304 -0.1849808978315184 -0.05559711367318709
2.46564 -0.1829287259655342 -0.05441734922484742
2.46824 -0.180875988613271 -0.053249515909455036
2.47084 -0.178822737309627 -0.05209364499746982
2.47345 -0.1767690235020199 -0.050949767439041005
2.47605 -0.17471489854951378 -0.04981791386317824
2.47865 -0.17266041372194882 -0.04869811457693096
2.48125 -0.17060562019907152 -0.047590399564577335
2.48386 -0.16855056906966848 -0.046494798486821365
2.48646 -0.1664953113307018 -0.045411340679998524
2.48906 -0.16443989788644672 -0.04434005515529016
2.49166 -0.1623843795476312 -0.04328097059794689
2.49427 -0.16032880703057814 -0.042234115366520664
2.49687 -0.15827323095634901 -0.04119951749210471
2.49947 -0.1562177018498914 -0.04017720467758401
2.50207 -0.15416227013918635 -0.039167204296892466
2.50467 -0.15210698615440005 -0.03816954339428036
2.50728 -0.15005190012703712 -0.037184248683590715
2.50988 -0.14799706218909628 -0.03621134654754343
2.51248 -0.145942522372227 -0.03525086303702829
2.51508 -0.14388833060689177 -0.034302823870408616
2.51769 -0.1418345367215275 -0.03336725443283217
2.52029 -0.13978119044171056 -0.03244417977555103
2.52289 -0.13772834138932505 -0.031533624615251
2.52549 -0.13567603908173156 -0.030635613333390266
2.5281 -0.1336243329309402 -0.029750169975545693
2.5307 -0.13157327224278537 -0.02887731825077
2.5333 -0.12952290621610285 -0.028017081530955945
2.5359 -0.12747328394190974 -0.027169482850210924
2.53851 -0.12542445440258676 -0.026334544904240365
2.54111 -0.12337646647106296 -0.02551229004973965
2.54371 -0.12132936891000377 -0.024702740303795823
2.54631 -0.1192832103710002 -0.023905917343297944
2.54892 -0.11723803939376179 -0.02312184250435645
2.55152 -0.11519390440531214 -0.022350536781731822
2.55412 -0.1131508537191864 -0.021592020828273384
2.55672 -0.11110893553463201 -0.02084631495436462
2.55933 -0.10906819793581184 -0.020113439127380728
2.56193 -0.10702868889101001 -0.01939341297115349
2.56453 -0.10499045625184061 -0.01868625576544547
2.56713 -0.10295354775245939 -0.017991986445434316
2.56974 -0.1009180110087769 -0.0173106236012055
2.57234 -0.09888389351767611 -0.016642185477254712
2.57494 -0.09685124265623186 -0.015986689971998813
2.57754 -0.09482010568093312 -0.015344154637297214
2.58015 -0.0927905297269083 -0.014714596677981695
2.58275 -0.09076256180715334 -0.014098032951395334
2.58535 -0.08873624881176244 -0.013494479966941975
2.58795 -0.08671163750716242 -0.012903953885643138
2.59056 -0.08468877453534843 -0.012326470519705923
2.59316 -0.0826677064131242 -0.01176204533209979
2.59576 -0.08064847953134423 -0.011210693436141672
2.59836 -0.07863114015415924 -0.010672429595092403
2.60097 -0.07661573441826458 -0.010147268221760375
2.60357 -0.07460230833215137 -0.009635223378116287
2.60617 -0.07259090777536097 -0.009136308774916446
2.60877 -0.07058157849774194 -0.008650537771335398
2.61138 -0.06857436611871144 -0.008177923374608764
2.61398 -0.0665693161265162 -0.007718478239684079
2.61658 -0.06456647387750153 -0.007272214668882837
2.61918 -0.06256588459537923 -0.006839144611570758
2.62179 -0.06056759337050055 -0.006419279663837485
2.62439 -0.05857164515913161 -0.0060126310681867245
2.62699 -0.056578084782732324 -0.005619209713234374
2.62959 -0.05458695692723784 -0.005239026133417868
2.6322 -0.05259830614234439 -0.004872090508713511
2.6348 -0.050612176840796226 -0.0045184126643640354
2.6374 -0.048628613297677745 -0.004178002070615694
2.64 -0.0466476596497077 -0.003850867842464467
2.64261 -0.044669359894536936 -0.0035370187394118124
2.64521 -0.04269375789004924 -0.0032364631652306297
2.64781 -0.04072089735366553 -0.0029492091677401078
2.65041 -0.038750821861651165 -0.002675264438589453
2.65302 -0.03678357484842643 -0.0024146363130534976
2.65562 -0.03481919960588115 -0.002167331769834413
2.65822 -0.03285773928269079 -0.0019333574308766366
2.66082 -0.03089923688363773 -0.0017127195611879031
2.66343 -0.02894373526893481 -0.0015054240686731557
2.66603 -0.026991277153552526 -0.0013114765039750065
2.66863 -0.02504190510654954 -0.001130882060325411
2.67123 -0.023095661550406463 -0.0009636455734072236
2.67383 -0.02115258876036299 -0.0008097715212243006
2.67644 -0.01921272886375911 -0.0006692640239811531
2.67904 -0.017276123839378155 -0.0005421268439735893
2.68164 -0.015342815516794882 -0.00042836338548701836
2.68424 -0.01341284557572617 -0.000327976694705967
2.68685 -0.011486255545385298 -0.0002409694596323675
2.68945 -0.009563086803839722 -0.00016734401001294863
2.69205 -0.007643380577372277 -0.00010710231727806274
2.69465 -0.00572717793984588 -0.00006024599448795076
2.69726 -0.003814519812071575 -0.00002677629628955458
2.69986 -0.0019054469611808824 -6.694118883654454e-6
2.70246 -4.5050508232942026e-17 0.
