#1001 0.10001 2.27246
0.10001 4.793282639232277e15 3.9951991209437056e12
0.102182 3.547909295713363e15 3.08704994091405e12
0.104355 2.6427791441493635e15 2.39830863414632e12
0.106527 1.9805455712525862e15 1.8729473687112217e12
0.1087 1.4929250000814752e15 1.4699885159932776e12
0.110872 1.1316710810706825e15 1.159269395901322e12
0.113045 8.624565883090672e14 9.184511253702875e11
0.115217 6.606937153459908e14 7.308912900842625e11
0.11739 5.086570889252678e14 5.841207766344597e11
0.119562 3.934891179354609e14 4.687461195098475e11
0.121735 3.058074344534007e14 3.776535620212148e11
0.123907 2.3872615879084997e14 3.054284371057767e11
0.126079 1.8716356656040934e14 2.479291721631618e11
0.128252 1.473492978987605e14 2.0197299967019196e11
0.130424 1.1647148929201494e14 1.6510283620701337e11
0.132597 9.24226327802814e13 1.3541347082249182e11
0.134769 7.361551464127516e13 1.1142132466841833e11
0.136942 5.88491874007022e13 9.196638715674551e10
0.139114 4.721086374441863e13 7.613803377506633e10
0.141287 3.800374093618905e13 6.321865557419455e10
0.143459 3.069364172210961e13 5.2640635899956894e10
0.145631 2.4869378889069367e13 4.395337467851496e10
0.147804 2.0213178383758164e13 3.679790982208526e10
0.149976 1.647850992235894e13 3.08873076096135e10
0.152149 1.3473398008949047e13 2.5991452057243294e10
0.154321 1.1047805832752357e13 2.1925202180539143e10
0.156494 9.084059207135705e12 1.853913784362778e10
0.158666 7.489549236157432e12 1.5712302790420214e10
0.160839 6.191150074209171e12 1.3346494267915909e10
0.163011 5.13093271633968e12 1.1361754615107159e10
0.165184 4.2628619551438394e12 9.692800248165373e9
0.167356 3.550241984623048e12 8.286184192591824e9
0.169528 2.9637341686439165e12 7.0980345409652e9
0.171701 2.4798136596905405e12 6.092246539305268e9
0.173873 2.0795637887531003e12 5.239033094445451e9
0.176046 1.7477313108562795e12 4.513759341482693e9
0.178218 1.4719837717606514e12 3.8960030075179477e9
0.180391 1.2423239908876626e12 3.368794778784432e9
0.182563 1.0506270603030148e12 2.918002570980746e9
0.184736 8.902731720856606e11 2.5318311597931676e9
0.186908 7.558556239343651e11 2.200414538814263e9
0.189081 6.42947974907441e11 1.9154830081062891e9
0.191253 5.479178729953501e11 1.6700906438493414e9
0.193425 4.6777781109494666e11 1.4583916769589806e9
0.195598 4.000651814364199e11 1.2754565850381477e9
0.19777 3.4274563668627795e11 1.1171205079579666e9
0.199943 2.941350394223441e11 9.798580338134602e8
0.202115 2.5283627447243457e11 8.606795475341831e8
0.204288 2.176879747527035e11 7.570452502843066e8
0.20646 1.8772281967160333e11 6.667936918310729e8
0.208633 1.6213354339662323e11 5.880822478150827e8
0.210805 1.402451671579892e11 5.1933744880968773e8
0.212978 1.2149226752664946e11 4.5921345144539446e8
0.21515 1.0540032844994751e11 4.065572520558544e8
0.217322 9.157041209033731e10 3.603794948124924e8
0.219495 7.966653255554282e10 3.1982993069729376e8
0.221667 6.940523551179417e10 2.8417675010339963e8
0.22384 6.054698174854496e10 2.527891476781836e8
0.226012 5.288900895943107e10 2.251225890921614e8
0.228185 4.625940720443383e10 2.00706340423983e8
0.230357 4.051219278022796e10 1.7913289556751156e8
0.23253 3.5523204962489174e10 1.600489985262281e8
0.234702 3.1186682204116364e10 1.4314800811074916e8
0.236874 2.741240038983832e10 1.2816339437545198e8
0.239047 2.4123276862639317e10 1.1486319072245692e8
0.241219 2.125336110801254e10 1.030452542659299e8
0.243392 1.8746146972005646e10 9.25332108441212e7
0.245564 1.655315270913447e10 8.3172980852314e7
0.247737 1.4632724495885506e10 7.482979855000965e7
0.249909 1.2949026697677137e10 6.738565124530563e7
0.252082 1.147118845792703e10 6.0737076249584846e7
0.254254 1.017258134213736e10 5.479326311303849e7
0.256427 9.030207023473883e9 4.947441671403124e7
0.258599 8.024177505737273e9 4.471034354475425e7
0.260771 7.1372732799234915e9 4.043922922798609e7
0.262944 6.3545672113989315e9 3.660658009359369e7
0.265116 5.663103945301556e9 3.3164305686433446e7
0.267289 5.051626270833155e9 3.0069922492027402e7
0.269461 4.510341260008673e9 2.7285862054550476e7
0.271634 4.0307201417284417e9 2.477886910784034e7
0.273806 3.6053268275225816e9 2.251947741483759e7
0.275979 3.2276708036220193e9 2.048155277284079e7
0.278151 2.8920807719684453e9 1.864189414035625e7
0.280324 2.593595982471013e9 1.6979885117219258e7
0.282496 2.3278726684592924e9 1.5477189097497469e7
0.284668 2.091103391908761e9 1.411748234335278e7
0.286841 1.8799474370607688e9 1.2886220021804027e7
0.289013 1.6914706708257625e9 1.177043092563275e7
0.291186 1.5230935243885307e9 1.075853718170726e7
0.293358 1.3725459498263018e9 9.840195749293702e6
0.295531 1.2378283742071586e9 9.006158939731449e6
0.297703 1.1171778164765399e9 8.248151557552947e6
0.299876 1.0090384535660083e9 7.558762580508924e6
0.302048 9.120360249976307e8 6.931349569463646e6
0.30422 8.249555526764927e8 6.359954235083008e6
0.306393 7.4672192696312e8 5.839227792019072e6
0.308565 6.763829735110714e8 5.364364907479571e6
0.310738 6.13094669432754e8 4.931045203552816e6
0.31291 5.561082235407128e8 4.535381404766766e6
0.315083 5.047587748984274e8 4.1738733369323234e6
0.317255 4.584554977129391e8 3.843367082784685e6
0.319428 4.1667292956250596e8 3.5410186863707746e6
0.3216 3.789433647949393e8 3.264261873315012e6
0.323773 3.448501762648538e8 3.010779319558306e6
0.325945 3.140219469156333e8 2.778477058217076e6
0.328117 2.861273084914871e8 2.565461663977692e6
0.33029 2.608703982570319e8 2.37001989789724e6
0.332462 2.3798685632159704e8 2.190600533459335e6
0.334635 2.1724029628070822e8 2.0257981179542402e6
0.336807 1.984191906262771e8 1.8743384523376012e6
0.33898 1.813341199344129e8 1.7350655982091615e6
0.341152 1.6581534138146052e8 1.6069302429056577e6
0.343325 1.517106378067754e8 1.488979273323816e6
0.345497 1.3888341345605457e8 1.3803464263272798e6
0.34767 1.2721100680569081e8 1.280243898748546e6
0.349842 1.1658319457546763e8 1.1879548133348415e6
0.352014 1.0690086426037946e8 1.102826448733913e6
0.354187 9.807483531788383e7 1.0242641519696299e6
0.356359 9.002481159082893e7 951725.8609905828
0.358532 8.267844967708187e7 884717.1729378678
0.360704 7.597052981618902e7 822786.9009017289
0.362877 6.984221748722254e7 765523.0682350378
0.365049 6.424040533126662e7 712549.295064531
0.367222 5.911712625357537e7 663521.5365754421
0.369394 5.442902964741922e7 618125.1370180647
0.371567 5.013691363402511e7 576072.1672624961
0.373739 4.6205307048157394e7 537099.0171690836
0.375911 4.260209563175934e7 500964.2170979764
0.378084 3.9298187541726544e7 467446.4655969742
0.380256 3.6267213843580596e7 436342.84272190934
0.382429 3.3485260160392962e7 407467.1905929585
0.384601 3.0930626084284686e7 380648.64470409096
0.386774 2.858360934363184e7 355730.30120827205
0.388946 2.6426312059200414e7 332568.0069216859
0.391119 2.444246672244206e7 311029.26014710206
0.393291 2.2617279794028413e7 290992.2116279483
0.395463 2.093729105465907e7 272344.7560269665
0.397636 1.9390247047005787e7 254983.70529092322
0.399808 1.7964987130612515e7 238814.03612834873
0.401981 1.6651340833533669e7 223748.20460202283
0.404153 1.544003532795806e7 209705.52153179515
0.406326 1.4322611984235713e7 196611.58302515536
0.408498 1.3291351070523342e7 184397.75101058133
0.410671 1.2339203765377875e7 173000.67914900157
0.412843 1.1459730739545124e7 162361.87994787164
0.415016 1.0647046642208407e7 152427.32930583582
0.417188 9.895769897232773e6 143147.1050786016
0.41936 9.20097727746521e6 134475.0565827774
0.421533 8.55816278082391e6 126368.5022478901
0.423705 7.963200381506579e6 118787.95289099819
0.425878 7.412310273861774e6 111696.85832632343
0.42805 6.902028265905367e6 105061.37523682124
0.430223 6.429178014661697e6 98850.15442805715
0.432395 5.990845826942893e6 93034.14575929135
0.434568 5.584357777265757e6 87586.41920421725
0.43674 5.20725891971759e6 82482.0006361275
0.438913 4.857294393045075e6 77697.7210608596
0.441085 4.532392238347383e6 73212.07813716096
0.443257 4.230647766760664e6 69005.10892927763
0.44543 3.9503093306561057e6 65058.27293176983
0.447602 3.6897653663395573e6 61354.34449274986
0.449775 3.447532589216383e6 57877.31383982084
0.451947 3.2222452340318332e6 54612.295983776356
0.45412 3.0126452432547803e6 51545.44683929547
0.456292 2.8175733160691895e6 48663.885960100706
0.458465 2.635960738883582e6 45955.62533889301
0.460637 2.4668219258655333e6 43409.50377037583
0.462809 2.30924760484365e6 41015.12631928049
0.464982 2.16239859007351e6 38762.80847493989
0.467154 2.0255000889073946e6 36643.52460999797
0.469327 1.8978364944028726e6 34648.86039362518
0.471499 1.7787466204096116e6 32770.968839458605
0.473672 1.6676193397364942e6 31002.529695651956
0.475844 1.5638895896681785e6 29336.711909177408
0.478017 1.4670347124109215e6 27767.138919078305
0.480189 1.3765711010385589e6 26287.856553940823
0.482362 1.2920511242125526e6 24893.303327612226
0.484534 1.213060305394194e6 23578.282944313414
0.486706 1.1392147344781186e6 22337.938839921306
0.488879 1.070158691777205e6 21167.730600469196
0.491051 1.005562466100842e6 20063.41211195465
0.493224 945120.3503095907 19021.01130746103
0.495396 888548.7992167126 18036.811388500704
0.497569 835584.7360553405 17107.333407454887
0.499741 785983.994953238 16229.320107109124
0.501914 739519.8879668855 15399.720921636464
0.504086 695981.8862341436 14615.678051027104
0.506259 655174.405719817 13874.513527974106
0.508431 616915.6888597397 13173.717202644933
0.510603 581036.7741647265 12510.935576659382
0.512776 547380.5465328456 11883.961422995182
0.514948 515800.86164360924 11290.72413349921
0.517121 486161.7383764991 10729.28074023076
0.519293 458336.6137142335 10197.807561041678
0.521466 432207.6550628607 9694.592423634256
0.523638 407665.12535062444 9218.027425864753
0.525811 384606.79665927176 8766.602193300329
0.527983 362937.40849877725 8338.897598018446
0.530156 342568.1671623341 7933.579905379179
0.532328 323416.28289583855 7549.3953180229755
0.5345 305404.5418876262 7185.164888669431
0.536673 288460.9103321373 6839.779775430247
0.538845 272518.16804773937 6512.196815319969
0.541018 257513.56933592714 6201.43439346191
0.54319 243388.5289584267 5906.5685871608
0.545363 230088.3312818404 5626.729565555515
0.547535 217561.86079783447 5361.09822698786
0.549708 205761.3523718647 5108.903057536629
0.55188 194642.15970613944 4869.417195377292
0.554052 184162.54062410587 4641.9556867464635
0.556225 174283.4578951004 4425.87292032305
0.558397 164968.39441991536 4220.5602277927655
0.56057 156183.18169161322 4025.4436392442494
0.562742 147895.84053177864 3839.9817828606115
0.564915 140076.43318114465 3663.663919123828
0.567087 132696.92589582666 3496.008100446853
0.56926 125731.06126676332 3336.5594477936875
0.571432 119154.23954090067 3184.8885364443995
0.573605 112943.4082786653 3040.589883615223
0.575777 107076.95973371982 2903.280531155827
0.577949 101534.6353883074 2772.598717020012
0.580122 96297.43712098514 2648.202629645544
0.582294 91347.54452356877 2529.7692397863034
0.584467 86668.23792093399 2416.99320471757
0.586639 82243.82668120388 2309.5858400853444
0.588812 78059.58243506953 2207.2741549958223
0.590984 74101.6768517241 2109.7999462423454
0.593157 70357.1236453801 2016.9189478473647
0.595329 66813.72451073366 1928.4000323563778
0.597502 63460.01870824711 1844.0244605625483
0.599674 60285.236040859396 1763.5851765645207
0.601846 57279.25298287767 1686.8861452685899
0.604019 54432.551739452465 1613.7417296396563
0.606191 51736.18203134311 1543.9761051857072
0.608364 49181.725414720546 1477.4227093277743
0.610536 46761.26195965416 1413.9237234631173
0.612709 44467.3391237588 1353.3295856742202
0.614881 42292.942669344135 1295.4985321710503
0.617054 40231.46948336669 1240.2961656795649
0.619226 38276.702169623204 1187.5950491063363
0.621398 36422.78529199307 1137.2743229179773
0.623571 34664.2031562115 1089.21934477554
0.625743 32995.75902567723 1043.3213500585866
0.627916 31412.555674222083 999.4771320015926
0.630088 29909.977185647957 957.5887402476765
0.632261 28483.67191620017 917.5631967010476
0.634433 27129.536542046604 879.3122276311539
0.636606 25843.70111929291 842.7520110480849
0.638778 24622.51508913095 807.8029384310048
0.640951 23462.53416541208 774.3893899495038
0.643123 22360.508046288458 742.4395223718988
0.645295 21313.36889560585 711.8850689052008
0.647468 20318.220543475512 682.6611502587218
0.64964 19372.328358931303 654.7060962675278
0.651813 18473.109750802374 627.9612774531702
0.653985 17618.125255930514 602.3709459377963
0.656158 16805.07017664177 577.8820851637835
0.65833 16031.766731968062 554.4442679048223
0.660503 15296.15668951446 532.0095220858999
0.662675 14596.294447101143 510.53220395922006
0.664848 13930.340535383491 489.9688782107071
0.66702 13296.555514582216 470.2782045975954
0.669192 12693.294240250927 451.42083074186803
0.671365 12119.000474676584 433.3592907269385
0.673537 11572.201822062565 416.05790916626313
0.67571 11051.504967088193 399.4827104324064
0.677882 10555.591197785632 383.60133275378183
0.680055 10083.212194927044 368.382946903742
0.682227 9633.186071282718 353.79817922306955
0.6844 9204.393645197133 339.8190387322743
0.686572 8795.774933943627 326.4188481045244
0.688745 8406.325853262315 313.5721782835266
0.690917 8035.095110365457 301.2547865433522
0.693089 7681.18127851572 289.44355779909756
0.695262 7343.7300420475885 278.11644898843053
0.697434 7021.931601416519 267.2524363545513
0.699607 6715.018228525872 256.83146547092537
0.701779 6422.261963203773 246.83440385739638
0.703952 6142.972442282214 237.2429960459649
0.706124 5876.494853271956 228.03982096264852
0.708297 5622.208005133183 219.2082514995369
0.710469 5379.522509113968 210.73241615831375
0.712641 5147.879063070302 202.59716265332196
0.714814 4926.7468330934535 194.78802336858135
0.716986 4715.6219266564 187.29118256917138
0.719159 4514.025951851003 180.0934452730072
0.721331 4321.504657624851 173.18220769433978
0.723504 4137.626650241437 166.54542917528283
0.725676 3961.982181482313 160.17160552636435
0.727849 3794.182004385569 154.0497437015117
0.730021 3633.8562925727856 148.16933773702402
0.732194 3480.65361945835 142.52034588801078
0.734366 3334.239993860901 137.09316889944435
0.736538 3194.2979487484868 131.8786293524574
0.738711 3060.525680047006 126.86795202976784
0.740883 2932.6362326273847 122.05274524720917
0.743056 2810.356730760827 117.42498310123912
0.745228 2693.4276504943173 112.97698858502983
0.747401 2581.6021315515227 108.70141752833577
0.749573 2474.6453265072387 104.59124331875016
0.751746 2372.3337851179435 100.63974236426925
0.753918 2274.45487181673 96.84048025923694
0.756091 2180.8062144991195 93.18729861778544
0.758263 2091.195182836904 89.674302540815
0.760435 2005.438394461219 86.29584868437195
0.762608 1923.3612474534023 83.04653389899627
0.76478 1844.797477673872 79.92118441123289
0.766953 1769.5887395451882 76.9148455200281
0.769125 1697.584208986017 74.02277178217449
0.771298 1628.6402072686642 71.24041766233431
0.77347 1562.6198446438623 68.56342862445445
0.775643 1499.392682643519 65.98763264261001
0.777815 1438.8344140347763 63.50903211045342
0.779987 1380.8265594579202 61.123796129543194
0.78216 1325.2561798361335 58.828253157846014
0.784332 1272.0156036971941 56.61888400068012
0.786505 1221.0021685963666 54.49231512728434
0.788677 1172.1179758757985 52.44531229706851
0.79085 1125.2696580391816 50.47477448041868
0.793022 1080.3681580611815 48.57772805970864
0.795195 1037.328519989625 46.75132129690593
0.797367 996.0696902345186 44.99281905485263
0.79954 956.5143289720421 43.29959775996408
0.801712 918.588631123617 41.669140594705816
0.803884 882.2221564003628 40.09903290880429
0.806057 847.3476679316302 38.586957838703164
0.808229 813.9009790230056 37.13069212530324
0.810402 781.82080761442 35.72810212053122
0.812574 751.0486380326915 34.37713997374986
0.814747 721.528589655226 33.07583998947649
0.816919 693.2072921226254 31.8223151483013
0.819092 666.0337667578647 30.614753783298575
0.821264 639.9593138684149 29.451416404610335
0.823437 614.9374056253173 28.33063266524035
0.825609 590.923584229904 27.250798461443473
0.827781 567.875365094535 26.210373161418453
0.829954 545.7521447785689 25.207876956325485
0.832126 524.5151134347128 24.241888327936554
0.834299 504.127171534139 23.3110416275121
0.836471 484.55285065115754 22.414024760755325
0.838644 465.758238100025 21.549576973949673
0.840816 447.71090522751274 20.716486736620375
0.842989 430.37983917536644 19.913589716286776
0.845161 413.7353779366725 19.13976684108829
0.847334 397.7491485394578 18.393942446265996
0.849506 382.3940081997109 17.675082500679014
0.851678 367.6439882943096 16.982192909714495
0.853851 353.4742410122496 16.31431789112741
0.856023 339.8609885499737 15.670538420507725
0.858196 326.78147472366044 15.049970743233423
0.860368 314.21391887797654 14.45176494991412
0.862541 302.1374719770632 13.875103612473128
0.864713 290.532174769494 13.319200478150126
0.866886 279.3789179245413 12.783299218835023
0.869058 268.6594040424252 12.266672233264499
0.87123 258.35611144621777 11.768619499729228
0.873403 248.4522596678641 11.288467477049517
0.875575 238.93177654525306 10.825568051681111
0.877748 229.77926685155748 10.379297528913778
0.87992 220.97998238206964 9.949055666218591
0.882093 212.51979342758676 9.534264746890276
0.884265 204.38516156701945 9.134368692217222
0.886438 196.56311371529762 8.74883221049236
0.88861 189.0412173659052 8.377139981256244
0.890783 181.80755697043205 8.01879587323739
0.892955 174.8507114004458 7.673322194525145
0.895127 168.15973243972644 7.340258973577239
0.8973 161.724124257526 7.019163269727841
0.899472 155.5338238159847 6.709608511922754
0.901645 149.57918216716965 6.411183864465882
0.903817 143.85094659743217 6.123493618616509
0.90599 138.34024357887515 5.846156608928643
0.908162 133.03856248972718 5.5788056532745625
0.910335 127.93774006729865 5.321087015541335
0.912507 123.0299455590008 5.072659890034905
0.91468 118.30766653860334 4.833195906669447
0.916852 113.76369535652451 4.602378656060963
0.919024 109.39111619447259 4.379903233682931
0.921197 105.18329269621556 4.165475802279558
0.923369 101.13385614763432 3.9588131717680657
0.925542 97.23669418051736 3.7596423958947334
0.927714 93.48593997580265 3.5677003849426097
0.929887 89.87596194314665 3.3827335338191666
0.932059 86.40135385482341 3.2044973648821147
0.934232 83.05692541301318 3.0327561848893376
0.936404 79.83769323055522 2.867282755486129
0.938576 76.73887220619152 2.707857976668013
0.940749 73.75586727624523 2.5542705826827676
0.942921 70.88426552553281 2.4063168498573875
0.945094 68.1198286411384 2.2638003158591316
0.947266 65.45848569345613 2.1265315099203725
0.949439 62.89632622964455 1.9943276935773389
0.951611 60.429593665347994 1.8670126114926218
0.953784 58.0546789612036 1.7444162519491169
0.955956 55.76811457129489 1.6263746166215647
0.958129 53.56656865131225 1.5127294992479206
0.960301 51.446839514761145 1.4033282728394827
0.962473 49.40585032610417 1.298023685083832
0.964646 47.44064402024237 1.1966736616094344
0.966818 45.548378438238515 1.0991411167946588
0.968991 43.7263216696538 1.0052937718176338
0.971163 41.971847592319946 0.9150039796560172
0.973336 40.28243160079145 0.8281485567580322
0.975508 38.6556465151314 0.7446086211178908
0.977681 37.08915866206838 0.6642694364999331
0.979853 35.58072412093081 0.5870202625664716
0.982026 34.128185127112296 0.5127542106746166
0.984198 32.72946662615706 0.4413681051170766
0.98637 31.382572971870324 0.37276234959147203
0.988543 30.085584762159105 0.3068407986913906
0.990715 28.83665580659833 0.2435106342211757
0.992888 27.63401021998908 0.1826822461446138
0.99506 26.47593963643763 0.12426911798541695
0.997233 25.360800538731073 0.06818771650502953
0.999405 24.28701169802236 0.014357385490328944
1.00158 23.253051719063905 -0.037299756509169946
1.00375 22.257456686441024 -0.08685891464866469
1.00592 21.29881790746476 -0.1343927126074358
1.00809 20.37577974757417 -0.17997128390202466
1.01027 19.48703755428882 -0.2236623598289138
1.01244 18.631335665925864 -0.2655313541671078
1.01461 17.8074655014656 -0.3056414447657043
1.01678 17.01426372811251 -0.34405365213634287
1.01896 16.250610503250066 -0.38082691516574085
1.02113 15.51542778763404 -0.41601816405884007
1.0233 14.807677726811223 -0.4496823906185581
1.02547 14.126361097880858 -0.4818727159639833
1.02765 13.470515818843783 -0.5126404557847808
1.02982 12.839215517907636 -0.5420351832255474
1.03199 12.231568160228596 -0.5701047894902662
1.03416 11.64671472968386 -0.5968955422533053
1.03634 11.08382796337234 -0.6224521419600357
1.03851 10.542111136641594 -0.6468177760968281
1.04068 10.020796896536593 -0.6700341715070262
1.04285 9.519146141655822 -0.692141644826453
1.04503 9.036446946487665 -0.7131791511091743
1.0472 8.57201352838517 -0.7331843307113579
1.04937 8.125185255415225 -0.752193554498481
1.05154 7.6953256933944 -0.7702419674385665
1.05372 7.281821690498251 -0.7873635306416245
1.05589 6.88408249789726 -0.8035910619032123
1.05806 6.501538924941964 -0.8189562748076855
1.06023 6.1336425274811 -0.8334898164445874
1.06241 5.77986482795745 -0.8472213037895824
1.06458 5.439696565984921 -0.8601793587992612
1.06675 5.112646978164421 -0.8723916422673137
1.06892 4.7982431059492106 -0.8838848864877118
1.0711 4.496029130421424 -0.894684926768752
1.07327 4.205565732889007 -0.9048167318401579
1.07544 3.926429480258399 -0.914304433193825
1.07761 3.658212234183036 -0.9231713533971924
1.07979 3.400520583029212 -0.931440033416771
1.08196 3.152975295740991 -0.9391322589879305
1.08413 2.91521079672541 -0.9462690860656331
1.0863 2.686874660914462 -0.9528708653895146
1.08848 2.4676271281971336 -0.9589572661954389
1.09065 2.25714063644746 -0.9645472991044142
1.09282 2.0550993724067523 -0.9696593382186256
1.09499 1.8611988397099275 -0.9743111424531801
1.09717 1.6751454433742474 -0.978519876131096
1.09934 1.496656090097395 -0.9823021288680422
1.10151 1.3254578037392835 -0.9856739347723225
1.10368 1.1612873553870622 -0.9886507909846387
1.10586 1.0038909074278028 -0.9912476755812742
1.10803 0.8530236710773904 -0.9934790648634282
1.1102 0.7084495768361695 -0.995358950054593
1.11237 0.5699409573638489 -0.99690085342706
1.11455 0.4372782422871283 -0.9981178438778378
1.11672 0.31024966447311697 -0.9990225519735345
1.11889 0.18865097732044667 -0.9996271844830091
1.12106 0.0722851826388833 -0.9999435384159217
1.12323 -0.002567483158944658 -0.9999988855699457
1.12541 -0.00976544174312783 -0.9999838152401863
1.12758 -0.01693532114136921 -0.9999511349194026
1.12975 -0.02407703063091147 -0.999900845758632
1.13192 -0.03119048020640575 -0.9998329495291154
1.1341 -0.03827558058190397 -0.999747448622234
1.13627 -0.045332243192833896 -0.9996443460494255
1.13844 -0.0523603801979435 -0.9995236454420786
1.14061 -0.059359904481221706 -0.9993853510514039
1.14279 -0.06633072965380155 -0.9992294677482851
1.14496 -0.0732727700558329 -0.9990560010231071
1.14713 -0.08018594075833156 -0.9988649569855625
1.1493 -0.0870701575650114 -0.9986563423644368
1.15148 -0.09392533701408204 -0.998430164507371
1.15365 -0.10075139638003333 -0.9981864313806029
1.15582 -0.1075482536753888 -0.9979251515686869
1.15799 -0.11431582765243546 -0.9976463342741911
1.16017 -0.12105403780493584 -0.9973499893173736
1.16234 -0.1277628043698102 -0.9970361271358361
1.16451 -0.1344420483287946 -0.9967047587841571
1.16668 -0.1410916914100817 -0.9963558959335015
1.16886 -0.14771165608993128 -0.9959895508712104
1.17103 -0.1543018655942572 -0.9956057365003683
1.1732 -0.16086224390019668 -0.9952044663393478
1.17537 -0.1673927157376495 -0.9947857545213342
1.17755 -0.17389320659079344 -0.9943496157938277
1.17972 -0.18036364269958322 -0.9938960655181237
1.18189 -0.18680395106121495 -0.9934251196687718
1.18406 -0.19321405943157716 -0.9929367948330132
1.18624 -0.19959389632667138 -0.9924311082101969
1.18841 -0.20594339102400938 -0.9919080776111727
1.19058 -0.21226247356399183 -0.9913677214576657
1.19275 -0.2185510747512582 -0.9908100587816256
1.19493 -0.22480912615601237 -0.990235109224558
1.1971 -0.23103656011533077 -0.9896428930368312
1.19927 -0.23723330973444076 -0.989033431076964
1.20144 -0.24339930888797567 -0.9884067448108904
1.20362 -0.24953449222121207 -0.987762856311204
1.20579 -0.25563879515127463 -0.9871017882563803
1.20796 -0.26171215386832597 -0.9864235639299781
1.21013 -0.26775450533672746 -0.985728207219819
1.21231 -0.27376578729617523 -0.9850157426171469
1.21448 -0.27974593826282 -0.9842861952157642
1.21665 -0.2856948975303559 -0.9835395907111495
1.21882 -0.29161260517108656 -0.982775955399551
1.221 -0.2974990020369736 -0.9819953161770613
1.22317 -0.30335402976065506 -0.9811977005386697
1.22534 -0.30917763075644117 -0.9803831365772943
1.22751 -0.31496974822129226 -0.9795516529827915
1.22969 -0.32073032613576374 -0.9787032790409469
1.23186 -0.326459309264938 -0.9778380446324426
1.23403 -0.33215664315932497 -0.9769559802318051
1.2362 -0.3378222741557403 -0.9760571169063329
1.23837 -0.34345614937816554 -0.9751414863150006
1.24055 -0.34905821673857945 -0.9742091207073451
1.24272 -0.3546284249377648 -0.9732600529223296
1.24489 -0.3601667234660993 -0.9722943163871864
1.24706 -0.3656730626043154 -0.9713119451162397
1.24924 -0.3711473934242384 -0.9703129737097083
1.25141 -0.3765896677895064 -0.9692974373524859
1.25358 -0.3819998383562585 -0.9682653718129028
1.25575 -0.38737785857380774 -0.9672168134414654
1.25793 -0.39272368268528585 -0.966151799169576
1.2601 -0.3980372657282637 -0.9650703665082325
1.26227 -0.4033185635353546 -0.9639725535467067
1.26444 -0.40856753273478885 -0.962858398951203
1.26662 -0.41378413075096476 -0.9617279419634965
1.26879 -0.4189683158049818 -0.9605812223995508
1.27096 -0.4241200469151455 -0.9594182806481157
1.27313 -0.4292392838974493 -0.9582391576693048
1.27531 -0.43432598736603834 -0.9570438949931526
1.27748 -0.43938011873364424 -0.9558325347181513
1.27965 -0.44440164021199763 -0.9546051195097698
1.28182 -0.44939051481222386 -0.9533616925989485
1.284 -0.4543467063452049 -0.9521022977805791
1.28617 -0.45927017942192916 -0.9508269794119598
1.28834 -0.4641608994538109 -0.9495357824112347
1.29051 -0.469018832652988 -0.9482287522558114
1.29269 -0.4738439460326005 -0.9469059349807583
1.29486 -0.4786362074070417 -0.9455673771771842
1.29703 -0.4833955853921873 -0.9442131259905973
1.2992 -0.4881220494056045 -0.9428432291192439
1.30138 -0.49281556966673506 -0.9414577348124287
1.30355 -0.4974761171970556 -0.9400566918688165
1.30572 -0.5021036638202181 -0.9386401496347114
1.30789 -0.5066981821621627 -0.9372081580023208
1.31007 -0.5112596456512141 -0.9357607674079969
1.31224 -0.5157880285181492 -0.9342980288304601
1.31441 -0.520283305796244 -0.9328199937890052
1.31658 -0.5247454533213005 -0.9313267143416846
1.31876 -0.5291744477316478 -0.9298182430834758
1.32093 -0.5335702664681191 -0.9282946331444297
1.3231 -0.5379328877740128 -0.926755938187798
1.32527 -0.5422622906950235 -0.9252022124081434
1.32745 -0.5465584550791538 -0.9236335105294315
1.32962 -0.5508213615766058 -0.9220498878031029
1.33179 -0.5550509916396439 -0.920451400006127
1.33396 -0.5592473275224424 -0.9188381034390378
1.33614 -0.5634103522809063 -0.9172100549239505
1.33831 -0.5675400497724683 -0.9155673118025609
1.34048 -0.5716364046558694 -0.9139099319341252
1.34265 -0.5756994023909112 -0.9122379736934219
1.34483 -0.5797290292381879 -0.9105514959686966
1.347 -0.5837252722587982 -0.9088505581595872
1.34917 -0.5876881193140324 -0.9071352201750318
1.35134 -0.5916175590650363 -0.9054055424311596
1.35351 -0.5955135809724578 -0.9036615858491612
1.35569 -0.5993761752960657 -0.9019034118531445
1.35786 -0.6032053330943491 -0.9001310823679707
1.36003 -0.607001046224097 -0.8983446598170728
1.3622 -0.6107633073399502 -0.8965442071202581
1.36438 -0.6144921098939369 -0.8947297876914905
1.36655 -0.6181874481349836 -0.8929014654366583
1.36872 -0.6218493171084024 -0.8910593047513233
1.37089 -0.6254777126553613 -0.889203370518452
1.37307 -0.629072631412329 -0.8873337281061302
1.37524 -0.6326340708104968 -0.8854504433652621
1.37741 -0.6361620290751836 -0.8835535826272496
1.37958 -0.6396565052252149 -0.881643212701656
1.38176 -0.643117499072281 -0.8797194008738545
1.38393 -0.6465450112202755 -0.8777822149026556
1.3861 -0.6499390430646096 -0.8758317230179238
1.38827 -0.6532995967915071 -0.8738679939181715
1.39045 -0.6566266753772763 -0.8718910967681412
1.39262 -0.6599202825875606 -0.8699011011963691
1.39479 -0.6631804229765698 -0.8678980772927323
1.39696 -0.6664071018862867 -0.8658820956059801
1.39914 -0.6696003254456542 -0.8638532271412498
1.40131 -0.6727601005697421 -0.8618115433575657
1.40348 -0.6758864349588908 -0.8597571161653212
1.40565 -0.6789793370978335 -0.8576900179237479
1.40783 -0.682038816254801 -0.855610321438365
1.41 -0.6850648824805994 -0.8535180999584168
1.41217 -0.6880575466076729 -0.8514134271742912
1.41434 -0.6910168202491417 -0.8492963772149256
1.41652 -0.6939427157978187 -0.8471670246451954
1.41869 -0.6968352464252088 -0.8450254444632873
1.42086 -0.699694426080484 -0.8428717120980582
1.42303 -0.7025202694894386 -0.8407059034063794
1.42521 -0.7053127921534249 -0.838528094670463
1.42738 -0.7080720103482665 -0.8363383625951764
1.42955 -0.7107979411231506 -0.8341367843053407
1.43172 -0.7134906022995038 -0.8319234373430135
1.4339 -0.7161500124698409 -0.8296983996647587
1.43607 -0.7187761909965985 -0.8274617496389001
1.43824 -0.7213691580109461 -0.8252135660427612
1.44041 -0.7239289344115761 -0.8229539280598915
1.44259 -0.7264555418634749 -0.8206829152772762
1.44476 -0.728949002796674 -0.8184006076825335
1.44693 -0.7314093404049776 -0.8161070856610986
1.4491 -0.7338365786446753 -0.8138024299933905
1.45128 -0.7362307422332298 -0.8114867218519677
1.45345 -0.738591856647947 -0.8091600427986697
1.45562 -0.7409199481246265 -0.8068224747817436
1.45779 -0.7432150436561901 -0.8044741001329581
1.45996 -0.7454771709912918 -0.8021150015647034
1.46214 -0.7477063586329089 -0.7997452621670782
1.46431 -0.7499026358369107 -0.7973649654049637
1.46648 -0.7520660326106099 -0.7949741951150827
1.46865 -0.7541965797112932 -0.7925730355030474
1.47083 -0.7562943086447319 -0.7901615711403938
1.473 -0.7583592516636749 -0.787739886961603
1.47517 -0.7603914417663197 -0.7853080682611089
1.47734 -0.7623909126947652 -0.7828662006902953
1.47952 -0.7643576989334461 -0.7804143702544781
1.48169 -0.7662918357075459 -0.7779526633098763
1.48386 -0.7681933589813923 -0.7754811665605712
1.48603 -0.7700623054568333 -0.7729999670554512
1.48821 -0.7718987125715928 -0.7705091521851477
1.49038 -0.7737026184976091 -0.7680088096789552
1.49255 -0.775474062139353 -0.7654990276017424
1.49472 -0.7772130831321274 -0.7629798943508506
1.4969 -0.7789197218403487 -0.7604514986529796
1.49907 -0.7805940193558083 -0.7579139295610628
1.50124 -0.7822360174959151 -0.7553672764511317
1.50341 -0.7838457588019221 -0.7528116290191664
1.50559 -0.7854232865371312 -0.7502470772779367
1.50776 -0.7869686446850807 -0.7476737115538334
1.50993 -0.7884818779477144 -0.7450916224836845
1.5121 -0.7899630317435331 -0.7425009010115649
1.51428 -0.7914121522057256 -0.7399016383855919
1.51645 -0.7928292861802848 -0.7372939261547113
1.51862 -0.794214481224101 -0.7346778561654752
1.52079 -0.7955677856030422 -0.7320535205588036
1.52297 -0.7968892482900127 -0.729421011766741
1.52514 -0.7981789189629946 -0.7267804225092019
1.52731 -0.7994368480030732 -0.7241318457907028
1.52948 -0.800663086492441 -0.7214753748970875
1.53166 -0.8018576862123881 -0.7188111033922422
1.53383 -0.8030206996412712 -0.7161391251147988
1.536 -0.8041521799524678 -0.7134595341748304
1.53817 -0.805252181012311 -0.7107724249505372
1.54035 -0.8063207573780081 -0.7080778920849209
1.54252 -0.8073579642955402 -0.7053760304824532
1.54469 -0.808363857697547 -0.7026669353057314
1.54686 -0.8093384942011916 -0.6999507019721272
1.54904 -0.8102819311060102 -0.6972274261504271
1.55121 -0.811194226391743 -0.6944972037574614
1.55338 -0.8120754387161505 -0.6917601309547259
1.55555 -0.8129256274128097 -0.689016304144997
1.55773 -0.8137448524888958 -0.6862658199689334
1.5599 -0.8145331746229467 -0.683508775301674
1.56207 -0.8152906551626097 -0.6807452672494263
1.56424 -0.8160173561223731 -0.6779753931460442
1.56642 -0.8167133401812802 -0.6751992505496026
1.56859 -0.8173786706806264 -0.6724169372389587
1.57076 -0.8180134116216418 -0.669628551210309
1.57293 -0.8186176276631555 -0.6668341906737392
1.5751 -0.8191913841192443 -0.6640339540497624
1.57728 -0.8197347469568663 -0.6612279399658547
1.57945 -0.8202477827934758 -0.6584162472529815
1.58162 -0.820730558894626 -0.6555989749421149
1.58379 -0.8211831431715518 -0.6527762222607469
1.58597 -0.8216056041787397 -0.6499480886293949
1.58814 -0.8219980111114801 -0.6471146736580984
1.59031 -0.8223604338034058 -0.6442760771429126
1.59248 -0.8226929427240124 -0.6414323990623919
1.59466 -0.8229956089761655 -0.6385837395740691
1.59683 -0.8232685042935912 -0.6357301990109285
1.599 -0.8235117010383519 -0.6328718778778706
1.60117 -0.8237252721983059 -0.6300088768481726
1.60335 -0.8239092913845535 -0.6271412967599442
1.60552 -0.8240638328288655 -0.6242692386125737
1.60769 -0.8241889713810995 -0.6213928035631716
1.60986 -0.8242847825065998 -0.6185120929230085
1.61204 -0.824351342283581 -0.6156272081539456
1.61421 -0.824388727400501 -0.6127382508648612
1.61638 -0.8243970151534147 -0.6098453228080738
1.61855 -0.8243762834433163 -0.6069485258757549
1.62073 -0.8243266107734653 -0.6040479620963438
1.6229 -0.8242480762466992 -0.6011437336309513
1.62507 -0.8241407595627319 -0.5982359427697628
1.62724 -0.8240047410154369 -0.5953246919284356
1.62942 -0.8238401014901165 -0.5924100836444911
1.63159 -0.8236469224607585 -0.5894922205737034
1.63376 -0.823425285987277 -0.5865712054864846
1.63593 -0.8231752747127403 -0.5836471412642635
1.63811 -0.8228969718605852 -0.580720130895863
1.64028 -0.8225904612318162 -0.5777902774738735
1.64245 -0.8222558272021939 -0.5748576841910196
1.64462 -0.8218931547194063 -0.5719224543365279
1.6468 -0.8215025293002295 -0.5689846912924874
1.64897 -0.8210840370276742 -0.5660444985302089
1.65114 -0.8206377645481185 -0.5631019796065813
1.65331 -0.8201637990684275 -0.5601572381604226
1.65549 -0.8196622283530611 -0.5572103779088309
1.65766 -0.8191331407211673 -0.5542615026435316
1.65983 -0.8185766250436635 -0.55131071622722
1.662 -0.8179927707403049 -0.5483581225899049
1.66418 -0.8173816677767395 -0.5454038257252478
1.66635 -0.8167434066615527 -0.5424479296868991
1.66852 -0.8160780784432956 -0.5394905385848345
1.67069 -0.8153857747075052 -0.5365317565816872
1.67287 -0.8146665875737087 -0.533571687889079
1.67504 -0.813920609692418 -0.5306104367639515
1.67721 -0.8131479342421103 -0.527648107504892
1.67938 -0.8123486549261989 -0.5246848044484608
1.68156 -0.8115228659699892 -0.5217206319655174
1.68373 -0.8106706621176257 -0.5187556944575428
1.6859 -0.8097921386290245 -0.5157900963529624
1.68807 -0.8088873912767965 -0.51282394210347
1.69024 -0.8079565163431587 -0.5098573361803466
1.69242 -0.8069996106168318 -0.5068903830707814
1.69459 -0.8060167713899298 -0.5039231872741925
1.69676 -0.8050080964548353 -0.5009558532985453
1.69893 -0.8039736841010662 -0.49798848565667264
1.70111 -0.802913633112129 -0.4950211888625924
1.70328 -0.8018280427623636 -0.4920540674278271
1.70545 -0.8007170128137744 -0.4890872258577236
1.70762 -0.7995806435128532 -0.4861207686477709
1.7098 -0.7984190355873897 -0.48315480027992086
1.71197 -0.797232290243273 -0.48018942521890773
1.71414 -0.7960205091612808 -0.4772247479085687
1.71631 -0.7947837944938592 -0.474260872768165
1.71849 -0.7935222488618927 -0.47129790418870565
1.72066 -0.7922359753514634 -0.46833594652926813
1.72283 -0.7909250775105996 -0.4653751041133257
1.725 -0.7895896593460158 -0.46241548122507037
1.72718 -0.7882298253198413 -0.45945718210574116
1.72935 -0.7868456803463408 -0.456500310949953
1.73152 -0.7854373297886231 -0.45354497190202603
1.73369 -0.7840048794553423 -0.4505912690523174
1.73587 -0.7825484355973883 -0.4476393064335564
1.73804 -0.7810681049045683 -0.44468918801717905
1.74021 -0.7795639945022796 -0.4417410177096658
1.74238 -0.7780362119481716 -0.4387948993488837
1.74456 -0.7764848652288003 -0.4358509367004273
1.74673 -0.7749100627562739 -0.4329092334539645
1.7489 -0.7733119133648879 -0.42996989321958434
1.75107 -0.771690526307753 -0.42703301952414885
1.75325 -0.7700460112534141 -0.4240987158076448
1.75542 -0.7683784782824602 -0.42116708541954206
1.75759 -0.7666880378841254 -0.41823823161515195
1.75976 -0.7649748009528844 -0.41531225755199275
1.76194 -0.7632388787850352 -0.412389266286154
1.76411 -0.7614803830752771 -0.4094693607686679
1.76628 -0.7596994259132804 -0.40655264384188383
1.76845 -0.757896119780246 -0.40363921823584425
1.77063 -0.7560705775454599 -0.40072918656466916
1.7728 -0.7542229124628373 -0.3978226513229388
1.77497 -0.7523532381674618 -0.39491971488208577
1.77714 -0.7504616686721147 -0.39202047948678975
1.77932 -0.7485483183637985 -0.3891250472513743
1.78149 -0.7466133020002519 -0.3862335201562115
1.78366 -0.7446567347064592 -0.383346000044131
1.78583 -0.7426787319711503 -0.380462588616831
1.78801 -0.740679409643295 -0.37758338743129727
1.79018 -0.7386588839285928 -0.37470849789622696
1.79235 -0.7366172713859499 -0.37183802126845555
1.79452 -0.7345546889239555 -0.3689720586493903
1.7967 -0.7324712537973487 -0.3661107109814512
1.79887 -0.730367083603479 -0.36325407904451357
1.80104 -0.7282422962787611 -0.3604022634523605
1.80321 -0.7260970100951227 -0.3575553646491366
1.80538 -0.7239313436564475 -0.3547134829058123
1.80756 -0.7217454158950102 -0.351876718316652
1.80973 -0.7195393460679078 -0.34904517079568764
1.8119 -0.7173132537534816 -0.3462189400732001
1.81407 -0.7150672588477396 -0.34339812569220707
1.81625 -0.7128014815607652 -0.34058282700495646
1.81842 -0.7105160424131273 -0.33777314316942664
1.82059 -0.7082110622322817 -0.33496917314583596
1.82276 -0.7058866621489671 -0.3321710156931543
1.82494 -0.7035429635935977 -0.32937876936562804
1.82711 -0.7011800882926486 -0.3265925325093054
1.82928 -0.6987981582650373 -0.32381240325857485
1.83145 -0.6963972958185018 -0.3210384795327089
1.83363 -0.69397762354597 -0.3182708590324137
1.8358 -0.6915392643219281 -0.31550963923638875
1.83797 -0.6890823412987834 -0.31275491739789385
1.84014 -0.6866069779032222 -0.3100067905413233
1.84232 -0.6841132978325625 -0.30726535545878864
1.84449 -0.6816014250511055 -0.3045307087067102
1.84666 -0.679071483786479 -0.30180294660241447
1.84883 -0.6765235985259804 -0.2990821652207445
1.85101 -0.6739578940129132 -0.29636846039067344
1.85318 -0.6713744952429208 -0.29366192769193
1.85535 -0.668773527460317 -0.2909626624516338
1.85752 -0.6661551161544118 -0.2882707597409351
1.8597 -0.6635193870558342 -0.2855863143716679
1.86187 -0.6608664661328528 -0.28290942089301074
1.86404 -0.6581964795876907 -0.28024017358815567
1.86621 -0.6555095538528386 -0.2775786664709877
1.86839 -0.6528058155873673 -0.27492499328277475
1.87056 -0.6500853916732307 -0.27227924748886423
1.87273 -0.6473484092115734 -0.26964152227539095
1.8749 -0.6445949955190317 -0.26701191054599793
1.87708 -0.6418252781240303 -0.2643905049185604
1.87925 -0.6390393847630818 -0.26177739772192665
1.88142 -0.6362374433770781 -0.2591726809926642
1.88359 -0.6334195821075838 -0.25657644647181876
1.88577 -0.630585929293125 -0.25398878560168403
1.88794 -0.6277366134654763 -0.2514097895225794
1.89011 -0.6248717633459465 -0.24883954906964045
1.89228 -0.6219915078416638 -0.24627815476962056
1.89446 -0.6190959760418547 -0.24372569683770107
1.89663 -0.6161852972141256 -0.24118226517431418
1.8988 -0.6132596008007424 -0.23864794936197775
1.90097 -0.6103190164149054 -0.2361228386621379
1.90315 -0.6073636738370274 -0.23360702201202788
1.90532 -0.6043937030110065 -0.23110058802153266
1.90749 -0.6014092340405005 -0.22860362497006959
1.90966 -0.5984103971851995 -0.22611622080347993
1.91184 -0.5953973228570968 -0.2236384631309296
1.91401 -0.5923701416167593 -0.22117043922182367
1.91618 -0.5893289841696007 -0.21871223600273437
1.91835 -0.5862739813621456 -0.21626394005433713
1.92052 -0.583205264178303 -0.21382563760836248
1.9227 -0.5801229637356337 -0.21139741454455907
1.92487 -0.5770272112816177 -0.20897935638766763
1.92704 -0.5739181381899238 -0.20657154830441005
1.92921 -0.5707958759566765 -0.20417407510048902
1.93139 -0.5676605561967252 -0.20178702121760073
1.93356 -0.5645123106399128 -0.1994104707304618
1.93573 -0.561351271127343 -0.19704450734384726
1.9379 -0.5581775696076506 -0.19468921438964226
1.94008 -0.5549913381332713 -0.19234467482390794
1.94225 -0.5517927088567104 -0.1900109712239586
1.94442 -0.5485818140268145 -0.18768818578545354
1.94659 -0.5453587859850437 -0.18537640031950264
1.94877 -0.5421237571617437 -0.18307569624978415
1.95094 -0.5388768600724178 -0.18078615460967673
1.95311 -0.5356182273140048 -0.1785078560394069
1.95528 -0.5323479915611513 -0.1762408807832061
1.95746 -0.5290662855624927 -0.17398530868648732
1.95963 -0.525773242136929 -0.17174121919303054
1.9618 -0.5224689941699044 -0.1695086913421857
1.96397 -0.5191536746096939 -0.16728780376608954
1.96615 -0.515827416463681 -0.1650786346868942
1.96832 -0.5124903527946469 -0.16288126191401353
1.97049 -0.5091426167170576 -0.16069576284138276
1.97266 -0.5057843413933517 -0.15852221444473136
1.97484 -0.5024156600302333 -0.1563606932788728
1.97701 -0.4990367058749666 -0.15421127547500846
1.97918 -0.49564761221167064 -0.15207403673804498
1.98135 -0.4922485123576198 -0.1499490523439292
1.98353 -0.4888395396595432 -0.14783639713699592
1.9857 -0.4854208274899306 -0.14573614552733183
1.98787 -0.4819925092433393 -0.14364837148815623
1.99004 -0.4785547183327021 -0.141573148553213
1.99222 -0.47510758818564186 -0.13951054981418243
1.99439 -0.47165125224078763 -0.1374606479181072
1.99656 -0.46818584394409196 -0.13542351506483197
1.99873 -0.4647114967451546 -0.13339922300446183
2.00091 -0.461228344093549 -0.13138784303483464
2.00308 -0.4577365194351505 -0.12938944599901014
2.00525 -0.4542361562084693 -0.12740410228277455
2.00742 -0.450727387840988 -0.12543188181216103
2.0096 -0.4472103477455011 -0.12347285405098751
2.01177 -0.44368516931646185 -0.12152708799841072
2.01394 -0.44015198592632726 -0.11959465218649401
2.01611 -0.4366109309219133 -0.11767561467779519
2.01829 -0.43306213762075085 -0.11577004306296879
2.02046 -0.4295057393074471 -0.11387800445838536
2.02263 -0.4259418692300504 -0.11199956550376733
2.0248 -0.42237066059642353 -0.11013479235984325
2.02697 -0.41879224657061404 -0.10828375070601548
2.02915 -0.4152067602692359 -0.10644650573804826
2.03132 -0.41161433475785497 -0.10462312216577074
2.03349 -0.40801510304737587 -0.1028136642107983
2.03566 -0.4044091980904402 -0.10101819560427128
2.03784 -0.40079675277782156 -0.0992367795846083
2.04001 -0.39717789993483255 -0.09746947889528057
2.04218 -0.3935527723177348 -0.09571635578260174
2.04435 -0.38992150261015435 -0.0939774719935349
2.04653 -0.3862842234195021 -0.09225288877351812
2.0487 -0.38264106727340225 -0.09054266686430812
2.05087 -0.37899216661612206 -0.08884686650183937
2.05304 -0.37533765380501183 -0.08716554741410376
2.05522 -0.3716776611069485 -0.08549876881904628
2.05739 -0.36801232069478523 -0.0838465894224788
2.05956 -0.36434176464381096 -0.0822090674160143
2.06173 -0.3606661249282074 -0.08058626047501538
2.06391 -0.35698553341752176 -0.07897822575656321
2.06608 -0.35330012187314114 -0.07738501989744506
2.06825 -0.34961002194477414 -0.0758066990121592
2.07042 -0.34591536516693777 -0.07424331869093781
2.0726 -0.3422162829554567 -0.07269493399779092
2.07477 -0.33851290660395955 -0.0711615994685646
2.07694 -0.3348053672803911 -0.06964336910902147
2.07911 -0.33109379602352745 -0.06814029639293873
2.08129 -0.3273783237394966 -0.06665243426022338
2.08346 -0.32365908119831355 -0.06517983511505032
2.08563 -0.31993619903041143 -0.06372255082401335
2.0878 -0.31620980772318963 -0.06228063271430062
2.08998 -0.312480037617565 -0.060854131571886017
2.09215 -0.3087470189045313 -0.059443097639740206
2.09432 -0.30501088162172585 -0.058047580616061856
2.09649 -0.301271755650007 -0.056667629652526585
2.09867 -0.297529770710033 -0.055303293352555905
2.10084 -0.2937850563588555 -0.05395461976960503
2.10301 -0.29003774198651616 -0.052621656405470674
2.10518 -0.2862879568126575 -0.05130445020861918
2.10736 -0.28253582988313236 -0.05000304757253038
2.10953 -0.2787814900666305 -0.04871749433406536
2.1117 -0.27502506605131016 -0.047447835771851854
2.11387 -0.27126668634143647 -0.046194116604689306
2.11605 -0.26750647925403115 -0.04495638098997312
2.11822 -0.26374457291553216 -0.04373467252214125
2.12039 -0.2599810952584547 -0.04252903423113663
2.12256 -0.2562161740180696 -0.041339508580892526
2.12474 -0.2524499367290865 -0.04016613746783737
2.12691 -0.24868251072234515 -0.0390089622194183
2.12908 -0.2449140231215206 -0.03786802359264618
2.13125 -0.2411446008398302 -0.03674336177265969
2.13343 -0.23737437057675614 -0.03563501637131039
2.1356 -0.23360345881477476 -0.034543026425766676
2.13777 -0.22983199181609537 -0.03346743039714006
2.13994 -0.22606009561940826 -0.032408266169129285
2.14211 -0.22228789603664595 -0.03136557104668747
2.14429 -0.21851551864974667 -0.03033938175470663
2.14646 -0.21474308880743387 -0.029329734436725152
2.14863 -0.21097073162200503 -0.028336664653654697
2.1508 -0.20719857196612682 -0.02736020738252687
2.15298 -0.2034267344696465 -0.02640039701526309
2.15515 -0.19965534351640432 -0.025457267357461344
2.15732 -0.19588452324106492 -0.024530851627206474
2.15949 -0.19211439752595452 -0.023621182453900103
2.16167 -0.18834508999790942 -0.022728291877111118
2.16384 -0.18457672402513436 -0.02185221134544757
2.16601 -0.1808094227140744 -0.020992971715449227
2.16818 -0.17704330890629133 -0.020150603250499888
2.17036 -0.1732785051753571 -0.019325135619762013
2.17253 -0.16951513382375455 -0.018516597897131892
2.1747 -0.16575331687978906 -0.017725018560215355
2.17687 -0.16199317609451544 -0.016950425489325127
2.17905 -0.15823483293866725 -0.01619284596649817
2.18122 -0.15447840859960493 -0.015452306674535343
2.18339 -0.1507240239782729 -0.014728833696061705
2.18556 -0.14697179968616667 -0.014022452512607364
2.18774 -0.14322185604231139 -0.013333188003709973
2.18991 -0.1394743130702559 -0.012661064446039316
2.19208 -0.13572929049506996 -0.01200610551254122
2.19425 -0.13198690774036118 -0.011368334271604219
2.19643 -0.1282472839252997 -0.0107477731862472
2.1986 -0.12451053786165463 -0.01014444411332771
2.20077 -0.12077678805084535 -0.009558368302773013
2.20294 -0.11704615268099869 -0.008989566396830684
2.20512 -0.11331874962402413 -0.008438058429341977
2.20729 -0.10959469643269787 -0.007903863825036606
2.20946 -0.1058741103377597 -0.007387001398847959
2.21163 -0.10215710824502149 -0.006887489355250409
2.21381 -0.09844380673249063 -0.006405345287618935
2.21598 -0.09473432204750044 -0.005940586177608509
2.21815 -0.0910287701038582 -0.005493228394556682
2.22032 -0.0873272664790031 -0.005063287694906382
2.2225 -0.08362992641117652 -0.004650779221651469
2.22467 -0.07993686479660875 -0.00425571750380338
2.22684 -0.07624819618671053 -0.0038781164558792103
2.22901 -0.07256403478528516 -0.0035179893774114346
2.23119 -0.06888449444575 -0.0031753489524799505
2.23336 -0.06520968866837004 -0.00285020724926488
2.23553 -0.06153973059750642 -0.00254257571962202
2.2377 -0.057874733018879396 -0.0022524651986789435
2.23988 -0.054214808356837535 -0.0019798859044537487
2.24205 -0.050560068671647994 -0.001724847437495236
2.24422 -0.04691062565679595 -0.001487358780544179
2.24639 -0.043266590636298126 -0.0012674282982176877
2.24857 -0.03962807456202928 -0.0010650637367141114
2.25074 -0.03599518801106456 -0.0008802722235403682
2.25291 -0.03236804118303028 -0.0007130602672609232
2.25508 -0.02874674389747338 -0.0005634337572686388
2.25725 -0.025131405591242068 -0.00043139796357682947
2.25943 -0.021522135315879685 -0.0003169575366344102
2.2616 -0.01791904173503652 -0.00022011650716180498
2.26377 -0.014322233121887545 -0.00014087828600861663
2.26594 -0.010731817356570845 -0.00007924566403394451
2.26812 -0.007147901923638591 -0.00003522081200779681
2.27029 -0.0035705939095201995 -8.805280534929238e-6
2.27246 -7.3607472633136e-17 0.
