#1001 0.1 2.17246
0.1 4.799997599999998e15 3.999996e12
0.102072 3.6018093991537305e15 3.127205462964506e12
0.104145 2.7183630059739805e15 2.4569829556376963e12
0.106217 2.0630150085113158e15 1.9395994367598198e12
0.10829 1.5740280181682615e15 1.5381771383818293e12
0.110362 1.2071184327662605e15 1.2252079593547002e12
0.112435 9.303187485826325e14 9.800570969837402e11
0.114507 7.204100989535521e14 7.871616139928479e11
0.11658 5.6042798438095094e14 6.347224535076472e11
0.118652 4.37906739842015e14 5.1374908752122144e11
0.120725 3.4363602120696644e14 4.1735772962817035e11
0.122797 2.7077452967928794e14 3.4025296400294196e11
0.12487 2.1421457932658188e14 2.7834281278105774e11
0.126942 1.7012388863982497e14 2.2845142147614722e11
0.129014 1.3561333048491619e14 1.8810354083148758e11
0.131087 1.0849472058077008e14 1.553620874425204e11
0.133159 8.710332672100848e13 1.2870514189127774e11
0.135232 7.016715082297651e13 1.0693239096028326e11
0.137304 5.671018943902801e13 8.909365593737123e10
0.139377 4.5980502871856516e13 7.4434063012236e10
0.141449 3.739648638267994e13 6.235180884002895e10
0.143522 3.0506559644969957e13 5.236549911509545e10
0.145594 2.4958793386610582e13 4.408879324992704e10
0.147667 2.0477928091286484e13 3.721064744065635e10
0.149739 1.6847915315597807e13 3.147986427248509e10
0.151812 1.3898602316822645e13 2.6692967649397263e10
0.153884 1.1495537880533707e13 2.268465483312798e10
0.155956 9.532138720939979e12 1.9320252863206104e10
0.158029 7.923648084626657e12 1.648973932576432e10
0.160101 6.602460149694465e12 1.4102988166241144e10
0.162174 5.514489069612464e12 1.2085977989570604e10
0.164246 4.616339868892245e12 1.0377758983518354e10
0.166319 3.873096959340666e12 8.928019644562359e9
0.168391 3.256589979661243e12 7.695129174923256e9
0.170464 2.7440297439544004e12 6.644558224616314e9
0.172536 2.316932086703713e12 5.747601433776532e9
0.174609 1.9602663537113196e12 4.9803413934663515e9
0.176681 1.661779718950633e12 4.32280625346294e9
0.178754 1.4114595262303406e12 3.7582830740713954e9
0.180826 1.20110429605135e12 3.272756764940899e9
0.182898 1.0239805256758027e12 2.854450551403424e9
0.184971 8.74547412028272e11 2.4934487224226203e9
0.187043 7.482354947650974e11 2.181386224736524e9
0.189116 6.4126821664892e11 1.9111926923924716e9
0.191188 5.505177317866646e11 1.6768809080394216e9
0.193261 4.7338811252599524e11 1.4733716130600088e9
0.195333 4.077205296712612e11 1.2963481200695698e9
0.197406 3.517160975176887e11 1.1421354133997552e9
0.199478 3.038729535470602e11 1.0075994135976111e9
0.201551 2.6293483520581937e11 8.900628799954473e8
0.203623 2.2784896367738632e11 7.872350699019732e8
0.205696 1.9773147843707953e11 6.971527946468056e8
0.207768 1.7183901105661343e11 6.181309359178816e8
0.20984 1.4954526119760638e11 5.487208298983235e8
0.211913 1.3032165681132495e11 4.8767520702988005e8
0.213985 1.1372135582588254e11 4.3391860409066737e8
0.216058 9.936598712961392e10 3.865223525036404e8
0.21813 8.693464158304845e10 3.446834002686614e8
0.220203 7.615471472985583e10 3.077063509665575e8
0.222275 6.679427626479201e10 2.7498820701637363e8
0.224348 5.865570066397999e10 2.4600538989106908e8
0.22642 5.157034147366177e10 2.203026806389188e8
0.228493 4.5394070800672134e10 1.97483782513258e8
0.230565 4.0003537314122406e10 1.7720325597042695e8
0.232638 3.529302196044249e10 1.5915961653506938e8
0.23471 3.1171791738845684e10 1.43089419504274e8
0.236782 2.7561869183996876e10 1.2876218335227904e8
0.238855 2.439614938216961e10 1.1597602697489816e8
0.240927 2.1616807989990257e10 1.0455391537191817e8
0.243 1.9173953301566307e10 9.43404246587345e7
0.245072 1.7024483300605146e10 8.51989509619213e7
0.247145 1.5131115146837986e10 7.700929922932124e7
0.249217 1.346155993029298e10 6.9665597638349e7
0.25129 1.1987819985526997e10 6.307449141816774e7
0.253362 1.0685589755898066e10 5.7153576761875845e7
0.255435 9.533744269938047e9 5.183004130098653e7
0.257507 8.513901847800206e9 4.7039482518300615e7
0.25958 7.610049785549595e9 4.272487962991616e7
0.261652 6.808223542446301e9 3.8835697991836935e7
0.263725 6.096231441845037e9 3.5327108080959596e7
0.265797 5.4634181396477375e9 3.2159303647321016e7
0.267869 4.90046115636239e9 2.9296905803973194e7
0.269942 4.39919564352938e9 2.6708441671071764e7
0.272014 3.9524632904865975e9 2.436588777069366e7
0.274087 3.553981896245544e9 2.2244269719684966e7
0.276159 3.1982326527732544e9 2.0321310924134098e7
0.278232 2.8803626260929766e9 1.857712397005375e7
0.280304 2.596100293519394e9 1.699393925517916e7
0.282377 2.3416823100073705e9 1.555586613726115e7
0.284449 2.1137899431628602e9 1.4248682502468392e7
0.286522 1.9094938425717363e9 1.3059649198429044e7
0.288594 1.7262060011236184e9 1.1977346242695183e7
0.290667 1.5616379292786503e9 1.0991528119748907e7
0.292739 1.4137642022151356e9 1.0092995827225948e7
0.294811 1.2807906582545002e9 9.273483632586531e6
0.296884 1.1611266280368524e9 8.525558761645304e6
0.298956 1.0533606602637846e9 7.842532465837656e6
0.301029 9.562392836656904e8 7.218381110680273e6
0.303101 8.686484080685531e8 6.647676097709821e6
0.305174 7.895970216177354e8 6.125521579795591e6
0.307246 7.182028877044203e8 5.647499058147055e6
0.309319 6.536799850694441e8 5.209618061181112e6
0.311391 5.953274688902786e8 4.808272202905911e6
0.313464 5.425199602054306e8 4.440200003543634e6
0.315536 4.946989964883281e8 4.102449929402265e6
0.317609 4.5136549813851607e8 3.792349173944285e6
0.319681 4.1207312461190325e8 3.5074757588136913e6
0.321753 3.764224102904775e8 3.2456335833338504e6
0.323826 3.4405558435879016e8 3.0048300945929037e6
0.325898 3.146519912199675e8 2.783256288483384e6
0.327971 2.8792403861322206e8 2.5792687856446602e6
0.330043 2.6361360981458598e8 2.391373755764822e6
0.332116 2.4148888430714276e8 2.2182124896491463e6
0.334188 2.213415182627974e8 2.0585484413024029e6
0.336261 2.0298414222741106e8 1.9112555823910928e6
0.338333 1.8624813866758713e8 1.7753079291883064e6
0.340406 1.7098166662592602e8 1.6497701177516729e6
0.342478 1.570479047328626e8 1.5337889169015365e6
0.344551 1.4432348731539196e8 1.42658558077513e6
0.346623 1.3269711139339466e8 1.3274489535288017e6
0.348695 1.2206829502097376e8 1.2357292483146174e6
0.350768 1.1234626976341118e8 1.1508324311193146e6
0.35284 1.0344899214337009e8 1.0722151475529175e6
0.354913 9.530226068033989e7 999380.1373255026
0.356985 8.783892671752714e7 931872.0870541108
0.359058 8.099818860857688e7 869273.8772850697
0.36113 7.47249600470711e7 811203.1842771395
0.363203 6.896930438592286e7 757309.4012360421
0.365275 6.368592772991925e7 707270.8473797856
0.367348 5.8833724408831485e7 660792.2364999818
0.36942 5.437536916459865e7 617602.3796124627
0.371493 5.027695102625424e7 577452.0989019735
0.373565 4.650764441106225e7 540112.3324960301
0.375637 4.303941348901051e7 505372.4116840991
0.37771 3.984674628839062e7 473038.4940575921
0.379782 3.6906415409744516e7 442932.13770871353
0.381855 3.419726256010666e7 414889.00311356713
0.383927 3.1700004424607024e7 388757.67065643973
0.386 2.939705766283087e7 364398.56294487166
0.388072 2.727238105699454e7 341682.9621341665
0.390145 2.531133305159589e7 320492.1134386906
0.392217 2.3500543112927895e7 300716.4068676536
0.39429 2.182779550447995e7 282254.62999551505
0.396362 2.0281924223253507e7 265013.28527115326
0.398435 1.8852717974534385e7 248905.96599376353
0.400507 1.7530834180600077e7 233852.78564453762
0.402579 1.6307721123853974e7 219779.85576812134
0.404652 1.5175547418452661e7 206618.80805249492
0.406724 1.4127138087917948e7 194306.35666553615
0.408797 1.3155916600647196e7 182783.8972757394
0.410869 1.225585228166943e7 171997.13951757207
0.412942 1.142141257832512e7 161895.76996242703
0.415014 1.0647519710571889e7 152433.14292741346
0.417087 9.92951128402936e6 143565.99669930415
0.419159 9.263104486294353e6 135254.19297241725
0.421232 8.644363525028149e6 127460.4774994848
0.423304 8.069670000328674e6 120150.26013574538
0.425377 7.535695934377428e6 113291.41262048484
0.427449 7.039379208680181e6 106854.08258876132
0.429521 6.577901183737466e6 100810.52244061122
0.431594 6.148666297988042e6 95134.93181700072
0.433666 5.749283462632171e6 89803.31254240224
0.435739 5.377549086701562e6 84793.33499424698
0.437811 5.031431582707943e6 80084.21495061262
0.439884 4.709057217563672e6 75656.60005024596
0.441956 4.408697186391714e6 71492.46507420609
0.444029 4.128755798479161e6 67575.0153267595
0.446101 3.867759675110839e6 63888.59745530174
0.448174 3.624347868468251e6 60418.61710564175
0.450246 3.397262819297887e6 57151.46286044947
0.452319 3.185342078739326e6 54074.43595554725
0.454391 2.987510726640699e6 51175.685311429
0.456463 2.8027744249537406e6 48444.147456314546
0.458536 2.6302130504601393e6 45869.49095253566
0.460608 2.4689748561969013e6 43442.064970431136
0.462681 2.318271115574104e6 41152.85168346613
0.464753 2.1773712073637997e6 38993.422185273994
0.466826 2.045598103526793e6 36955.895653949934
0.468898 1.9223242252742695e6 35032.90151144286
0.470971 1.8069676358685286e6 33217.54434646474
0.473043 1.698988541483738e6 31503.371388161686
0.475116 1.5978860740010042e6 29884.342334999033
0.477188 1.5031953319287086e6 28354.801359073906
0.479261 1.4144846577412132e6 26909.451120490838
0.481333 1.3313531318375524e6 25543.32863964728
0.483405 1.2534282650553954e6 24251.782887383397
0.485478 1.1803638732505657e6 23030.4539640446
0.48755 1.1118381188843993e6 21875.253748680214
0.489623 1.0475517058633368e6 20782.347908933963
0.491695 987226.2150598636 19748.139170747487
0.493768 930602.569022081 18769.251754857698
0.49584 877439.6153610466 17842.516894290497
0.497913 827512.8191991635 16964.959353683073
0.499985 780613.0558778292 16133.784877363327
0.502058 736545.4958653697 15346.368498717304
0.50413 695128.574483705 14600.24364852705
0.506203 656193.0396901659 13893.092004702163
0.508275 619581.0717149619 13222.734030190391
0.510347 585145.4688696775 12587.120149866876
0.51242 552748.8943125195 11984.322520900754
0.514492 522263.1789857401 11412.527354503543
0.516565 493568.67633342196 10870.027750103241
0.518637 466553.66476690245 10355.217005880937
0.52071 441113.7941736334 9866.582372276196
0.522782 417151.57306577824 9402.699217527706
0.524855 394575.893239979 8962.225576587249
0.526927 373301.58907162596 8543.897056841297
0.529 353249.0287976945 8146.522076009927
0.531072 334343.73535362544 7768.977409380269
0.533145 316516.03452354675 7410.204025183781
0.535217 299700.72834079334 7069.203188452339
0.537289 283836.7918386907 6745.03281509976
0.539362 268867.0914011126 6436.8040592801935
0.541434 254738.12309957593 6143.678118281404
0.543507 241399.76952968768 5864.863240328905
0.545579 228805.07377549456 5599.611921709704
0.547652 216910.02923664483 5347.218280582266
0.549724 205673.38415101758 5107.015595725608
0.551797 195056.4597353352 4878.373999301688
0.553869 185022.98094890863 4660.698313466201
0.555942 175538.91896170855 4453.426021368783
0.558014 166572.34447789867 4256.025363737077
0.560087 158093.291130381 4067.9935528464334
0.562159 150073.62822119863 3888.85509623938
0.564231 142486.9421372701 3718.1602230816866
0.566304 135308.42582124582 3555.4834065262994
0.568376 128514.7757236776 3400.4219759070465
0.570449 122084.09570544116 3252.594813001798
0.572521 115995.80739879725 3111.6411269933083
0.574594 110230.56657185344 2977.2193031170136
0.576666 104770.18507476113 2849.0058203205217
0.578739 99597.55797696115 2726.6942335714016
0.580811 94696.59553341124 2609.9942167402874
0.582884 90052.15964413945 2498.630662255825
0.584956 85650.00449588327 2392.3428339795346
0.587029 81476.72109712748 2290.8835699820247
0.589101 77519.685438706 2194.018532119936
0.591174 73767.01003140505 2101.5254995153746
0.593246 70207.49858984271 2013.193703228531
0.595318 66830.60364838518 1928.8231995899678
0.597391 63626.386910128895 1848.2242798228751
0.599463 60585.48214410285 1771.2169137385165
0.601536 57699.06045892817 1697.630225430393
0.603608 54958.79779328184 1627.3019990254866
0.605681 52356.844474740574 1560.0782126750023
0.607753 49885.796708972724 1495.8125990824399
0.609826 47538.669870888 1434.3662309748895
0.611898 45308.87347828935 1375.6071300240983
0.613971 43190.18773685689 1319.4098978179306
0.616043 41176.741552981286 1265.6553675706605
0.618116 39262.99191809246 1214.230275342601
0.620188 37443.70457475174 1165.0269496162766
0.62226 35713.93588091512 1117.9430181479338
0.624333 34069.015794482126 1072.8811310802093
0.626405 32504.531905541644 1029.748699364401
0.628478 31016.314448648667 988.4576475993522
0.63055 29600.422232037276 948.924180448733
0.632623 28253.12942492847 911.0685618497861
0.634695 26970.91314804041 874.8149062745922
0.636768 25750.44181608442 840.0909813497586
0.63884 24588.564184447718 806.8280211825407
0.640913 23482.29905544225 774.9605497807327
0.642985 22428.82560245949 744.4262139905726
0.645058 21425.474273123124 715.1656254114275
0.64713 20469.718235096207 687.1222107784124
0.649202 19559.16533058645 660.2420703344367
0.651275 18691.550507817272 634.4738437416212
0.653347 17864.72869980269 609.7685831086691
0.65542 17076.66812269614 586.0796327358389
0.657492 16325.443967780946 563.3625152025724
0.659565 15609.232462848182 541.5748234448845
0.661637 14926.305280271461 520.6761184902492
0.66371 14275.02427054704 500.62783253713314
0.665782 13653.836501427699 481.39317708448186
0.667855 13061.269584049713 462.9370558336177
0.669927 12495.927268635975 445.22598210100034
0.672 11956.485293465188 428.2280004954093
0.674072 11441.68747182955 411.91261262725436
0.676144 10950.34200266806 396.25070663105515
0.678217 10481.317991462849 381.21449029460166
0.680289 10033.542168828671 366.7774276001138
0.682362 9605.9957950111 352.9141784937318
0.684434 9197.711739244816 339.60054171010256
0.686507 8807.77172361032 326.8134004885815
0.688579 8435.303721670172 314.5306710267947
0.690652 8079.479502766425 302.7312535259326
0.692724 7739.512313423783 291.39498569033583
0.694797 7414.654687828268 280.5025985515637
0.696869 7104.196379843828 270.0356744943798
0.698942 6807.462409489934 259.9766073688868
0.701014 6523.811217234173 250.30856457942798
0.703086 6252.632919858379 241.01545104693673
0.705159 5993.347662034259 232.08187494706402
0.707231 5745.404058099326 223.49311513178978
0.709304 5508.277718855556 215.23509014726875
0.711376 5281.469858524473 207.29432876540832
0.713449 5064.5059772835 199.65794195117232
0.715521 4856.934615082254 192.31359619182882
0.717594 4658.326172693145 185.24948811834574
0.719666 4468.271796191308 178.45432035290975
0.721739 4286.382321284074 171.91727852008046
0.723811 4112.28727412181 165.62800936245515
0.725884 3945.6339254200843 159.57659990486636
0.727956 3786.0863949096934 153.7535576141317
0.730028 3633.3248033054747 148.1497915041818
0.732101 3487.0444691491552 142.7565941390567
0.734173 3346.95514803547 137.56562448877162
0.736246 3212.7803118754982 132.568891595427
0.738318 3084.256465987006 127.7587390091731
0.740391 2961.1325019294645 123.12782995576598
0.742463 2843.169084121177 118.66913319944615
0.744536 2730.1380683888547 114.37590956676165
0.746608 2621.8219507059453 110.24169909875219
0.748681 2518.0133444756902 106.26030880059135
0.750753 2418.514484808487 102.42580095939098
0.752826 2323.1367583314714 98.73248200237651
0.754898 2231.7002571509142 95.17489186907804
0.75697 2144.0333556661367 91.74779387252701
0.759043 2059.9723090069906 88.44616502573444
0.761115 1979.3608719360473 85.26518681093414
0.763188 1902.049937121547 82.20023637022157
0.76526 1827.8971917485069 79.24687809730376
0.767333 1756.7667914928538 76.40085561110192
0.769405 1688.5290509378044 73.65808409292178
0.771478 1623.0601495628077 71.01464296983008
0.77355 1560.2418524834404 68.46676892773897
0.775623 1499.9612451661444 66.01084923854063
0.777695 1442.1104813843026 63.64341538640414
0.779768 1386.5865437225043 61.36113697909441
0.78184 1333.2910159738349 59.16081593087778
0.783912 1282.1298668107968 57.03938090424059
0.785985 1233.013244144223 54.99388199828077
0.788057 1185.8552796164392 53.02148567223439
0.79013 1140.5739027048749 51.11946989315938
0.792202 1097.0906639407328 49.28521949734783
0.794275 1055.3305667739905 47.516221755537735
0.796347 1015.2219076412862 45.8100621324893
0.79842 976.69612381698 44.16442023194395
0.800492 939.687648650234 42.57706591842525
0.802565 904.1337738120906 41.04585560775072
0.804637 869.9745181966019 39.56872871852015
0.80671 837.1525031389756 38.143704277217196
0.808782 805.612833631551 36.76887766991454
0.810854 775.3029852353055 35.44241753391178
0.812927 746.1726964005499 34.162562782951554
0.814999 718.173865925513 32.92761975996518
0.817072 691.2604552957661 31.73595951158527
0.819144 665.3883956608993 30.586015178938233
0.821217 640.5154992175861 29.476279499488676
0.823289 616.6013747801696 28.405302414954157
0.825362 593.6073473313351 27.3716887805461
0.827434 571.4963813561337 26.374096171013164
0.829507 550.2330077728276 25.41123277917716
0.831579 529.7832542836376 24.481855402853263
0.833652 510.1145789775954 23.584767516237832
0.835724 491.19580702628855 22.718817422029808
0.837796 472.9970703214825 21.88289648072507
0.839869 455.48974991128273 21.07593741368845
0.841941 438.6464210988291 20.296912676765153
0.844014 422.44080107442755 19.544832901342623
0.846086 406.8476989585597 18.81874539991602
0.848159 391.8429681394417 18.11773273334598
0.850231 377.40346079464985 17.440911337126806
0.852304 363.5069844919117 16.78743020410404
0.854376 350.132260769427 16.156469621199065
0.856449 337.25888560108893 15.547239957809147
0.858521 324.8672916566841 14.958980503654992
0.860594 312.93871227167557 14.390958353953096
0.862666 301.4551470453877 13.842467339881042
0.864738 290.3993289904666 13.312827002400025
0.866811 279.75469316030564 12.801381607582375
0.868883 269.5053466847492 12.3074992016774
0.870956 259.6360401478229 11.830570704226561
0.873028 250.13214024450974 11.37000903761528
0.875101 240.97960365667075 10.925248291519605
0.877173 232.16495209115075 10.495742920775562
0.879246 223.6752484258938 10.080966975263681
0.881318 215.49807391253404 9.680413360463357
0.883391 207.62150638642962 9.29359312739177
0.885463 200.03409943749998 8.92003479069782
0.887536 192.72486249747345 8.559283673736616
0.889608 185.68324180130432 8.210901279500543
0.891681 178.89910218255307 7.874464686332889
0.893753 172.36270966445997 7.5495659673963935
0.895825 166.0647148102737 7.235811632914112
0.897898 159.99613679815107 6.932822094243033
0.89997 154.14834818759232 6.640231148880376
0.902043 148.5130603459573 6.357685485543361
0.904115 143.08230950510318 6.084844208498603
0.906188 137.8484434196029 5.8213783803536066
0.90826 132.80410859936333 5.566970582556717
0.910333 127.94223809073958 5.321314492884129
0.912405 123.2560397814654 5.084114479222956
0.914478 118.7389852058836 4.8550852089898
0.91655 114.38479882806253 4.633951273551503
0.918623 110.18744778143201 4.420446827042258
0.920695 106.14113204457917 4.2143152389967
0.922767 102.24027503378461 4.015308760243527
0.92484 98.47951459379104 3.8231882015268575
0.926912 94.85369436915062 3.637722624346212
0.928985 91.35785553932114 3.4586890435261672
0.931057 87.98722890145233 3.285872141048163
0.93313 84.7372272855526 3.1190639906961
0.935202 81.60343828742599 2.958063793086292
0.937275 78.58161730544194 2.8026776206700035
0.939347 75.66768086784103 2.6527181723142457
0.94142 72.85770023788722 2.508004537082712
0.943492 70.14789528475487 2.3683619668543887
0.945565 67.53462860859567 2.2336216574325176
0.947637 65.01439990875 2.103620537810653
0.949709 62.583840584572435 1.9782010672766912
0.951782 60.23970855881562 1.8572110400484103
0.953854 57.97888331397329 1.7405033971469726
0.955927 55.79836113241201 1.6279360452266731
0.957999 53.69525053154012 1.5193716820908394
0.960072 51.66676788564884 1.4146776286347142
0.962144 49.7102332264403 1.3137256669667376
0.964217 47.82306621461177 1.2163918844696768
0.966289 46.002782275206236 1.1225565235729116
0.968362 44.24698888976554 1.0321038370160416
0.970434 42.55338203863059 0.9449219483934277
0.972507 40.91974278702797 0.8609027177770487
0.974579 39.3439340088654 0.779941612223908
0.976651 37.82389724242629 0.7019375809814523
0.978724 36.35764967240817 0.6267929352121593
0.980796 34.9432812329979 0.5544132320656887
0.982869 33.578951826905694 0.4847071629335753
0.984941 32.262888655504945 0.4175864457282543
0.987014 30.993383655436347 0.35296572103433554
0.989086 29.768791037237715 0.2907624519861409
0.991159 28.58752492175299 0.23089682773125197
0.993231 27.448057070261143 0.1732916703454226
0.995304 26.348914704438982 0.11787234506945055
0.997376 25.288678412441964 0.06456667374362546
0.999449 24.265980137546993 0.013304851320506295
1.00152 23.279501245955007 -0.03598063465889423
1.00359 22.327970670497017 -0.08335508173567563
1.00567 21.41016312712724 -0.12888164745637498
1.00774 20.52489740122259 -0.1726214216507964
1.00981 19.67103470083061 -0.21463349616237348
1.01188 18.847477074136453 -0.2549750321249684
1.01396 18.053165888529808 -0.29370132487667755
1.01603 17.28708036876783 -0.33086586659753436
1.0181 16.548236191836306 -0.3665204067546459
1.02017 15.835684136209853 -0.4007150104352726
1.02225 15.14850878331397 -0.4334981146449448
1.02432 14.485827269079518 -0.46491658264514824
1.02639 13.846788083573818 -0.4950157564018389
1.02846 13.230569916773332 -0.523839507213709
1.03054 12.636380548626581 -0.5514302845862389
1.03261 12.063455781633618 -0.5778291634151174
1.03468 11.511058414239951 -0.6030758895403179
1.03675 10.97847725341789 -0.6272089237295946
1.03883 10.46502616487215 -0.6502654841481137
1.0409 9.97004315937415 -0.6722815873686909
1.04297 9.492889513790988 -0.6932920879750761
1.04504 9.032948925433152 -0.713330716808783
1.04712 8.58962669840436 -0.7324301179080139
1.04919 8.162348960688767 -0.75062188418545
1.05126 7.750561910764508 -0.7679365918899208
1.05333 7.3537310925822865 -0.7844038338952339
1.05541 6.971340697794026 -0.8000522518579407
1.05748 6.602892894164442 -0.8149095672841127
1.05955 6.247907179139701 -0.8290026115438713
1.06162 5.90591975759152 -0.8423573548708279
1.06369 5.576482942793017 -0.8549989343823359
1.06577 5.259164579722295 -0.8669516811550597
1.06784 4.953547489826531 -0.878239146389096
1.06991 4.6592289364130774 -0.8888841266927101
1.07198 4.375820109869845 -0.8989086885184991
1.07406 4.10294563194767 -0.9083341917807239
1.07613 3.840243078369246 -0.9171813126824315
1.0782 3.587362519058938 -0.9254700657799342
1.08027 3.343966075315102 -0.9332198253112474
1.08235 3.1097274932752867 -0.9404493458140664
1.08442 2.884331733048937 -0.947176782057972
1.08649 2.6674745729190743 -0.9534197083146323
1.08856 2.458862228036539 -0.9591951369889284
1.09064 2.2582109830545503 -0.9645195366330852
1.09271 2.065246838173092 -0.9694088493650868
1.09478 1.879705168082826 -0.9738785077119176
1.09685 1.7013303933199124 -0.9779434508973939
1.09893 1.5298756635609851 -0.9816181405936657
1.101 1.3651025524070386 -0.9849165761547751
1.10307 1.2067807632226455 -0.987852309349994
1.10514 1.054687845613465 -0.9904384586140456
1.10722 0.90860892214195 -0.9926877228306803
1.10929 0.7683364248967798 -0.9946123946655183
1.11136 0.6336698415460416 -0.9962243734634768
1.11343 0.5044154705195304 -0.9975351777255719
1.11551 0.3803861849785051 -0.9985559571793658
1.11758 0.2614012052450823 -0.9992975044567991
1.11965 0.14728587937618295 -0.9997702663926986
1.12172 0.03787147157861931 -0.99998435495675
1.1238 -0.005314036248192698 -0.9999960161335938
1.12587 -0.01354332767815912 -0.9999740273413895
1.12794 -0.021741858576976213 -0.9999328146990318
1.13001 -0.029909482582542224 -0.9998723797911346
1.13209 -0.03804605443653865 -0.9997927249414016
1.13416 -0.04615142998642878 -0.9996938532125377
1.13623 -0.054225466187445774 -0.999575768406131
1.1383 -0.0622680211045438 -0.9994384750625067
1.14038 -0.07027895391433396 -0.9992819784605522
1.14245 -0.07825812490699616 -0.9991062846175146
1.14452 -0.08620539548815791 -0.998911400288769
1.14659 -0.0941206281807618 -0.9986973329675589
1.14867 -0.1020036866268947 -0.9984640908847082
1.15074 -0.10985443558960559 -0.9982116830083042
1.15281 -0.11767274095468623 -0.9979401190433536
1.15488 -0.1254584697324351 -0.9976494094314086
1.15696 -0.13321149005939592 -0.997339565350166
1.15903 -0.14093167120006314 -0.997010598713037
1.1611 -0.1486188835485738 -0.9966625221686892
1.16317 -0.15627299863036198 -0.9962953491005606
1.16525 -0.1638938891037954 -0.9959090936263446
1.16732 -0.17148142876178654 -0.9955037705974473
1.16939 -0.1790354925333695 -0.9950793955984167
1.17146 -0.18655595648526285 -0.9946359849463431
1.17354 -0.19404269782339442 -0.994173555690232
1.17561 -0.2014955948944077 -0.9936921256103484
1.17768 -0.20891452718714174 -0.9931917132175334
1.17975 -0.21629937533407664 -0.992672337752492
1.18183 -0.22365002111276433 -0.992134019185054
1.1839 -0.23096634744721975 -0.9915767782134053
1.18597 -0.23824823840929793 -0.9910006362632928
1.18804 -0.24549557922003218 -0.9904056154872004
1.19012 -0.2527082562509531 -0.9897917387634969
1.19219 -0.25988615702538015 -0.9891590296955566
1.19426 -0.2670291702196786 -0.988507512610852
1.19633 -0.2741371856645002 -0.9878372125600177
1.1984 -0.2812100943459851 -0.9871481553158883
1.20048 -0.2882477884069437 -0.9864403673725062
1.20255 -0.2952501611480107 -0.9857138759441038
1.20462 -0.3022171070287642 -0.984968708964057
1.20669 -0.30914852166882745 -0.9842048950838106
1.20877 -0.31604430184893156 -0.9834224636717775
1.21084 -0.32290434551196145 -0.9826214448122088
1.21291 -0.3297285517639627 -0.9818018693040373
1.21498 -0.3365168208751274 -0.9809637686596938
1.21706 -0.34326905428075216 -0.9801071751038942
1.21913 -0.3499851545821598 -0.979232121572402
1.2212 -0.35666502554760393 -0.9783386417107606
1.22327 -0.3633085721131337 -0.9774267698730006
1.22535 -0.3699157003834382 -0.9764965411203185
1.22742 -0.37648631763266005 -0.9755479912197282
1.22949 -0.3830203323051759 -0.9745811566426871
1.23156 -0.3895176540163558 -0.9735960745636917
1.23364 -0.3959781935532857 -0.9725927828588503
1.23571 -0.40240186287546587 -0.9715713201044257
1.23778 -0.4087885751154823 -0.9705317255753516
1.23985 -0.4151382445796396 -0.9694740392437236
1.24193 -0.4214507867485781 -0.9683983017772608
1.244 -0.4277261182778476 -0.967304554537744
1.24607 -0.43396415699846547 -0.9661928395794235
1.24814 -0.44016482191743317 -0.9650631996474032
1.25022 -0.44632803321823195 -0.9639156781759972
1.25229 -0.45245371226128733 -0.9627503192870586
1.25436 -0.4585417815843991 -0.9615671677882847
1.25643 -0.4645921649031499 -0.9603662691714925
1.25851 -0.4706047871112765 -0.9591476696108708
1.26058 -0.47657957428101594 -0.9579114159612043
1.26265 -0.4825164536634233 -0.9566575557560717
1.26472 -0.48841535368865274 -0.955386137206019
1.2668 -0.49427620396621863 -0.9540972091967046
1.26887 -0.5000989352852167 -0.9527908212870211
1.27094 -0.5058834796145251 -0.951467023707188
1.27301 -0.5116297701029662 -0.9501258673568225
1.27509 -0.5173377410794459 -0.9487674038029804
1.27716 -0.5230073280530613 -0.9473916852781745
1.27923 -0.5286384677131726 -0.9459987646783663
1.2813 -0.5342310979294558 -0.9445886955609312
1.28338 -0.5397851577519138 -0.9431615321426006
1.28545 -0.5453005874108653 -0.9417173292973764
1.28752 -0.5507773283169025 -0.9402561425544211
1.28959 -0.556215323060814 -0.9387780280959235
1.29167 -0.5616145154134847 -0.9372830427549368
1.29374 -0.5669748503257583 -0.9357712440131958
1.29581 -0.5722962739282746 -0.9342426899989049
1.29788 -0.5775787335312768 -0.9326974394845033
1.29996 -0.582822177624383 -0.9311355518844067
1.30203 -0.5880265558763357 -0.9295570872527202
1.3041 -0.5931918191347126 -0.9279621062809321
1.30617 -0.5983179194256151 -0.9263506702955782
1.30825 -0.603404809953319 -0.9247228412558846
1.31032 -0.6084524450999009 -0.9230786817513861
1.31239 -0.6134607804248321 -0.9214182549995181
1.31446 -0.6184297726645406 -0.9197416248431873
1.31654 -0.623359379731946 -0.9180488557483159
1.31861 -0.628249560715961 -0.9163400128013637
1.32068 -0.633100275880964 -0.9146151617068257
1.32275 -0.637911486666244 -0.9128743687847041
1.32483 -0.6426831556854076 -0.9111177009679611
1.3269 -0.6474152467257666 -0.9093452257999424
1.32897 -0.6521077247476839 -0.9075570114317828
1.33104 -0.6567605558838993 -0.9057531266197834
1.33311 -0.6613737074388156 -0.9039336407227698
1.33519 -0.6659471478877632 -0.9020986236994248
1.33726 -0.6704808468762282 -0.900248146105598
1.33933 -0.674974775219052 -0.8983822790915931
1.3414 -0.6794289048996032 -0.8965010943994324
1.34348 -0.6838432090689135 -0.8946046643600986
1.34555 -0.6882176620447898 -0.8926930618907534
1.34762 -0.6925522393108929 -0.8907663604919333
1.34969 -0.6968469175157838 -0.8888246342447247
1.35177 -0.7011016744719458 -0.8868679578079143
1.35384 -0.7053164891547694 -0.8848964064151198
1.35591 -0.7094913417015138 -0.8829100558718956
1.35798 -0.713626213410232 -0.8809089825528196
1.36006 -0.7177210867386701 -0.878893263398556
1.36213 -0.7217759453031368 -0.8768629759128961
1.3642 -0.7257907738773379 -0.8748181981597805
1.36627 -0.7297655583911873 -0.8727590087602947
1.36835 -0.7337002859295825 -0.8706854868896488
1.37042 -0.7375949447311531 -0.8685977122741317
1.37249 -0.7414495241869802 -0.8664957651880458
1.37456 -0.7452640148392813 -0.8643797264506212
1.37664 -0.7490384083800722 -0.8622496774229071
1.37871 -0.7527726976497909 -0.8601057000046446
1.38078 -0.7564668766358992 -0.8579478766311172
1.38285 -0.7601209404714507 -0.8557762902699807
1.38493 -0.7637348854336287 -0.8535910244180746
1.387 -0.7673087089422561 -0.8513921630982093
1.38907 -0.7708424095582745 -0.8491797908559382
1.39114 -0.774335986982195 -0.8469539927563046
1.39322 -0.7777894420525165 -0.8447148543805724
1.39529 -0.7812027767441186 -0.8424624618229353
1.39736 -0.7845759941666218 -0.8401969016872054
1.39943 -0.7879090985627188 -0.8379182610834854
1.40151 -0.7912020953064787 -0.835626627624817
1.40358 -0.7944549909016172 -0.8333220894238138
1.40565 -0.7976677929797424 -0.8310047350892731
1.40772 -0.8008405102985694 -0.8286746537227675
1.4098 -0.8039731527401038 -0.8263319349152215
1.41187 -0.8070657313087998 -0.8239766687434644
1.41394 -0.8101182581296844 -0.8216089457667688
1.41601 -0.8131307464464588 -0.8192288570233663
1.41809 -0.816103210619565 -0.8168364940269499
1.42016 -0.8190356661242256 -0.8144319487631535
1.42223 -0.8219281295484567 -0.8120153136860149
1.4243 -0.8247806185910476 -0.8095866817144222
1.42638 -0.8275931520595178 -0.8071461462285399
1.42845 -0.8303657498680378 -0.8046938010662199
1.43052 -0.8330984330353277 -0.8022297405193919
1.43259 -0.8357912236825256 -0.7997540593304386
1.43467 -0.8384441450310232 -0.7972668526885534
1.43674 -0.8410572214002804 -0.794768216226079
1.43881 -0.8436304782056049 -0.792258246014832
1.44088 -0.8461639419559065 -0.7897370385624083
1.44296 -0.8486576402514244 -0.7872046908084716
1.44503 -0.8511116017814224 -0.7846613001210274
1.4471 -0.8535258563218598 -0.7821069642926783
1.44917 -0.8559004347330326 -0.7795417815368649
1.45125 -0.8582353689571859 -0.7769658504840878
1.45332 -0.860530692016101 -0.7743792701781173
1.45539 -0.8627864380086513 -0.7717821400721842
1.45746 -0.865002642108334 -0.769174560025155
1.45954 -0.867179340560771 -0.7665566302976949
1.46161 -0.8693165706811847 -0.7639284515484093
1.46368 -0.8714143708518437 -0.7612901248299766
1.46575 -0.8734727805194841 -0.7586417515852617
1.46782 -0.8754918401927018 -0.7559834336434142
1.4699 -0.8774715914393161 -0.753315273215956
1.47197 -0.8794120768837095 -0.7506373728928477
1.47404 -0.8813133402041377 -0.7479498356385478
1.47611 -0.8831754261300134 -0.74525276478805
1.47819 -0.8849983804391632 -0.7425462640429135
1.48026 -0.8867822499550582 -0.7398304374672737
1.48233 -0.8885270825440169 -0.7371053894838405
1.4844 -0.8902329271123821 -0.7343712248698853
1.48648 -0.8918998336036704 -0.7316280487532102
1.48855 -0.8935278529956967 -0.7288759666081076
1.49062 -0.8951170372976706 -0.7261150842513038
1.49269 -0.8966674395472677 -0.7233455078378903
1.49477 -0.898179113807674 -0.7205673438572429
1.49684 -0.8996521151646054 -0.717780699128926
1.49891 -0.9010864997232981 -0.714985680798587
1.50098 -0.9024823246054778 -0.7121823963338358
1.50306 -0.9038396479462988 -0.7093709535201118
1.50513 -0.9051585288912593 -0.7065514604565414
1.5072 -0.906439027593091 -0.7037240255517797
1.50927 -0.9076812052086232 -0.7008887575198444
1.51135 -0.9088851238956207 -0.6980457653759331
1.51342 -0.9100508468095972 -0.6951951584322346
1.51549 -0.9111784381006031 -0.692337046293724
1.51756 -0.9122679629099878 -0.6894715388539479
1.51964 -0.9133194873671389 -0.6865987462908016
1.52171 -0.9143330785861926 -0.6837187790622898
1.52378 -0.9153088046627238 -0.6808317479022817
1.52585 -0.9162467346704077 -0.6779377638162528
1.52793 -0.91714693865766 -0.6750369380770154
1.53 -0.9180094876442495 -0.6721293822204422
1.53207 -0.9188344536178887 -0.6692152080411764
1.53414 -0.9196219095307995 -0.6662945275883344
1.53622 -0.9203719292962534 -0.6633674531611956
1.53829 -0.92108458778509 -0.660434097304887
1.54036 -0.9217599608222092 -0.6574945728060545
1.54243 -0.9223981251830414 -0.6545489926885256
1.54451 -0.9229991585899929 -0.6515974702089653
1.54658 -0.9235631397088685 -0.6486401188525203
1.54865 -0.9240901481452686 -0.6456770523284557
1.55072 -0.9245802644409663 -0.6427083845657839
1.5528 -0.9250335700702585 -0.6397342297088818
1.55487 -0.9254501474362946 -0.6367547021131053
1.55694 -0.9258300798673829 -0.633769916340388
1.55901 -0.9261734516132729 -0.6307799871548416
1.56109 -0.9264803478414154 -0.6277850295183383
1.56316 -0.9267508546332008 -0.6247851585860934
1.56523 -0.9269850589801732 -0.6217804897022378
1.5673 -0.9271830487802227 -0.6187711383953806
1.56938 -0.9273449128337564 -0.6157572203741702
1.57145 -0.9274707408398456 -0.6127388515228425
1.57352 -0.9275606233923529 -0.6097161478967672
1.57559 -0.927614651976034 -0.6066892257179851
1.57767 -0.9276329189626227 -0.6036582013707378
1.57974 -0.9276155176068892 -0.6006231913969956
1.58181 -0.92756254204268 -0.5975843124919736
1.58388 -0.927474087278936 -0.5945416814996468
1.58596 -0.9273502491956872 -0.5914954154082572
1.58803 -0.9271911245400294 -0.5884456313458142
1.5901 -0.9269968109220765 -0.5853924465755932
1.59217 -0.9267674068108963 -0.5823359784916247
1.59425 -0.9265030115304199 -0.5792763446141828
1.59632 -0.9262037252553347 -0.5762136625852644
1.59839 -0.9258696490069563 -0.5731480501640674
1.60046 -0.9255008846490786 -0.5700796252224627
1.60253 -0.9250975348838038 -0.5670085057404608
1.60461 -0.9246597032473536 -0.5639348098016777
1.60668 -0.9241874941058597 -0.560858655588792
1.60875 -0.9236810126511342 -0.5577801613790033
1.61082 -0.9231403648964205 -0.5546994455394834
1.6129 -0.9225656576721243 -0.5516166265228237
1.61497 -0.9219569986215267 -0.5485318228624843
1.61704 -0.9213144961964749 -0.5454451531682318
1.61911 -0.9206382596530578 -0.5423567361215835
1.62119 -0.9199283990472585 -0.5392666904712402
1.62326 -0.9191850252305911 -0.5361751350285232
1.62533 -0.9184082498457172 -0.5330821886628041
1.6274 -0.9175981853220435 -0.5299879702969352
1.62948 -0.9167549448713027 -0.5268925989026775
1.63155 -0.9158786424831138 -0.5237961934961242
1.63362 -0.9149693929205261 -0.5206988731331272
1.63569 -0.914027311715544 -0.5176007569047183
1.63777 -0.9130525151646344 -0.5145019639325287
1.63984 -0.9120451203242167 -0.5114026133642117
1.64191 -0.9110052450061337 -0.5083028243688589
1.64398 -0.9099330077731079 -0.5052027161324198
1.64606 -0.908828527934177 -0.5021024078531192
1.64813 -0.9076919255401146 -0.4990020187368722
1.6502 -0.906523321378834 -0.4959016679927033
1.65227 -0.9053228369707723 -0.4928014748281603
1.65435 -0.904090594564263 -0.4897015584447335
1.65642 -0.9028267171308855 -0.48660203803326996
1.65849 -0.9015313283608039 -0.4835030327693922
1.66056 -0.9002045526580861 -0.48040466180891594
1.66264 -0.8988465151360081 -0.477307044283267
1.66471 -0.8974573416123424 -0.4742102992949029
1.66678 -0.8960371586046292 -0.4711145459127315
1.66885 -0.8945860933254346 -0.4680199031675347
1.67093 -0.8931042736775904 -0.4649264900473902
1.673 -0.8915918282494194 -0.4618344254930963
1.67507 -0.8900488863099474 -0.45874382839360095
1.67714 -0.8884755778040967 -0.455654817581427
1.67922 -0.8868720333478691 -0.45256751182810706
1.68129 -0.8852383842235081 -0.4494820298396127
1.68336 -0.8835747623746532 -0.446398490251794
1.68543 -0.881881300401475 -0.4433170116258156
1.68751 -0.8801581315557978 -0.4402377124435982
1.68958 -0.8784053897362079 -0.43716071110326504
1.69165 -0.876623209483147 -0.4340861259145862
1.69372 -0.8748117259739941 -0.4310140750944327
1.6958 -0.8729710750181315 -0.42794467676223025
1.69787 -0.8711013930519972 -0.42487804893541536
1.69994 -0.8692028171341262 -0.4218143095249016
1.70201 -0.867275484940175 -0.4187535763305419
1.70409 -0.8653195347579381 -0.4156959670366026
1.70616 -0.8633351054823466 -0.41264159920723653
1.70823 -0.8613223366104561 -0.4095905902819623
1.7103 -0.8592813682364233 -0.4065430575711513
1.71238 -0.8572123410464685 -0.40349911825151374
1.71445 -0.8551153963138257 -0.4004588893615969
1.71652 -0.8529906758936819 -0.3974224877972813
1.71859 -0.8508383222181038 -0.39439003030728936
1.72067 -0.8486584782909532 -0.39136163348869446
1.72274 -0.8464512876827884 -0.38833741378243836
1.72481 -0.8442168945257592 -0.3853174874688545
1.72688 -0.841955443508484 -0.3823019706631958
1.72896 -0.8396670798709225 -0.37929097931117184
1.73103 -0.8373519493992325 -0.37628462918449
1.7331 -0.8350101984206173 -0.37328303587640266
1.73517 -0.8326419737981646 -0.3702863147972655
1.73725 -0.8302474229256706 -0.36729458117009717
1.73932 -0.8278266937224588 -0.36430795002615146
1.74139 -0.825379934628184 -0.36132653620049204
1.74346 -0.822907294597631 -0.3583504543275793
1.74553 -0.8204089230954984 -0.3553798188368614
1.74761 -0.817884970091176 -0.35241474394837413
1.74968 -0.815335586053514 -0.34945534366835096
1.75175 -0.8127609219455779 -0.3465017317848369
1.75382 -0.8101611292193992 -0.34355402186331596
1.7559 -0.8075363598107151 -0.3406123272423437
1.75797 -0.8048867661336979 -0.3376767610291881
1.76004 -0.8022125010756794 -0.3347474360954825
1.76211 -0.7995137179918627 -0.33182446507288466
1.76419 -0.7967905707000287 -0.32890796034874636
1.76626 -0.7940432134752337 -0.32599803406179295
1.76833 -0.791271801044497 -0.32309479809780917
1.7704 -0.788476488581485 -0.32019836408534064
1.77248 -0.7856574317011817 -0.31730884339139864
1.77455 -0.7828147864545577 -0.3144263471171804
1.77662 -0.7799487093232278 -0.31155098609379595
1.77869 -0.777059357214103 -0.3086828708780067
1.78077 -0.7741468874540359 -0.30582211174797613
1.78284 -0.7712114577844568 -0.3029688186990269
1.78491 -0.7682532263560079 -0.30012310143941456
1.78698 -0.765272351723165 -0.2972850693861062
1.78906 -0.7622689928388583 -0.29445483166057684
1.79113 -0.759243309049084 -0.29163249708461114
1.7932 -0.7561954600875095 -0.2888181741761192
1.79527 -0.7531256060700757 -0.2860119711449671
1.79735 -0.7500339074895902 -0.28321399588881135
1.79942 -0.7469205252103185 -0.28042435598895543
1.80149 -0.7437856204625658 -0.27764315870620937
1.80356 -0.7406293548372582 -0.2748705109767676
1.80564 -0.7374518902805149 -0.2721065194080974
1.80771 -0.7342533890882172 -0.26935129027483784
1.80978 -0.7310340139005759 -0.2666049295147168
1.81185 -0.7277939276966864 -0.2638675427244741
1.81393 -0.724533293789089 -0.2611392351558046
1.816 -0.7212522758183181 -0.2584201117113093
1.81807 -0.7179510377474492 -0.255710276940462
1.82014 -0.7146297438566458 -0.25300983503559027
1.82222 -0.7112885587376948 -0.25031888982786876
1.82429 -0.7079276472885485 -0.24763754478332656
1.82636 -0.7045471747078546 -0.24496590299887044
1.82843 -0.7011473064894864 -0.24230406719831865
1.83051 -0.6977282084170731 -0.23965213972845278
1.83258 -0.6942900465585202 -0.23701022255508208
1.83465 -0.6908329872605364 -0.23437841725912323
1.83672 -0.6873571971431477 -0.23175682503269357
1.8388 -0.6838628430942196 -0.22914554667522125
1.84087 -0.6803500922639695 -0.22654468258957028
1.84294 -0.6768191120594798 -0.2239543327781771
1.84501 -0.6732700701392116 -0.22137459683920957
1.84709 -0.6697031344075115 -0.21880557396273392
1.84916 -0.6661184730091229 -0.21624736292690283
1.85123 -0.6625162543236919 -0.21370006209415726
1.8533 -0.6588966469602725 -0.2111637694074434
1.85538 -0.6552598197518344 -0.20863858238644895
1.85745 -0.6516059417497639 -0.2061245981238501
1.85952 -0.6479351822183718 -0.2036219132815824
1.86159 -0.6442477106293926 -0.20113062408712068
1.86367 -0.6405436966564916 -0.19865082632978115
1.86574 -0.6368233101697665 -0.19618261535703807
1.86781 -0.633086721230248 -0.19372608607085606
1.86988 -0.6293341000844092 -0.19128133292404437
1.87196 -0.6255656171586632 -0.1888484499166212
1.87403 -0.6217814430538721 -0.18642753059220307
1.8761 -0.617981748539851 -0.1840186680344058
1.87817 -0.6141667045498723 -0.18162195486326604
1.88024 -0.6103364821751771 -0.17923748323168076
1.88232 -0.6064912526594793 -0.17686534482186245
1.88439 -0.6026311873934795 -0.17450563084181647
1.88646 -0.5987564579093733 -0.172158432021831
1.88853 -0.5948672358753678 -0.16982383861099137
1.89061 -0.5909636930901959 -0.16750194037370814
1.89268 -0.5870460014776322 -0.1651928265862661
1.89475 -0.5831143330810151 -0.1628965860333924
1.89682 -0.5791688600577672 -0.16061330700484167
1.8989 -0.5752097546739217 -0.1583430772920018
1.90097 -0.5712371892986498 -0.15608598418451936
1.90304 -0.5672513363987886 -0.1538421144669413
1.90511 -0.5632523685333796 -0.15161155441538
1.90719 -0.5592404583482004 -0.1493943897941945
1.90926 -0.5552157785703089 -0.147190705852694
1.91133 -0.551178502002587 -0.14500058732186027
1.9134 -0.5471288015182844 -0.14282411841108766
1.91548 -0.5430668500555762 -0.14066138280494833
1.91755 -0.5389928206121137 -0.13851246365997172
1.91962 -0.5349068862395878 -0.13637744360144954
1.92169 -0.5308092200382908 -0.13425640472025702
1.92377 -0.5266999951516876 -0.13214942856969802
1.92584 -0.5225793847609898 -0.1300565961623682
1.92791 -0.5184475620797313 -0.1279779879670404
1.92998 -0.5143047003483562 -0.12591368390557212
1.93206 -0.5101509728288043 -0.12386376334982896
1.93413 -0.5059865527991083 -0.12182830511863729
1.9362 -0.5018116135479938 -0.11980738747475028
1.93827 -0.4976263283694819 -0.1178010881218402
1.94035 -0.4934308705575054 -0.11580948420151049
1.94242 -0.48922541340052283 -0.11383265229032946
1.94449 -0.48501013017614547 -0.11187066839688664
1.94656 -0.4807851941457647 -0.10992360795886857
1.94864 -0.4765507785491916 -0.10799154584016124
1.95071 -0.4723070565992999 -0.10607455632796836
1.95278 -0.46805420147667504 -0.10417271312995702
1.95485 -0.4637923863242737 -0.10228608937142314
1.95693 -0.4595217842420867 -0.10041475759247942
1.959 -0.45524256828181203 -0.098558789745267
1.96107 -0.450954911441536 -0.09671825719118865
1.96314 -0.4466589866604163 -0.09489323069816402
1.96522 -0.4423549668133815 -0.0930837804379101
1.96729 -0.43804302470583056 -0.09128997598324218
1.96936 -0.43372333306834654 -0.08951188630539875
1.97143 -0.4293960645514156 -0.08774957977139097
1.97351 -0.4250613917201527 -0.08600312414137123
1.97558 -0.4207194870490412 -0.08427258656603098
1.97765 -0.41637052291667576 -0.08255803358401637
1.97972 -0.41201467160051825 -0.08085953111937128
1.9818 -0.40765210527165946 -0.07917714447900148
1.98387 -0.40328299598959266 -0.07751093835016465
1.98594 -0.3989075156969964 -0.07586097679798309
1.98801 -0.3945258362145227 -0.07422732326297865
1.99009 -0.39013812923560187 -0.0726100405586364
1.99216 -0.3857445663212507 -0.07100919086898672
1.99423 -0.3813453188948947 -0.06942483574621638
1.9963 -0.3769405582372004 -0.06785703610830085
1.99838 -0.3725304554809136 -0.06630585223666163
2.00045 -0.36811518160571416 -0.06477134377384997
2.00252 -0.36369490743307653 -0.06325356972125173
2.00459 -0.35926980362114525 -0.061752588436820965
2.00667 -0.35484004065961555 -0.060268457632833394
2.00874 -0.3504057888646322 -0.058801234373669686
2.01081 -0.3459672183736948 -0.05735097507362086
2.01288 -0.34152449914057414 -0.055917735494718235
2.01495 -0.3370778009302436 -0.05450157074459028
2.01703 -0.332627293313817 -0.053102535274343166
2.0191 -0.32817314566350525 -0.051720682876467805
2.02117 -0.3237155271475783 -0.050356066682770706
2.02324 -0.31925460672534356 -0.04900873916233228
2.02532 -0.31479055314213394 -0.047678752119488355
2.02739 -0.3103235349243079 -0.046366156691837856
2.02946 -0.3058537203742667 -0.045071003348278404
2.03153 -0.3013812775654786 -0.04379334188706441
2.03361 -0.29690637433751976 -0.04253322143389271
2.03568 -0.29242917829112586 -0.041290690440013766
2.03775 -0.28794985678325585 -0.04006579668036814
2.03982 -0.2834685769221748 -0.03885858725175062
2.0419 -0.2789855055625428 -0.03766910857099881
2.04397 -0.27450080930052273 -0.0364974063732082
2.04604 -0.270014654468899 -0.03534352570997412
2.04811 -0.26552720713220734 -0.034207510947658726
2.05019 -0.2610386330818892 -0.03308940576568642
2.05226 -0.25654909783144664 -0.03198925315486312
2.05433 -0.2520587666116219 -0.03090709541572423
2.0564 -0.24756780436558526 -0.02984297415690773
2.05848 -0.24307637574413718 -0.028796930293553458
2.06055 -0.23858464510093405 -0.02776900404573235
2.06262 -0.23409277648771573 -0.026759234936897247
2.06469 -0.2296009336495591 -0.02576766179236578
2.06677 -0.2251092800201357 -0.02479432273782467
2.06884 -0.2206179787169976 -0.02383925519786656
2.07091 -0.21612719253686885 -0.022902495894549624
2.07298 -0.21163708395095454 -0.021984080845985687
2.07506 -0.20714781510026808 -0.021084045364955672
2.07713 -0.20265954779096962 -0.02020242405755157
2.0792 -0.1981724434897265 -0.019339250821846177
2.08127 -0.19368666331908532 -0.018494558846589015
2.08335 -0.18920236805285953 -0.01766838060993159
2.08542 -0.18471971811153726 -0.01686074787817704
2.08749 -0.18023887355769974 -0.016071691704559465
2.08956 -0.17575999409146387 -0.01530124242805031
2.09164 -0.17128323904593545 -0.014549429672191305
2.09371 -0.16680876738267997 -0.013816282343955377
2.09578 -0.1623367376872132 -0.01310182863263587
2.09785 -0.15786730816450406 -0.012406096008761747
2.09993 -0.15340063663450132 -0.011729111223041988
2.102 -0.14893688052767112 -0.011070900305336862
2.10407 -0.14447619688055616 -0.010431488563657054
2.10614 -0.140018742331349 -0.009810900583190785
2.10822 -0.1355646731154881 -0.009209160225358448
2.11029 -0.1311141450612623 -0.00862629062689435
2.11236 -0.12666731358544633 -0.008062314198958531
2.11443 -0.12222433368894413 -0.007517252626274118
2.11651 -0.1177853599524523 -0.006991126866293662
2.11858 -0.11335054653214667 -0.006483957148393671
2.12065 -0.10892004715537737 -0.00599576297309623
2.12272 -0.10449401511639553 -0.005526563111319827
2.1248 -0.10007260327208861 -0.005076375603657257
2.12687 -0.09565596403773692 -0.004645217759682074
2.12894 -0.09124424938279134 -0.0042331061572831175
2.13101 -0.08683761082666547 -0.003840056642026579
2.13309 -0.0824361994345535 -0.0034660843265476027
2.13516 -0.07804016581326192 -0.0031112035899686363
2.13723 -0.07364966010706203 -0.0027754280773467643
2.1393 -0.06926483199355918 -0.0024587706991487934
2.14138 -0.06488583067959089 -0.002161243630755094
2.14345 -0.060512804897132226 -0.001882858311991642
2.14552 -0.05614590289923031 -0.0016236254466894806
2.14759 -0.05178527245595396 -0.0013835550022742726
2.14966 -0.04743106085036181 -0.0011626562093818293
2.15174 -0.04308341487449992 -0.0009609375615037274
2.15381 -0.038742480825407336 -0.0007784068146612366
2.15588 -0.03440840450114956 -0.0006150709871063365
2.15795 -0.0300813311968724 -0.0004709363590522653
2.16003 -0.02576140570086852 -0.0003460084724316026
2.1621 -0.02144877229067871 -0.00024029213068399446
2.16417 -0.017143574729199872 -0.00015379139857085722
2.16624 -0.012845956260821596 -0.00008650960201905811
2.16832 -0.008556059607583722 -0.00003844932799346168
2.17039 -0.004274026965347222 -9.612424397120733e-6
2.17246 -8.432859955897013e-17 0.
