#1001 0.1 2.07246
0.1 4.799997599999998e15 3.999996e12
0.101972 3.651575808464291e15 3.164205210267669e12
0.103945 2.7925113904067115e15 2.5143168519318906e12
0.105917 2.1463441861175348e15 2.0065607965848616e12
0.10789 1.6577259905366848e15 1.6080232436457617e12
0.109862 1.2863485836299642e15 1.2938219044906123e12
0.111835 1.0026856585966189e15 1.0450494668015305e12
0.113807 7.84987229932472e14 8.472676272214023e11
0.11578 6.171447306299404e14 6.89398078862532e11
0.117752 4.871653438165664e14 5.629013808826458e11
0.119725 3.860753121838252e14 4.611657906675521e11
0.121697 3.0712713960088544e14 3.7905006671476526e11
0.12367 2.4522333804307116e14 3.1253977842845844e11
0.125642 1.9649535507239206e14 2.5848772017153287e11
0.127614 1.5799431732254266e14 2.144169509706555e11
0.129587 1.274627715019556e14 1.7837068921472733e11
0.131559 1.0316540028242639e14 1.4879742520449414e11
0.133532 8.376289210373531e13 1.2446262321179128e11
0.135504 6.8217540558988734e13 1.0438058575968713e11
0.137477 5.572228260461454e13 8.776167077990196e10
0.139449 4.5647129747662984e13 7.397124719814447e10
0.141422 3.7498562681988484e13 6.249766097291254e10
0.143394 3.0888629240644277e13 5.292714417952342e10
0.145367 2.5511335574172914e13 4.492409406848661e10
0.147339 2.1124541198310945e13 3.821552050632887e10
0.149312 1.7536023856842223e13 3.257874049065708e10
0.151284 1.4592715550433023e13 2.7831610738586086e10
0.153256 1.2172359203234178e13 2.382475077946669e10
0.155229 1.017701974164103e13 2.043533218687453e10
0.157201 8.528020803743139e12 1.7562103953827217e10
0.159174 7.161981194820622e12 1.5121396552415709e10
0.161146 6.0277025283398125e12 1.3043903166416134e10
0.163119 5.083717812589512e12 1.127207988142619e10
0.165091 4.2963548884284644e12 9.75804023163187e9
0.167064 3.6382021558268833e12 8.461845683179609e9
0.169036 3.0868895843234766e12 7.350114088361681e9
0.171009 2.624117546543019e12 6.394884173290808e9
0.172981 2.2348810079090967e12 5.57268671907735e9
0.174954 1.9068481453586914e12 4.863783025695635e9
0.176926 1.629861376480632e12 4.2515390958390417e9
0.178898 1.3955356787072754e12 3.7219101963032756e9
0.180871 1.1969344354308818e12 3.263015397669387e9
0.182843 1.0283072184143469e12 2.8647856317375026e9
0.184816 8.848771747786343e11 2.518671952463116e9
0.186788 7.626682392193252e11 2.217403205767719e9
0.188761 6.583643964970409e11 1.9547843362957559e9
0.190733 5.691947974546998e11 1.7255281868575544e9
0.192706 4.928397776592924e11 1.5251149591516104e9
0.194678 4.2735381372187604e11 1.3496745657144792e9
0.196651 3.7110223455730914e11 1.1958879630068488e9
0.198623 3.2270912690976086e11 1.0609042538554338e9
0.200596 2.810143703487572e11 9.422709157374437e8
0.202568 2.4503813314703815e11 8.37874974809785e8
0.20454 2.1395147773908148e11 7.458933242748919e8
0.206513 1.8705197911310843e11 6.647506957556963e8
0.208485 1.6374346431974207e11 5.93084046757314e8
0.210458 1.4351914638774146e11 5.297123364247559e8
0.21243 1.2594755930411076e11 4.7361083404893094e8
0.214403 1.1066080866574452e11 4.238892468992051e8
0.216375 9.734474016287698e10 3.7977307145086706e8
0.218348 8.573069920541685e10 3.405876693750653e8
0.22032 7.558861293688489e10 3.057446503792029e8
0.222293 6.6721173142310844e10 2.7473021106818324e8
0.224265 5.895893718413483e10 2.4709513484036258e8
0.226238 5.2156195729157936e10 2.2244620439705944e8
0.22821 4.618748197468199e10 2.0043881733637124e8
0.230182 4.094461840227556e10 1.807706278374335e8
0.232155 3.633421463799097e10 1.6317606470214954e8
0.234127 3.2275544469625816e10 1.4742159889836648e8
0.2361 2.8698742024860813e10 1.333016529757404e8
0.238072 2.5543267003406136e10 1.2063506090966669e8
0.240045 2.275659705130402e10 1.0926200057133865e8
0.242017 2.0293112167365875e10 9.904133253901486e7
0.24399 1.8113141686068928e10 8.984828870196183e7
0.245962 1.6182149088926992e10 8.157246235115412e7
0.247935 1.447003382181737e10 7.411605843840742e7
0.249907 1.295053257384532e10 6.739236861735989e7
0.25188 1.1600705214832937e10 6.1324440721812144e7
0.253852 1.0400492884577112e10 5.584391662846831e7
0.255825 9.332337652739746e9 5.089001610852405e7
0.257797 8.380854785601254e9 4.640864739347257e7
0.259769 7.5325500161699295e9 4.2351627846980065e7
0.261742 6.775575359713604e9 3.8676000415685534e7
0.263714 6.099517982836534e9 3.534343348540041e7
0.265687 5.495217449963799e9 3.2319693444401283e7
0.267659 4.954607360796652e9 2.9574180693687014e7
0.269632 4.470577976182328e9 2.707952108018011e7
0.271604 4.0368569247549577e9 2.4811205792488806e7
0.273577 3.6479055027255635e9 2.274727367510496e7
0.275549 3.2988284360953903e9 2.0868030707091093e7
0.277522 2.9852952781869965e9 1.9155802073488656e7
0.279494 2.703471873991397e9 1.7594712847264487e7
0.281467 2.4499605433463926e9 1.61704938096999e7
0.283439 2.2217478232168827e9 1.4870309378903281e7
0.285411 2.0161587702436292e9 1.3682604999130176e7
0.287384 1.8308169623922975e9 1.2596971675980251e7
0.289356 1.663609456453094e9 1.1604025631289026e7
0.291329 1.5126560592548687e9 1.0695301302614529e7
0.293301 1.3762823572537858e9 9.863156130766135e6
0.295274 1.2529960237411897e9 9.100685769227792e6
0.297246 1.141465987073166e9 8.401648515375664e6
0.299219 1.0405040985692374e9 7.760397908327496e6
0.301191 9.49048986346318e8 7.171822564890836e6
0.303164 8.661518224401025e8 6.6312924358119555e6
0.305136 7.909637660503408e8 6.134610761446596e6
0.307109 7.227248764228215e8 5.677971090879634e6
0.309081 6.607543154259285e8 5.257918802963512e6
0.311053 6.044416828716059e8 4.871316633073408e6
0.313026 5.532393475636042e8 4.515313766753446e6
0.314998 5.0665565435285044e8 4.187318111863221e6
0.316971 4.642489025029993e8 3.884971405204616e6
0.318943 4.256220037292683e8 3.606126848675536e6
0.320916 3.9041773963711e8 3.3488290044217273e6
0.322888 3.583145481832872e8 3.111295708816749e6
0.324861 3.290227774073047e8 2.8919017918933528e6
0.326833 3.0228135220557976e8 2.689164412515152e6
0.328806 2.7785480649026334e8 2.5017298404966053e6
0.330778 2.5553063881512514e8 2.328361535383745e6
0.332751 2.3511695457125074e8 2.1679293879901455e6
0.334723 2.1644036224929962e8 2.0194000052952743e6
0.336695 1.993440951140016e8 1.8818279321790305e6
0.338668 1.8368633301071668e8 1.754347714881652e6
0.34064 1.6933870198412168e8 1.6361667212128828e6
0.342613 1.5618493198821518e8 1.5265586415390596e6
0.344585 1.441196552506417e8 1.424857602582252e6
0.346558 1.3304732986259094e8 1.3304528331883254e6
0.34853 1.228812749328224e8 1.2427838275620195e6
0.350503 1.1354280520071995e8 1.1613359571164509e6
0.352475 1.049604543749137e8 1.0856364871208312e6
0.354448 9.706927767368594e7 1.0152509588228769e6
0.35642 8.98102251110102e7 949779.901732969
0.358393 8.312957801498072e7 888855.8443392019
0.360365 7.697844209874582e7 832140.5947243484
0.362337 7.131229114108686e7 779322.7654191825
0.36431 6.609055598606862e7 730115.5193891866
0.366282 6.127625414886065e7 684254.516346315
0.368255 5.683565582676657e7 641496.0406334717
0.370227 5.2737982568480745e7 601615.2937726371
0.3722 4.895513525744284e7 564404.8364211099
0.374172 4.5461448422869444e7 529673.1659645465
0.376145 4.223346820987165e7 497243.4173084656
0.378117 3.924975162263691e7 466952.1756277055
0.38009 3.64906849060448e7 438648.3909104462
0.382062 3.393831915485823e7 412192.38510230405
0.384035 3.157622143895969e7 387454.94352823496
0.386007 2.9389339910752453e7 364316.48305556085
0.387979 2.7363881519275323e7 342666.2901692734
0.389952 2.548720109695052e7 322401.82276905334
0.391924 2.374770071110729e7 303428.0700731905
0.393897 2.213473828518766e7 285656.96553425456
0.395869 2.0638544595339406e7 269006.8481406668
0.397842 1.9250147838253878e7 253401.96790233193
0.399814 1.796130504678476e7 238772.03170177486
0.401787 1.676443970212271e7 225051.7860389188
0.403759 1.5652584956018003e7 212180.63351131103
0.405732 1.4619331934557589e7 200102.28015564027
0.407704 1.3658782647030056e7 188764.41103360968
0.409677 1.2765507070101848e7 178118.39167837432
0.411649 1.1934504019445457e7 168118.99322911212
0.413621 1.1161165458615359e7 158724.13927303161
0.415594 1.0441243928810103e7 149894.67258812307
0.417566 9.770822813591544e6 141594.14013794842
0.419539 9.146289180011578e6 133788.5948132707
0.421511 8.564308962242525e6 126446.41254575356
0.423484 8.021804276002753e6 119538.12353754083
0.425456 7.515932672068316e6 113036.25645838301
0.427429 7.044068155190214e6 106915.19456014897
0.429401 6.603783810997626e6 101151.04274791456
0.431374 6.192835898139849e6 95721.50472822555
0.433346 5.8091492761670165e6 90605.76942929912
0.435319 5.450804051613212e6 85784.40595554597
0.437291 5.116023335557626e6 81239.2664004581
0.439263 4.8031620157134645e6 76953.39589816947
0.441236 4.510696454934922e6 72910.94934535719
0.443208 4.237215036032165e6 69097.11427203524
0.445181 3.9814094800264714e6 65498.039382645446
0.447153 3.7420668715367652e6 62100.768327987185
0.449126 3.5180623309321813e6 58893.17830433216
0.451098 3.3083522782728486e6 55863.923108804396
0.453071 3.1119682389471433e6 53002.380310058936
0.455043 2.9280111453468148e6 50298.60222071951
0.457016 2.755646092944871e6 47743.27038313367
0.458988 2.59409751279544e6 45327.653303016625
0.460961 2.442644725793711e6 43043.56718662233
0.462933 2.3006178470510463e6 40883.33945641262
0.464905 2.1673940114830364e6 38839.77483791211
0.466878 2.042393894203071e6 36906.12382669735
0.46885 1.9250785015841124e6 35076.0533593919
0.470823 1.8149462109178652e6 33343.61952623744
0.472795 1.711530038482453e6 31703.242175396095
0.474768 1.6143951175442038e6 30149.68127069932
0.47674 1.5231363693817507e6 28678.01487518644
0.478713 1.437376351845318e6 27283.61864254377
0.480685 1.356763271263533e6 25962.14670754427
0.482658 1.2809691446958205e6 24709.51387485413
0.48463 1.209688100610652e6 23521.87901318235
0.486603 1.1426348070583618e6 22395.629568758137
0.488575 1.0795430173098808e6 21327.36711857211
0.490547 1.0201642237578362e6 20313.893889763996
0.49252 964266.4116305701 19352.200177019597
0.494492 911632.9047593693 18439.452594891714
0.496465 862061.2962700911 17572.983106618925
0.498437 815362.4576477995 16750.278775315383
0.50041 771359.6201516219 15968.972187371064
0.502382 729887.5230411205 15226.832501564495
0.504355 690791.6235189711 14521.75708077168
0.506327 653927.3637011546 13851.763666278748
0.5083 619159.4902984874 13214.983057592666
0.510272 586361.4230349615 12609.65226331175
0.512245 555414.6681419063 12034.108091085807
0.514217 526208.2735545684 11486.78114697628
0.516189 498638.3227018279 10966.190216637919
0.518162 472607.4640222463 10470.937002697476
0.520134 448024.47356241185 9999.70119451266
0.522107 424803.848218226 9551.235848169401
0.524079 402865.4273679448 9124.363056126627
0.526052 382134.04081878247 8717.969887354824
0.528024 362539.1811480199 8331.004580146364
0.529997 344014.6986659713 7962.472971010925
0.531969 326498.51736290765 7611.435144213676
0.533942 309932.37032611266 7277.002287576946
0.535914 294261.5532274649 6958.333741150561
0.537887 279434.69458723866 6654.63422627203
0.539859 265403.54161675903 6365.151243385756
0.541831 252122.76053198005 6089.172627779826
0.543804 239549.7503124737 5826.02425313109
0.545776 227644.46895635847 5575.067873429973
0.547749 216369.27135183886 5335.699094488857
0.549721 205688.75795076668 5107.3454668261975
0.551694 195569.6334893977 4889.464692264928
0.553666 185980.57505670306 4681.542937092727
0.555639 176892.10886156614 4483.0932451044955
0.557611 168276.49509729567 4293.6540442881815
0.559584 160107.62034541016 4112.7877413244905
0.561556 152360.897000891 3940.079398453188
0.563529 145013.16923830376 3775.1354876135874
0.565501 138042.62507261976 3617.5827170985212
0.567474 131428.71410040048 3467.0669262691276
0.569446 125152.07053648838 3323.2520441655993
0.571418 119194.44118862851 3185.819108117051
0.573391 113538.61803770998 3054.465338703653
0.575363 108168.37511471662 2928.90326765732
0.577336 103068.4093871567 2808.859915504755
0.579308 98224.28538783311 2694.0760159596202
0.581281 93622.3833374395 2584.3052842601546
0.583253 89249.85052973682 2479.313726825239
0.585226 85094.5557640801 2378.87898976733
0.587198 81145.04662492443 2282.7897439547623
0.589171 77390.5094217213 2190.845104460078
0.591143 73820.73161542045 2102.854082365897
0.593116 70426.0665696649 2018.635067025506
0.595088 67197.40047580318 1938.015336993181
0.59706 64126.1213110885 1860.8305979492832
0.599033 61204.08969895561 1786.9245460480822
0.601005 58423.61154911335 1716.1484552126067
0.602978 55777.412363414864 1648.3607869908697
0.60495 53258.61310111446 1583.4268216722555
0.606923 50860.70750423038 1521.218309441672
0.608895 48577.54079034838 1461.6131404231478
0.610868 46403.28962635501 1404.4950325336713
0.61284 44332.443302317406 1349.7532361329957
0.614813 42359.786030058145 1297.282254515866
0.616785 40480.38029593823 1246.9815793501014
0.618758 38689.55120198398 1198.7554402173166
0.62073 36982.87173380107 1152.512567463141
0.622702 35356.14889772944 1108.1659676106601
0.624675 33805.41067343571 1065.6327106349481
0.626647 32326.893731621494 1024.8337284376828
0.62862 30917.031869778653 985.6936238997315
0.630592 29572.445121951605 948.1404899258462
0.632565 28289.929501294715 912.1057379298131
0.634537 27066.447336849196 877.523935240393
0.63651 25899.11816842609 844.3326509385229
0.638482 24785.210165778208 812.4723096644793
0.640455 23722.132040388828 781.8860529602753
0.642427 22707.425420207663 752.5196077375145
0.6444 21738.75765953439 724.321161484333
0.646372 20813.91505799766 697.241243847166
0.648344 19930.796464210038 671.2326142437182
0.650317 19087.407241204102 646.2501551830619
0.652289 18281.853572182674 622.2507709870745
0.654262 17512.337086447787 599.1932916246759
0.656234 16777.149786620997 577.0383813865375
0.658207 16074.669259433302 555.7484521432098
0.660179 15403.354153454145 535.2875809439456
0.662152 14761.739908149884 515.6214317270708
0.664124 14148.434719617253 496.7171809254182
0.666097 13562.115729232064 478.54344676239015
0.668069 13001.525422290388 461.07022204546485
0.670042 12465.468224503791 444.26881027462497
0.672014 11952.807284944502 428.11176489318893
0.673986 11462.461434724586 412.5728315179927
0.675959 10993.402311337379 397.6268929947478
0.677931 10544.651639194417 383.24991713281617
0.679904 10115.278657456573 369.41890698154646
0.681876 9704.3976867895 356.111853517765
0.683849 9311.165827171228 343.30769062108544
0.685821 8934.780779346636 330.98625222030535
0.687794 8574.478782961567 319.1282315004475
0.689766 8229.532664820237 307.7151420659067
0.691739 7899.249991095288 296.72928096073474
0.693711 7582.9713176816485 286.15369345238616
0.695684 7280.068533225255 275.97213949018874
0.697656 6989.943289676575 266.1690617545308
0.699628 6712.025515518506 256.7295552171672
0.701601 6445.772007099646 247.6393381372536
0.703573 6190.665093767933 238.88472442165744
0.705546 5946.211372748598 230.45259728186363
0.707518 5711.94050994308 222.3303841232876
0.709491 5487.404103045431 214.5060326061921
0.711463 5272.174603578603 206.967987820523
0.713436 5065.844294647164 199.7051705199979
0.715408 4868.024321385084 192.7069563635829
0.717381 4678.343771248882 185.96315611517738
0.719353 4496.448801467686 179.46399675484437
0.721326 4322.001811113524 173.20010345731967
0.723298 4154.680655398033 167.16248239579568
0.72527 3994.177899936173 161.34250433110816
0.727243 3840.2001128441543 155.7318889484938
0.729215 3692.4671926577134 150.3226899059871
0.731188 3550.71173016943 145.10728056036112
0.73316 3414.678402389037 140.0783403382187
0.735133 3284.123396930523 135.22884172147872
0.737105 3158.8138652233715 130.55203781804283
0.739078 3038.5274030337864 126.04145048988954
0.74105 2923.051556864931 121.69085901222662
0.743023 2812.1833548837153 117.49428923864576
0.744995 2705.7288610956607 113.44600324846682
0.746968 2603.5027515591137 109.54048945363766
0.74894 2505.3279114958773 105.77245314367487
0.750912 2411.035052217346 102.13680744818771
0.752885 2320.4623468437962 98.62866469753594
0.754857 2233.455083849668 95.24332816312157
0.75683 2149.86533751974 91.97628415972224
0.758802 2069.551654450377 88.82319449312777
0.760775 1992.37875527632 85.77988923716316
0.762747 1918.2172508473525 82.8423598249411
0.76472 1846.9433721205464 80.00675243993163
0.766692 1778.4387130728337 77.26936169312859
0.768665 1712.5899859755402 74.62662457324868
0.770637 1649.288788407375 72.07511465753362
0.77261 1588.4313814152688 69.61153657131592
0.774582 1529.9184782635762 67.23272068507637
0.776554 1473.6550432415322 64.93561803826012
0.778527 1419.5501000266459 62.7172954796236
0.780499 1367.5165491279724 60.57493101437835
0.782472 1317.4709939579925 58.505809348847365
0.784444 1269.3335751053778 56.50731762379758
0.786417 1223.0278124030328 54.576941328021775
0.788389 1178.4804544068604 52.71226038414336
0.790362 1135.6213349205127 50.9109453989887
0.792334 1094.3832362202168 49.17075407123501
0.794307 1054.7017586514994 47.489527749375874
0.796279 1016.5151962865015 45.86518813337733
0.798252 979.7644183464478 44.29573411369673
0.800224 944.3927561089527 42.77923874163575
0.802196 910.3458950340785 41.31384632527577
0.804169 877.5717718565854 39.89776964550611
0.806141 846.0204764046072 38.529287286912336
0.808114 815.6441579170984 37.206741078527564
0.810086 786.3969356438655 35.92853363968124
0.812059 758.2348135228956 34.69312602639608
0.814031 731.1155987399626 33.4990354739908
0.816004 704.9988239852747 32.34483323174443
0.817976 679.84567323117 31.229142485664134
0.819949 655.6189108636353 30.150636365579714
0.821921 632.2828140087347 29.10803603295547
0.823894 609.8031079029196 28.100108845975953
0.825866 588.1469041636565 27.125666598612852
0.827838 567.2826418238999 26.183563830530815
0.829811 547.1800310006593 25.27269620482908
0.831783 527.8099990742754 24.391998950749546
0.833756 509.1446392610901 23.54044536861041
0.835728 491.1571614678906 22.717045394344122
0.837701 473.8218453220139 21.920844221138207
0.839673 457.11399527610604 21.150920975783528
0.841646 441.0098976914729 20.40638744744313
0.843618 425.4867798085997 19.686386866654786
0.845591 410.5227705178429 18.990092732475578
0.847563 396.0968628474897 18.31670768576862
0.849536 382.18887809036977 17.665462426720676
0.851508 368.7794314939894 17.035614674760218
0.853481 355.849899442751 16.426448169127582
0.855453 343.3823880642349 15.837271708422946
0.857425 331.35970319477303 15.267418227531692
0.859398 319.76532164261585 14.716243910394054
0.86137 308.5833636899362 14.183127337154318
0.863343 297.7985667776824 13.667468664285687
0.865315 287.39626031995925 13.168688836348574
0.867288 277.3623415971146 12.686228828096622
0.86926 267.68325267910956 12.21954891570065
0.871233 258.3459583330242 11.768127975911957
0.873205 249.33792487071113 11.331462812037623
0.875178 240.647099894667 10.909067505647283
0.87715 232.26189290215265 10.50047279297784
0.879123 224.17115670944463 10.10522546504486
0.881095 216.3641696598833 9.722887790512246
0.883067 208.83061858105535 9.353036960411083
0.88504 201.5605824580617 8.995264553837021
0.887012 194.54451679134428 8.649176023792114
0.888985 187.77323860898932 8.31439020237113
0.890957 181.23791210482415 7.990538824527029
0.89293 174.93003487492416 7.67726606968067
0.894902 168.8414247264072 7.37422812047196
0.896875 162.9642070335855 7.081092737976821
0.898847 157.29080261767936 6.797538852744404
0.90082 151.81391612738113 6.523256171033826
0.902792 146.52652489858565 6.2579447956564485
0.904765 141.42186827258888 6.001314860853609
0.906737 136.49343735298828 5.753086180662925
0.908709 131.73496518241285 5.512987910249535
0.910682 127.14041732105791 5.28075821969858
0.912654 122.70398280981065 5.056143979787503
0.914627 118.42006550152021 4.838900459274591
0.916599 114.28327574470913 4.628791033260449
0.918572 110.28842240471516 4.425586902195998
0.920544 106.43050520792623 4.229066821128643
0.922517 102.70470739540696 4.039016838793757
0.924489 99.10638867282324 3.8552300461756763
0.926462 95.63107844415005 3.6775063341763436
0.928434 92.27446931720182 3.5056521600449697
0.930407 89.0324108695502 3.3394803222355316
0.932379 85.90090366389879 3.178809743372674
0.934351 82.87609350246326 3.02346526101873
0.936324 79.9542659103633 2.8732774259473723
0.938296 77.1318408384697 2.728082307640636
0.940269 74.4053675765684 2.587721306737616
0.942241 71.77151986809709 2.4520409741734825
0.944214 69.22709121809642 2.320892836758425
0.946186 66.76899038637424 2.19413322895506
0.948159 64.39423705823114 2.0716231306233244
0.950131 62.09995768542526 1.953228010510088
0.952104 59.8833814903697 1.8388176752700423
0.954076 57.74183662685779 1.7282661238122996
0.956049 55.67274649089907 1.6214514067756332
0.958021 53.67362617552425 1.5182554909423809
0.959993 51.74207906367959 1.4185641284089385
0.961966 49.87579355358283 1.3222667303375681
0.963938 48.072539911151566 1.2292562451208813
0.965911 46.330167244345965 1.1394290407973848
0.967883 44.646600594483544 1.0526847915619237
0.969856 43.019838139797 0.9689263682217195
0.971828 41.44794850670265 0.8880597324537369
0.973801 39.929068184439984 0.8099938347249935
0.975773 38.46139903892538 0.7346405157426652
0.977746 37.04320592183714 0.6619144113058306
0.979718 35.672814371117 0.5917328604356893
0.981691 34.348608399232184 0.5240158166656705
0.983663 33.06902836569532 0.45868576237745806
0.985635 31.83256893048549 0.39566762607311023
0.987608 30.63777708515348 0.334888702477822
0.98958 29.483250258527754 0.2762785753716468
0.991553 28.367634494065904 0.21976904305243306
0.993525 27.2896226960188 0.16529404633592648
0.995498 26.247952941690215 0.11278959900241858
0.99747 25.241406857189695 0.06219372060278783
0.999443 24.268808054180287 0.01344637154006012
1.00142 23.32902062522768 -0.03351060965437247
1.00339 22.420947695454405 -0.07873356692759703
1.00536 21.543530028297408 -0.12227708526995062
1.00733 20.695744683255707 -0.16419404730994236
1.00931 19.876603723604372 -0.20453568800857447
1.01128 19.085152972128316 -0.24335164752016336
1.01325 18.32047081301459 -0.28069002228383155
1.01522 17.581667038111096 -0.3165974144079149
1.01719 16.867881735838075 -0.351118979406861
1.01917 16.178284221102967 -0.38429847234831405
1.02114 15.512072004638892 -0.41617829246576754
1.02311 14.868469800250294 -0.4467995262901985
1.02508 14.246728568507827 -0.476201989352242
1.02706 13.646124595496959 -0.5044242665043823
1.02903 13.065958605276485 -0.5315037509110971
1.031 12.505554904760684 -0.5574766817528807
1.03297 11.964260559786615 -0.5823781806886572
1.03495 11.441444601180864 -0.6062422871192799
1.03692 10.936497259683708 -0.6291019922934251
1.03889 10.448829228637454 -0.6509892722955906
1.04086 9.977870953385418 -0.6719351199545618
1.04284 9.52307194637349 -0.6919695757092601
1.04481 9.083900126982162 -0.7111217574676383
1.04678 8.659841185158689 -0.7294198894929265
1.04875 8.250397967952953 -0.746891330350393
1.05073 7.855089888097232 -0.7635625999465501
1.0527 7.473452353803958 -0.7794594056915818
1.05467 7.105036218986204 -0.7946066678147541
1.05664 6.749407253139172 -0.8090285438614133
1.05862 6.406145630147989 -0.8227484523992548
1.06059 6.074845435318369 -0.835789095960485
1.06256 5.755114189951319 -0.8481724832456519
1.06453 5.446572392812188 -0.8599199506138904
1.06651 5.148853077866757 -0.8710521828836071
1.06848 4.8616013876838995 -0.8815892334666284
1.07045 4.584474161925136 -0.8915505438581668
1.07242 4.31713954036594 -0.9009549625040778
1.0744 4.059276579913063 -0.9098207630661876
1.07637 3.8105748851040047 -0.9181656621057241
1.07834 3.5707342515942426 -0.9260068362041871
1.08031 3.33946432215583 -0.9333609385403308
1.08229 3.1164842547307643 -0.9402441149412644
1.08426 2.9015224020982155 -0.9466720194250904
1.08623 2.694316002733049 -0.952659829251836
1.0882 2.4946108824476947 -0.9582222594989391
1.09018 2.3021611664263832 -0.9633735771768877
1.09215 2.1167290012739874 -0.9681276149001792
1.09412 1.938084286717584 -0.9724977841281608
1.09609 1.7660044166110083 -0.9764970879898613
1.09807 1.6002740289072366 -0.9801381337064243
1.10004 1.4406847642748537 -0.983433144624285
1.10201 1.2870350330478357 -0.9863939718717982
1.10398 1.1391297902092843 -0.9890321056515727
1.10596 0.996780318120654 -0.9913586861803632
1.10793 0.8598040167194299 -0.9933845142879703
1.1099 0.7280242009177893 -0.9951200616861986
1.11187 0.6012699049455701 -0.9965754809185561
1.11385 0.4793756933896067 -0.9977606150010234
1.11582 0.3621814786912896 -0.9986850067638569
1.11779 0.24953234487286532 -0.999357907904066
1.11976 0.14127837727125855 -0.9997882877578805
1.12174 0.037274498066835283 -0.999984841802201
1.12371 -0.006061784187179669 -0.9999957571562146
1.12568 -0.01563200149260117 -0.9999716848385154
1.12765 -0.02516807489637125 -0.999926340256728
1.12963 -0.03466977707301965 -0.9998597253401251
1.1316 -0.04413688232746525 -0.9997718429229676
1.13357 -0.05356916659804254 -0.9996626967443834
1.13554 -0.06296640745951099 -0.9995322914482079
1.13752 -0.07232838412601378 -0.9993806325827872
1.13949 -0.08165487745401231 -0.9992077266007415
1.14146 -0.09094566994518542 -0.999013580858691
1.14343 -0.1002005457492826 -0.9987982036169423
1.1454 -0.10941929066695696 -0.9985616040391376
1.14738 -0.11860169215254582 -0.9983037921918643
1.14935 -0.12774753931683097 -0.9980247790442269
1.15132 -0.13685662292974612 -0.9977245764673808
1.15329 -0.1459287354230637 -0.9974031972340258
1.15527 -0.15496367089302812 -0.9970606550178643
1.15724 -0.16396122510296768 -0.9966969643930187
1.15921 -0.17292119548585277 -0.9963121408334112
1.16118 -0.1818433811468318 -0.9959062007121058
1.16316 -0.19072758286571412 -0.9954791613006115
1.16513 -0.19957360309942432 -0.9950310407681477
1.1671 -0.2083812459844176 -0.9945618581808706
1.16907 -0.21715031733904624 -0.9940716335010624
1.17105 -0.22588062466590172 -0.993560387586282
1.17302 -0.2345719771541016 -0.9930281421884776
1.17499 -0.24322418568155194 -0.9924749199530607
1.17696 -0.2518370628171547 -0.9919007444179435
1.17894 -0.26041042282299 -0.9913056400125364
1.18091 -0.26894408165644285 -0.9906896320567098
1.18288 -0.27743785697230416 -0.9900527467597153
1.18485 -0.2858915681248161 -0.9893950112190724
1.18683 -0.29430503616969106 -0.9887164534194137
1.1888 -0.30267808386607487 -0.9880171022312958
1.19077 -0.31101053567848297 -0.98729698740997
1.19274 -0.31930221777868073 -0.9865561395941165
1.19472 -0.32755295804753215 -0.9857945903045415
1.19669 -0.33576258607680554 -0.985012371942835
1.19866 -0.3439309331709277 -0.9842095177899928
1.20063 -0.3520578323487103 -0.9833860620050002
1.20261 -0.360143118345018 -0.9825420396233796
1.20458 -0.3681866276124088 -0.9816774865556983
1.20655 -0.376188198322717 -0.9807924395860419
1.20852 -0.3841476703686068 -0.9798869363704483
1.2105 -0.3920648853650691 -0.9789610154353068
1.21247 -0.3999396866508883 -0.9780147161757173
1.21444 -0.4077719192900517 -0.9770480788538156
1.21641 -0.41556143007312873 -0.9760611445970595
1.21839 -0.4233080675185938 -0.9750539553964791
1.22036 -0.4310116818741125 -0.9740265541048907
1.22233 -0.43867212511778514 -0.9729789844350728
1.2243 -0.446289250959336 -0.971911290957907
1.22628 -0.4538629148412708 -0.9708235191004808
1.22825 -0.461392973939977 -0.9697157151441558
1.23022 -0.46887928716679134 -0.9685879262225976
1.23219 -0.4763217151690102 -0.9674402003197714
1.23417 -0.48372012033086736 -0.9662725862678994
1.23614 -0.4910743667744536 -0.9650851337453838
1.23811 -0.498384320360604 -0.9638778932746932
1.24008 -0.505649848689727 -0.9626509162202124
1.24206 -0.5128708211025997 -0.9614042547860576
1.24403 -0.5200471086811079 -0.9601379620138553
1.246 -0.5271785842489449 -0.9588520917804848
1.24797 -0.534265122372267 -0.9575466987957869
1.24995 -0.5413065993602941 -0.9562218386002357
1.25192 -0.5483028932658758 -0.9548775675625747
1.25389 -0.5552538838859992 -0.9535139428774204
1.25586 -0.5621594527622623 -0.9521310225628271
1.25784 -0.5690194831812894 -0.9507288654578192
1.25981 -0.5758338601751107 -0.9493075312198873
1.26178 -0.5826024705214856 -0.9478670803224509
1.26375 -0.5893252027441885 -0.9464075740522844
1.26573 -0.5960019471132382 -0.9449290745069101
1.2677 -0.602632595645091 -0.9434316445919555
1.26967 -0.6092170421027764 -0.9419153480184783
1.27164 -0.6157551819959929 -0.9403802493002541
1.27361 -0.6222469125811569 -0.9388264137510322
1.27559 -0.6286921328613967 -0.937253907481757
1.27756 -0.6350907435865111 -0.9356627973977543
1.27953 -0.6414426472528679 -0.9340531511958858
1.2815 -0.6477477481032684 -0.932425037361668
1.28348 -0.6540059521267506 -0.930778525166359
1.28545 -0.6602171670583592 -0.9291136846640099
1.28742 -0.666381302378854 -0.9274305866884862
1.28939 -0.6724982693143845 -0.9257293028504519
1.29137 -0.6785679808361035 -0.924009905534325
1.29334 -0.6845903516597467 -0.9222724678951953
1.29531 -0.6905652982451508 -0.9205170638557142
1.29728 -0.696492738795737 -0.9187437681029473
1.29926 -0.7023725932579361 -0.9169526560851986
1.30123 -0.7082047833205719 -0.9151438040087998
1.3032 -0.7139892324141971 -0.9133172888348667
1.30517 -0.7197258657103753 -0.9114731882760271
1.30715 -0.7254146101209249 -0.9096115807931118
1.30912 -0.7310553942971035 -0.9077325455918189
1.31109 -0.7366481486287568 -0.9058361626193414
1.31306 -0.7421928052434072 -0.9039225125609677
1.31504 -0.7476892980053074 -0.9019916768366472
1.31701 -0.7531375625144315 -0.9000437375975271
1.31898 -0.7585375361054345 -0.8980787777224567
1.32095 -0.7638891578465474 -0.8960968808144614
1.32293 -0.7691923685384394 -0.894098131197185
1.3249 -0.7744471107130195 -0.892082613911303
1.32687 -0.7796533286321986 -0.8900504147109038
1.32884 -0.7848109682866018 -0.8880016200598396
1.33082 -0.789919977394228 -0.8859363171280492
1.33279 -0.7949803053990705 -0.883854593787847
1.33476 -0.7999919034696795 -0.8817565386101867
1.33673 -0.8049547244976869 -0.8796422408608903
1.33871 -0.8098687230962727 -0.877511790496853
1.34068 -0.8147338555985947 -0.8753652781622131
1.34265 -0.8195500800561594 -0.8732027951844974
1.34462 -0.8243173562371549 -0.8710244335707338
1.3466 -0.8290356456247274 -0.8688302860035385
1.34857 -0.8337049114152183 -0.8666204458371706
1.35054 -0.8383251185163448 -0.8643950070935622
1.35251 -0.8428962335453405 -0.8621540644583168
1.35449 -0.847418224827045 -0.8598977132766806
1.35646 -0.8518910623919429 -0.857626049549487
1.35843 -0.8563147179741639 -0.8553391699290703
1.3604 -0.8606891650094236 -0.8530371717151557
1.36238 -0.8650143786329277 -0.8507201528507171
1.36435 -0.8692903356772211 -0.8483882119178121
1.36632 -0.8735170146699957 -0.8460414481333856
1.36829 -0.8776943958318434 -0.8436799613450504
1.37027 -0.8818224610739713 -0.8413038520268371
1.37224 -0.8859011939958589 -0.8389132212749213
1.37421 -0.8899305798828792 -0.8365081708033197
1.37618 -0.8939106057038628 -0.8340888029395652
1.37816 -0.8978412601086214 -0.8316552206203515
1.38013 -0.9017225334254229 -0.8292075273871532
1.3821 -0.9055544176584165 -0.8267458273818222
1.38407 -0.9093369064850164 -0.8242702253421547
1.38605 -0.9130699952532322 -0.8217808265974367
1.38802 -0.9167536809789598 -0.8192777370639606
1.38999 -0.9203879623432182 -0.8167610632405211
1.39196 -0.9239728396893468 -0.8142309122038823
1.39394 -0.9275083150201502 -0.8116873916042229
1.39591 -0.9309943919950008 -0.8091306096605544
1.39788 -0.9344310759268925 -0.8065606751561194
1.39985 -0.9378183737794511 -0.8039776974337606
1.40182 -0.9411562941638935 -0.8013817863912702
1.4038 -0.944444847335947 -0.7987730524767132
1.40577 -0.947684045192718 -0.7961516066837289
1.40774 -0.9508739012695168 -0.7935175605468079
1.40971 -0.9540144307366367 -0.7908710261365468
1.41169 -0.9571056503960862 -0.7882121160548804
1.41366 -0.9601475786782772 -0.7855409434302897
1.41563 -0.963140235638666 -0.78285762191299
1.4176 -0.9660836429543511 -0.7801622656700942
1.41958 -0.968977823920623 -0.7774549893807567
1.42155 -0.9718228034474726 -0.7747359082312923
1.42352 -0.9746186080560493 -0.7720051379102779
1.42549 -0.9773652658750798 -0.7692627946036272
1.42747 -0.980062806637237 -0.7665089949896504
1.42944 -0.9827112616754696 -0.7637438562340872
1.43141 -0.9853106639192815 -0.7609674959851244
1.43338 -0.9878610478909693 -0.7581800323683885
1.43536 -0.9903624497018187 -0.7553815839819193
1.43733 -0.9928149070482485 -0.7525722698911266
1.4393 -0.995218459207921 -0.7497522096237209
1.44127 -0.9975731470357969 -0.7469215231646316
1.44325 -0.9998790129601579 -0.7440803309508979
1.44522 -1.002136100978576 -0.7412287538665483
1.44719 -1.0043444566538455 -0.7383669132374545
1.44916 -1.0065041271098678 -0.7354949308261721
1.45114 -1.008615161027495 -0.732612928826757
1.45311 -1.0106776086403297 -0.7297210298595688
1.45508 -1.012691521730482 -0.7268193569660519
1.45705 -1.0146569536242818 -0.7239080336035026
1.45903 -1.0165739591879512 -0.7209871836398143
1.461 -1.0184425948232336 -0.7180569313482079
1.46297 -1.020262918462977 -0.7151174014019452
1.46494 -1.022034989566681 -0.7121687188690231
1.46692 -1.023758869115995 -0.7092110092068539
1.46889 -1.0254346196101796 -0.7062443982569255
1.47086 -1.0270623050615242 -0.7032690122394495
1.47283 -1.028641990990722 -0.7002849777479887
1.47481 -1.0301737444222046 -0.6972924217440729
1.47678 -1.0316576338794354 -0.6942914715517954
1.47875 -1.03309372938016 -0.6912822548523971
1.48072 -1.0344821024316186 -0.688264899678833
1.4827 -1.0358228260257145 -0.6852395344103255
1.48467 -1.0371159746341425 -0.6822062877669023
1.48664 -1.0383616242034788 -0.6791652888039185
1.48861 -1.0395598521502276 -0.6761166669065679
1.49059 -1.0407107373558302 -0.6730605517843758
1.49256 -1.0418143601616308 -0.6699970734656822
1.49453 -1.0428708023638051 -0.6669263622921071
1.4965 -1.0438801472082495 -0.6638485489130082
1.49848 -1.0448424793854274 -0.6607637642799187
1.50045 -1.0457578850251794 -0.6576721396409787
1.50242 -1.0466264516914934 -0.654573806535348
1.50439 -1.0474482683772346 -0.6514688967876126
1.50637 -1.0482234254988387 -0.6483575425021735
1.50834 -1.0489520148909635 -0.6452398760576279
1.51031 -1.0496341298011067 -0.6421160301011348
1.51228 -1.0502698648841793 -0.6389861375427737
1.51426 -1.050859316197046 -0.6358503315498883
1.51623 -1.051402581193026 -0.6327087455414201
1.5182 -1.051899758716355 -0.6295615131822336
1.52017 -1.052350948996611 -0.6264087683774269
1.52215 -1.0527562536431032 -0.6232506452666372
1.52412 -1.0531157756392215 -0.6200872782183311
1.52609 -1.0534296193367516 -0.6169188018240895
1.52806 -1.0536978904501528 -0.6137453508928793
1.53003 -1.0539206960507967 -0.6105670604453202
1.53201 -1.0540981445611741 -0.6073840657079366
1.53398 -1.0542303457490618 -0.6041965021074079
1.53595 -1.0543174107216562 -0.6010045052648031
1.53792 -1.0543594519196682 -0.5978082109898132
1.5399 -1.0543565831113855 -0.5946077552749717
1.54187 -1.0543089193866992 -0.5914032742898673
1.54384 -1.0542165771510932 -0.5881949043753534
1.54581 -1.0540796741196006 -0.5849827820377439
1.54779 -1.053898329310725 -0.5817670439430085
1.54976 -1.0536726630403273 -0.5785478269109544
1.55173 -1.053402796915477 -0.5753252679094085
1.5537 -1.0530888538282732 -0.572099504048387
1.55568 -1.052730957949627 -0.5688706725742646
1.55765 -1.052329234723012 -0.5656389108639317
1.55962 -1.051883810858185 -0.5624043564189529
1.56159 -1.0513948143248675 -0.5591671468597137
1.56357 -1.050862374346398 -0.5559274199195677
1.56554 -1.0502866213933526 -0.5526853134389753
1.56751 -1.0496676871771284 -0.549440965359638
1.56948 -1.0490057046434995 -0.5461945137186319
1.57146 -1.0483008079661384 -0.5429460966425317
1.57343 -1.0475531325401064 -0.5396958523415367
1.5754 -1.0467628149753123 -0.536443919103588
1.57737 -1.0459299930899388 -0.5331904352884868
1.57935 -1.0450548059038403 -0.5299355393220052
1.58132 -1.0441373936319058 -0.5266793696899997
1.58329 -1.0431778976773955 -0.5234220649325159
1.58526 -1.0421764606252444 -0.5201637636378967
1.58724 -1.041133226235335 -0.5169046044368835
1.58921 -1.040048339435743 -0.5136447259967196
1.59118 -1.0389219463159507 -0.5103842670152503
1.59315 -1.037754194120032 -0.5071233662150195
1.59513 -1.0365452312398076 -0.5038621623373711
1.5971 -1.0352952072079709 -0.5006007941365426
1.59907 -1.0340042726911887 -0.49733940037376345
1.60104 -1.0326725794831664 -0.4940781198113504
1.60302 -1.0313002804976916 -0.4908170912068047
1.60499 -1.0298875297616465 -0.48755645330690633
1.60696 -1.028434482407993 -0.48429634484181316
1.60893 -1.0269412946687293 -0.48103690451915615
1.61091 -1.0254081238678225 -0.4777782710181401
1.61288 -1.0238351284141092 -0.4745205829836405
1.61485 -1.0222224677941742 -0.4712639790203079
1.61682 -1.0205703025651989 -0.468008597686667
1.6188 -1.018878794347786 -0.4647545774892248
1.62077 -1.0171481058187568 -0.4615020568765762
1.62274 -1.0153784007039217 -0.4582511742335118
1.62471 -1.013569843770829 -0.4550020678751334
1.62669 -1.0117226008214837 -0.4517548760409662
1.62866 -1.0098368386850447 -0.4485097368890789
1.63063 -1.0079127252104954 -0.4452667884902042
1.6326 -1.0059504292592898 -0.44202616882186574
1.63458 -1.0039501206979766 -0.4387880157625059
1.63655 -1.0019119703907968 -0.43555246708562156
1.63852 -0.9998361501922571 -0.4323196604538999
1.64049 -0.9977228329396836 -0.42908973341336365
1.64247 -0.9955721924457467 -0.42586282338751624
1.64444 -0.9933844034909697 -0.4226390676714977
1.64641 -0.9911596418162084 -0.41941860342624193
1.64838 -0.9888980841151117 -0.41620156767263927
1.65036 -0.98659990802656 -0.4129880972857103
1.65233 -0.9842652921270802 -0.4097783289887782
1.6543 -0.981894415923241 -0.4065723993476553
1.65627 -0.9794874598440236 -0.4033704447648294
1.65825 -0.9770446052331768 -0.40017260147366307
1.66022 -0.9745660343415439 -0.3969790055325946
1.66219 -0.9720519303193768 -0.3937897928193519
1.66416 -0.9695024772086228 -0.3906050990251686
1.66613 -0.9669178599351977 -0.38742505964901397
1.66811 -0.9642982643012328 -0.384249809991824
1.67008 -0.9616438769773086 -0.3810794851507484
1.67205 -0.9589548854946645 -0.37791422001340047
1.67402 -0.9562314782373911 -0.3747541492521178
1.676 -0.9534738444346065 -0.37159940731823515
1.67797 -0.950682174152609 -0.36845012843635994
1.67994 -0.9478566582870163 -0.3653064465986646
1.68191 -0.9449974885548837 -0.36216849555918396
1.68389 -0.942104857486808 -0.3590364088281255
1.68586 -0.9391789584190092 -0.3559103196661876
1.68783 -0.9362199854854022 -0.3527903610788914
1.6898 -0.9332281336096427 -0.3496766658109195
1.69178 -0.9302035984971663 -0.3465693663404712
1.69375 -0.9271465766272032 -0.34346859487362236
1.69572 -0.9240572652447827 -0.34037448333870357
1.69769 -0.920935862352719 -0.33728716338068576
1.69967 -0.9177825667035816 -0.3342067663555778
1.70164 -0.9145975777916538 -0.3311334233248403
1.70361 -0.9113810958448709 -0.328067265049807
1.70558 -0.9081333218167507 -0.32500842198612345
1.70756 -0.9048544573783022 -0.32195702427819395
1.70953 -0.9015447049099282 -0.3189132017536471
1.7115 -0.898204267493307 -0.31587708391780955
1.71347 -0.894833348903266 -0.3128487999481978
1.71545 -0.8914321535996383 -0.3098284786890204
1.71742 -0.8880008867191117 -0.3068162486456987
1.71939 -0.8845397540670564 -0.30381223797939516
1.72136 -0.8810489621093514 -0.30081657450156485
1.72334 -0.87752871796419 -0.29782938566851525
1.72531 -0.873979229393877 -0.2948507985759825
1.72728 -0.8704007047966154 -0.29188093995372655
1.72925 -0.8667933531982802 -0.28891993616013656
1.73123 -0.8631573842441834 -0.28596791317685666
1.7332 -0.8594930081908246 -0.28302499660342384
1.73517 -0.8558004358976364 -0.2800913116519268
1.73714 -0.8520798788187153 -0.27716698314167554
1.73912 -0.8483315489945461 -0.27425213549389316
1.74109 -0.8445556590437143 -0.2713468927264203
1.74306 -0.840752422154613 -0.26845137844844025
1.74503 -0.8369220520771345 -0.26556571585521804
1.74701 -0.8330647631143621 -0.26269002772286054
1.74898 -0.8291807701142448 -0.2598244364030906
1.75095 -0.8252702884612714 -0.2569690638180435
1.75292 -0.821333534068132 -0.25412403145507945
1.7549 -0.8173707233673722 -0.2512894603616117
1.75687 -0.813382073303045 -0.24846547113996076
1.75884 -0.8093678013223501 -0.24565218394221888
1.76081 -0.8053281253672699 -0.2428497184651418
1.76279 -0.8012632638661974 -0.2400581939450528
1.76476 -0.7971734357255605 -0.23727772915277223
1.76673 -0.7930588603214378 -0.23450844238856117
1.7687 -0.7889197574911722 -0.23175045147709195
1.77068 -0.7847563475249738 -0.22900387376243092
1.77265 -0.7805688511575268 -0.22626882610304944
1.77462 -0.7763574895595818 -0.22354542486684914
1.77659 -0.7721224843295523 -0.22083378592621272
1.77857 -0.7678640574851027 -0.2181340246530733
1.78054 -0.7635824314547308 -0.215446255914005
1.78251 -0.7592778290693555 -0.21277059406533705
1.78448 -0.7549504735538887 -0.21010715294828697
1.78646 -0.7506005885188174 -0.20745604588411815
1.78843 -0.7462283979517718 -0.20481738566931695
1.7904 -0.7418341262091022 -0.2021912845707955
1.79237 -0.7374179980074415 -0.19957785432111286
1.79434 -0.7329802384152786 -0.1969772061137236
1.79632 -0.7285210728445207 -0.19438945059824397
1.79829 -0.724040727042061 -0.19181469787574712
1.80026 -0.7195394270813391 -0.18925305749407606
1.80223 -0.7150173993539094 -0.1867046384431844
1.80421 -0.7104748705610017 -0.1841695491504991
1.80618 -0.705912067705084 -0.18164789747630516
1.80815 -0.7013292180814288 -0.1791397907091602
1.81012 -0.6967265492696743 -0.17664533556132545
1.8121 -0.6921042891253936 -0.17416463816422922
1.81407 -0.6874626657716567 -0.1716978040639483
1.81604 -0.6828019075906032 -0.1692449382167196
1.81801 -0.6781222432150072 -0.1668061449844731
1.81999 -0.6734239015198534 -0.16438152813039297
1.82196 -0.6687071116139075 -0.1619711908145003
1.82393 -0.6639721028312963 -0.15957523558926745
1.8259 -0.6592191047230838 -0.15719376439525123
1.82788 -0.6544483470488567 -0.15482687855675814
1.82985 -0.6496600597683108 -0.15247467877753274
1.83182 -0.6448544730328369 -0.15013726513647185
1.83379 -0.6400318171771212 -0.14781473708336823
1.83577 -0.6351923227107366 -0.14550719343467766
1.83774 -0.6303362203097528 -0.14321473236931614
1.83971 -0.6254637408083377 -0.14093745142448144
1.84168 -0.6205751151903751 -0.13867544749150418
1.84366 -0.61567057458108 -0.13642881681172403
1.84563 -0.6107503502386249 -0.13419765497239688
1.8476 -0.6058146735457679 -0.1319820569026261
1.84957 -0.6008637760014915 -0.12978211686932473
1.85155 -0.5958978892126434 -0.12759792847320406
1.85352 -0.5909172448855889 -0.1254295846447917
1.85549 -0.5859220748178632 -0.12327717764047685
1.85746 -0.5809126108898424 -0.12114079903858621
1.85944 -0.5758890850564101 -0.11902053973548732
1.86141 -0.5708517293386398 -0.11691648994171988
1.86338 -0.5658007758154839 -0.11482873917815983
1.86535 -0.5607364566154669 -0.11275737627220805
1.86733 -0.5556590039083964 -0.1107024893540135
1.8693 -0.5505686498970727 -0.1086641658527212
1.87127 -0.545465626809017 -0.10664249249275448
1.87324 -0.5403501668882008 -0.10463755529012331
1.87522 -0.5352225023867939 -0.10264943954876604
1.87719 -0.5300828655569143 -0.10067822985691866
1.87916 -0.5249314886423957 -0.09872401008351761
1.88113 -0.5197686038705581 -0.09678686337462916
1.88311 -0.514594443443999 -0.09486687214991374
1.88508 -0.509409239532387 -0.09296411809911831
1.88705 -0.5042132242642702 -0.09107868217860071
1.88902 -0.4990066297188992 -0.08921064460788553
1.891 -0.49378968791805705 -0.08736008486625035
1.89297 -0.4885626308179072 -0.08552708168934553
1.89494 -0.48332569030084666 -0.08371171306584269
1.89691 -0.4780790981673814 -0.08191405623411763
1.89889 -0.4728230861280063 -0.08013418767896308
1.90086 -0.4675578857951042 -0.07837218312833572
1.90283 -0.4622837286748543 -0.0766281175501331
1.9048 -0.4570008461591602 -0.07490206514900466
1.90678 -0.4517094695175854 -0.07319409936319432
1.90875 -0.4464098298893089 -0.07150429286141557
1.91072 -0.44110215827509336 -0.06983271753976084
1.91269 -0.43578668552926497 -0.06817944451864033
1.91467 -0.43046364235171697 -0.06654454413975863
1.91664 -0.4251332592799188 -0.06492808596311972
1.91861 -0.41979576668095026 -0.06333013876406945
1.92058 -0.41445139474354215 -0.06175077053036704
1.92255 -0.40910037347014394 -0.060190048459294654
1.92453 -0.4037429326689979 -0.05864803895479653
1.9265 -0.39837930194623855 -0.05712480762465533
1.92847 -0.3930097106980001 -0.055620419277698896
1.93044 -0.38763438810255374 -0.054134937921044846
1.93242 -0.3822535631124473 -0.052668426757375375
1.93439 -0.376867464446677 -0.05122094818224976
1.93636 -0.3714763205828681 -0.049792563781448806
1.93833 -0.3660803597494763 -0.04838333432835418
1.94031 -0.3606798099180113 -0.046993319781363674
1.94228 -0.35527489879527163 -0.04562257928133939
1.94425 -0.34986585381560875 -0.04427117114909218
1.94622 -0.3444529021332 -0.04293915288289929
1.9482 -0.3390362706143505 -0.041626581156058884
1.95017 -0.33361618582980584 -0.04033351181447831
1.95214 -0.3281928740470952 -0.03905999987429842
1.95411 -0.3227665612228842 -0.03780609951955172
1.95609 -0.3173374729953581 -0.03657186409985913
1.95806 -0.31190583467661614 -0.03535734612815744
1.96003 -0.3064718712450974 -0.03416259727846738
1.962 -0.30103580733801855 -0.0329876683836936
1.96398 -0.29559786724384024 -0.031832609433462555
1.96595 -0.29015827489475127 -0.030697469571995484
1.96792 -0.2847172538591738 -0.029582297096017007
1.96989 -0.27927502733429893 -0.028487139452701093
1.97187 -0.27383181813863167 -0.027412043237651562
1.97384 -0.26838784870457266 -0.026357054192920115
1.97581 -0.2629433410710103 -0.02532221720505967
1.97778 -0.25749851687594894 -0.024307576303215228
1.97976 -0.2520535973491459 -0.02331317465724969
1.98173 -0.24660880330478727 -0.022339054575908124
1.9837 -0.24116435513417525 -0.02138525750501663
1.98567 -0.23572047279844904 -0.020451824025719878
1.98765 -0.23027737582132124 -0.01953879385275381
1.98962 -0.2248352832818489 -0.018646205832756113
1.99159 -0.21939441380722136 -0.017774097942613976
1.99356 -0.21395498556557524 -0.016922507287846944
1.99554 -0.20851721625883923 -0.016091470101029737
1.99751 -0.2030813231155959 -0.0152810217402497
1.99948 -0.19764752288397924 -0.014491196687602681
2.00145 -0.19221603182458946 -0.013722028547725751
2.00343 -0.18678706570344097 -0.012973550046368132
2.0054 -0.18136083978492984 -0.012245793028997753
2.00737 -0.17593756882483552 -0.011538788459446891
2.00934 -0.17051746706334173 -0.010852566418594889
2.01132 -0.1651007482180952 -0.010187156103088402
2.01329 -0.15968762547727594 -0.009542585824098282
2.01526 -0.15427831149270943 -0.008918883006116207
2.01723 -0.14887301837300398 -0.008316074185786948
2.01921 -0.14347195767670545 -0.007734185010779937
2.02118 -0.13807534040549352 -0.007173240238697476
2.02315 -0.13268337699739916 -0.006633263736021577
2.02512 -0.12729627732005616 -0.006114278477099333
2.0271 -0.12191425066397031 -0.005616306543163807
2.02907 -0.11653750573583033 -0.00513936912139612
2.03104 -0.111166250651841 -0.004683486504022394
2.03301 -0.10580069293109129 -0.004248678087452551
2.03499 -0.1004410394889405 -0.003834962371452977
2.03696 -0.09508749663044896 -0.003442356958360371
2.03893 -0.08974027004382694 -0.0030708785523325677
2.0409 -0.08439956479392563 -0.00272054295863855
2.04288 -0.07906558531574258 -0.0023913650829847644
2.04485 -0.07373853540797266 -0.002083358930881629
2.04682 -0.06841861822658477 -0.0017965376070478989
2.04879 -0.06310603627842491 -0.0015309133148524445
2.05076 -0.057800991414856166 -0.0012864973557955572
2.05274 -0.05250368482542885 -0.0010633001290275557
2.05471 -0.04721431703158352 -0.0008613311309071392
2.05668 -0.0419330878803802 -0.0006805989545966007
2.05865 -0.036660196538265105 -0.0005211112896966741
2.06063 -0.03139584148486857 -0.0003828749219190186
2.0626 -0.026140220506836134 -0.00026589573279767187
2.06457 -0.020893530691687163 -0.0001701786994389165
2.06654 -0.015655968421711217 -0.00009572789430944972
2.06852 -0.010427729367896287 -0.000042546485063077455
2.07049 -0.0052090084838929546 -0.000010636734405933268
2.07246 -1.5149311836109025e-15 0.
