#1001 0.10001 2.12246
0.10001 4.793282639232277e15 3.9951991209437056e12
0.102032 3.6216331746592945e15 3.141952507763062e12
0.104055 2.751472748565051e15 2.4826117164363345e12
0.106077 2.101470564919232e15 1.9705485058060112e12
0.1081 1.6132139311898355e15 1.5709422423559697e12
0.110122 1.2444837129557938e15 1.2576442720703284e12
0.112145 9.645785285070684e14 1.0109123785408977e12
0.114167 7.510411913105266e14 8.157638546810927e11
0.11619 5.873517315620891e14 6.607712045175504e11
0.118212 4.612912463102628e14 5.3717650316365936e11
0.120235 3.6377439059710794e14 4.382365249325295e11
0.122257 2.880113435327346e14 3.587359461297424e11
0.124279 2.2890283121013125e14 2.9462363655495734e11
0.126302 1.8260098138527756e14 2.427395747195119e11
0.128324 1.4618885161533384e14 2.006088280171539e11
0.130347 1.1744535336907916e14 1.6628541051644888e11
0.132369 9.467195515881261e13 1.3823341441429086e11
0.134392 7.65643108913736e13 1.1523612600541269e11
0.136414 6.211672148930906e13 9.632624684695258e10
0.138437 5.05507091848052e13 8.07321015234159e10
0.140459 4.126138359610817e13 6.783600615677702e10
0.142481 3.377699568423701e13 5.714192543244758e10
0.144504 2.7728310392533305e13 4.825025260575364e10
0.146526 2.282532100957226e13 4.083807298511884e10
0.148549 1.8839476121268246e13 3.4643664632979866e10
0.150571 1.5590062554395578e13 2.9454285235438034e10
0.152594 1.2933733936695871e13 2.5096516609176422e10
0.154616 1.0756429278651352e13 2.142860670292644e10
0.156639 8.967114264950273e12 1.833437686833559e10
0.158661 7.4929176587252e12 1.5718359712251806e10
0.160684 6.275339312777339e12 1.3501907485455147e10
0.162706 5.267284135198247e12 1.1620068288060814e10
0.164728 4.430734807134725e12 1.0019071549081335e10
0.166751 3.734920096072273e12 8.654298397062464e9
0.168773 3.1548689186438843e12 7.488639038549778e9
0.170796 2.6702655875953086e12 6.491159884602366e9
0.172818 2.26454092970434e12 5.636019265742697e9
0.174841 1.9241486717602085e12 4.901583182892721e9
0.176863 1.637987768333915e12 4.269702443091782e9
0.178886 1.3969400170380269e12 3.725120327402214e9
0.180908 1.193498996644743e12 3.2549860982555246e9
0.182931 1.0214715396020441e12 2.8484545323594775e9
0.184953 8.757369674616287e11 2.4963555399779162e9
0.186975 7.52052444145324e11 2.190921016693663e9
0.188998 6.468952421590149e11 1.9255585368175766e9
0.19102 5.573346267132637e11 1.6946634688558133e9
0.193043 4.809275615344792e11 1.4934626749741197e9
0.195065 4.15633619523546e11 1.31788422830517e9
0.197088 3.5974541183142944e11 1.1644486072562604e9
0.19911 3.1183158478918976e11 1.0301776544040289e9
0.201133 2.706900175760244e11 9.12518258425323e8
0.203155 2.3530931722895233e11 8.092782619776641e8
0.205178 2.048370770370541e11 7.185725412791725e8
0.2072 1.7855365937633633e11 6.387775640786067e8
0.209222 1.5585050015988617e11 5.684930275069505e8
0.211245 1.3621212148220514e11 5.065094185720914e8
0.213267 1.1920119130170152e11 4.5178053791111535e8
0.21529 1.0444609167679706e11 4.034001899805741e8
0.217312 9.163055610896663e10 3.605823766930835e8
0.219335 8.048501666869963e10 3.226444418857326e8
0.221357 7.07793665318986e10 2.889927052091936e8
0.22338 6.231689631193017e10 2.5911019952289656e8
0.225402 5.492920550930134e10 2.3254618848705575e8
0.227424 4.8471925411839806e10 2.0890719304817668e8
0.229447 4.28211183800434e10 1.8784929878935763e8
0.231469 3.787024186129805e10 1.6907155218639258e8
0.233492 3.352758467043648e10 1.5231028392457503e8
0.235514 2.9714098839647614e10 1.3733422261317253e8
0.237537 2.6361563313022972e10 1.2394028332599029e8
0.239559 2.341102645325344e10 1.1194993308928996e8
0.241582 2.0811483155787773e10 1.0120605030299485e8
0.243604 1.851874966631915e10 9.157020758845007e7
0.245627 1.6494505244832354e10 8.292031809547764e7
0.247649 1.4705474836767076e10 7.514859419559123e7
0.249671 1.3122731081124865e10 6.815977500462085e7
0.251694 1.1721097455281902e10 6.186958553899231e7
0.253716 1.0478637248561838e10 5.62033957005699e7
0.255739 9.376215471045673e9 5.109505185953151e7
0.257761 8.397122822570333e9 4.6485857691945225e7
0.259784 7.5267525367746105e9 4.2323684236205265e7
0.261806 6.752322331888361e9 3.8562191950338304e7
0.263829 6.062634889523287e9 3.51601499559748e7
0.265851 5.447871282845652e9 3.2080839707905043e7
0.267874 4.899412617505022e9 2.929153208392276e7
0.269896 4.409685858508763e9 2.676302839299636e7
0.271918 3.972030415407004e9 2.4469257088526092e7
0.273941 3.5805825645899563e9 2.2386919079500858e7
0.275963 3.2301752160978255e9 2.0495175482736837e7
0.277986 2.916250895524591e9 1.8775372476924587e7
0.280008 2.6347861197258573e9 1.7210798623277992e7
0.282031 2.3822256067822633e9 1.5786470624595482e7
0.284053 2.155424983274531e9 1.448894401845995e7
0.286076 1.9516008414701583e9 1.330614575298075e7
0.288098 1.7682871606041558e9 1.2227225985026278e7
0.29012 1.6032972443397799e9 1.1242426779910007e7
0.292143 1.4546904443241856e9 1.0342965685336787e7
0.294165 1.3207430405427053e9 9.520932407358697e6
0.296188 1.1999227354836068e9 8.769197037508382e6
0.29821 1.09086629311355e9 8.081328472767515e6
0.300233 9.92359917158955e8 7.451521837532819e6
0.302255 9.033220177362046e8 6.874533862645251e6
0.304278 8.227880622833245e8 6.345625303754677e6
0.3063 7.498972471288682e8 5.860509592303192e6
0.308323 6.838807608332527e8 5.415307009375893e6
0.310345 6.240514404559263e8 5.006503757442868e6
0.312367 5.697946478209094e8 4.630915379198898e6
0.31439 5.205602152550988e8 4.285654037680153e6
0.316412 4.758553296540092e8 3.96809922879129e6
0.318435 4.352382405119717e8 3.675871547346313e6
0.320457 3.983126920999863e8 3.4068091716050305e6
0.32248 3.647229925940689e8 3.158946769849059e6
0.324502 3.341496439152108e8 2.930496566459839e6
0.326525 3.063054655662291e8 2.7198313348187055e6
0.328547 2.809321540359409e8 2.5254691106543485e6
0.33057 2.5779722655467036e8 2.3460594426558977e6
0.332592 2.3669130427122062e8 2.1803710176356686e6
0.334614 2.174256954039883e8 2.0272805155986897e6
0.336637 1.998302437046712e8 1.885762566048267e6
0.338659 1.837514117540377e8 1.7548806909836133e6
0.340682 1.6905057226493424e8 1.6337791325486884e6
0.342704 1.5560248376672986e8 1.5216754743666444e6
0.344727 1.432939298469921e8 1.4178539754110244e6
0.346749 1.3202250358173536e8 1.3216595439729625e6
0.348772 1.2169552093948367e8 1.2324922870136283e6
0.350794 1.1222904883518052e8 1.1498025770577865e6
0.352817 1.0354703517105915e8 1.0730865848881223e6
0.354839 9.558052966200915e7 1.0018822317298219e6
0.356861 8.826698552787435e7 935765.5194479172
0.358884 8.154963326651189e7 874347.2015852071
0.360906 7.537691871832097e7 817269.7619057732
0.362929 6.970199851199847e7 764204.6705318801
0.364951 6.448228675694999e7 714849.8908166359
0.366974 5.967904753273137e7 668927.6128230034
0.368996 5.5257028331152305e7 626182.1917176667
0.371019 5.118413014187381e7 586378.2715683233
0.373041 4.743111034592364e7 549299.076983658
0.375063 4.397131500089297e7 514744.85678165714
0.377086 4.0780437473146275e7 482531.46543652343
0.379108 3.7836300701822385e7 452489.06945693993
0.381131 3.51186606716994e7 424460.96710636886
0.383153 3.2609028931496516e7 398302.511005035
0.385176 3.029051222471624e7 373880.1241670079
0.387198 2.814766750506136e7 351070.4009367298
0.389221 2.6166370790739883e7 329759.28510818706
0.391243 2.433369847421138e7 309841.31824658695
0.393266 2.2637819848415714e7 291218.9518953635
0.395288 2.1067899739283606e7 273801.917948357
0.39731 1.9614010249136183e7 257506.6520049454
0.399333 1.8267050718014877e7 242255.76501085155
0.401355 1.7018675101424966e7 227977.55892475342
0.403378 1.5861226044658326e7 214605.58254556355
0.4054 1.4787675006863946e7 202078.22399168916
0.407423 1.3791567853319297e7 190338.3366455644
0.409445 1.2866975392770734e7 179332.89566780173
0.411468 1.2008448389007732e7 169012.68244849305
0.41349 1.1210976622683043e7 159331.99460134716
0.415513 1.0469951621376444e7 150248.3793218996
0.417535 9.781132713551532e6 141722.38812627413
0.419557 9.140616095836693e6 133717.35116388617
0.42158 8.544806633387547e6 126199.16945784606
0.423602 7.990392140326633e6 119136.12357229108
0.425625 7.474319911733432e6 112498.69733785607
0.427647 6.993775300666625e6 106259.41538633901
0.42967 6.5461621534979595e6 100392.69335444723
0.431692 6.129084934656114e6 94874.69971541005
0.433715 5.740332387924378e6 89683.22828716277
0.435737 5.377862595891811e6 84797.58054757849
0.437759 5.039789312187603e6 80198.45696163214
0.439782 4.724369452878941e6 75867.85659312397
0.441804 4.429991644015037e6 71788.98433527567
0.443827 4.155165731869874e6 67946.1651507231
0.445849 3.8985131710794186e6 64324.76476265989
0.447872 3.6587582136782515e6 60911.11628561189
0.449894 3.4347198290997045e6 57692.45232693986
0.451917 3.22530429158769e6 54656.84212907411
0.453939 3.02949837724479e6 51793.1333579988
0.455962 2.8463631181696756e6 49090.89817595156
0.457984 2.6750280658720345e6 46540.38326594667
0.460006 2.514686020443221e6 44132.463502837825
0.462029 2.364588185849213e6 41858.59899041916
0.464051 2.2240397152386303e6 39710.79520674216
0.466074 2.0923956133572427e6 37681.56602058068
0.468096 1.9690569660637504e6 35763.89936098354
0.470119 1.85346746957748e6 33951.22533925651
0.472141 1.745110234483149e6 32237.386638670883
0.474164 1.643504841693698e6 30616.611001816258
0.476186 1.5482046295503357e6 29083.485658921596
0.478209 1.4587941930379826e6 27632.933552772924
0.480231 1.3748870777311746e6 26260.1912271404
0.482253 1.2961236525754696e6 24960.788255992346
0.484276 1.2221691469660243e6 23730.528100291012
0.486298 1.1527118388209518e6 22565.470287907134
0.488321 1.0874613814733184e6 21461.913820226353
0.490343 1.0261472582324111e6 20416.381716408632
0.492366 968517.354401355 19425.60661305412
0.494388 914336.637392505 18486.51734328179
0.496411 863385.9363618668 17596.226424978304
0.498433 815460.8134957645 16752.018393270537
0.500456 770370.5197333181 15951.338917153855
0.502478 727937.0283025429 15191.784644700108
0.5045 687994.1399910451 14471.093725411585
0.506523 650386.6545689773 13787.136962103536
0.508545 614969.6032362486 13137.909548218917
0.510568 581607.5373817745 12521.523349727016
0.51259 550173.8693230427 11936.19969375261
0.514613 520550.2610428845 11380.262628850829
0.516635 492626.05725946464 10852.132624395052
0.518658 466297.7594581532 10350.320678906139
0.52068 441468.53778201115 9873.422809330008
0.522702 418047.7779235845 9420.114895285646
0.524725 395950.6603862636 8989.147854169069
0.526747 375097.7696904014 8579.34312471963
0.52877 355414.73128945415 8189.588438250922
0.530792 336831.8741357812 7818.833858220899
0.532815 319283.91699606157 7466.088070182896
0.534837 302709.676763456 7130.414905421569
0.53686 287051.79714900797 6810.930082749275
0.538882 272256.4962591996 6506.7981540229
0.540905 258273.33168097917 6217.22963994565
0.542927 245054.9818009042 5941.478343650977
0.544949 232557.04218188662 5678.83883042881
0.546972 220737.8359102471 5428.644062756332
0.548994 209558.2369079218 5190.263180538851
0.551017 198981.50528029568 4963.099417155866
0.553039 188973.13383989438 4746.588142548895
0.555062 179500.70501037603 4540.195025181281
0.557084 170533.75737455324 4343.414305253721
0.559107 162043.6611847772 4155.767172071724
0.561129 154003.50220444234 3976.800238938549
0.563152 146387.97329588712 3806.084109390651
0.565174 139173.2732128826 3643.2120290045996
0.567196 132337.01209557612 3487.7986173882773
0.569219 125858.12320234466 3339.478675325487
0.571241 119716.78044687037 3197.9060623755086
0.573264 113894.32133998958 3062.752640537573
0.575286 108373.17496478368 2933.707279878363
0.577309 103136.79464009819 2810.4749222883215
0.579331 98169.59495238427 2692.7756997819984
0.581354 93456.89285863949 2580.3441039904237
0.583376 88984.85258436677 2472.928203709912
0.585398 84740.43406007827 2370.288907573957
0.587421 80711.34465799063 2272.1992691029177
0.589443 76885.99400736824 2178.4438315621524
0.591466 73253.45168253072 2088.818010222983
0.593488 69803.40757195548 2003.127509773667
0.595511 66526.13475028418 1921.1877747705394
0.597533 63412.454687423124 1842.8234711524306
0.599556 60453.7046404318 1767.8679969661002
0.601578 57641.707084545895 1696.1630205664057
0.603601 54968.74104957908 1627.5580446636284
0.605623 52427.51523712883 1561.909994691773
0.607645 50011.1428025302 1499.0828300663675
0.609668 47713.11769342019 1438.9471769889685
0.61169 45527.29244412568 1381.3799815385228
0.613713 43447.857331912615 1326.2641818670156
0.615735 41469.320807486714 1273.4883983895907
0.617758 39586.49111802723 1222.9466409269455
0.61978 37794.45904652575 1174.5380318214413
0.621803 36088.58169629563 1128.1665441077039
0.623825 34464.46725426469 1083.740753874157
0.625848 32917.96067107643 1041.1736060040812
0.62787 31445.13020012885 1000.3821925335079
0.629892 30042.25474150721 961.287542909116
0.631915 28705.811940320575 923.8144254719767
0.633937 27432.466992271722 887.8911595333666
0.63596 26219.062112372 853.4494374463242
0.637982 25062.60662559181 820.4241561120633
0.640005 23960.267640917442 788.7532573934412
0.642027 22909.36127278056 758.377576938668
0.64405 21907.34437615942 729.2407009477292
0.646072 20951.80676381874 701.2888304411879
0.648095 20040.46387618442 674.4706526168465
0.650117 19171.14987623587 648.737218903731
0.652139 18341.811143564253 624.041829345564
0.654162 17550.50014339018 600.3399229671553
0.656184 16795.36964786954 577.5889737970215
0.658207 16074.667288452956 555.7483922384238
0.660229 15386.730419401489 534.7794314985283
0.662252 14729.98127381519 514.6450988020587
0.664274 14102.922394698251 495.31007113132165
0.666297 13504.132324678323 476.74061524915237
0.668319 12932.261539019206 458.90451177513677
0.670341 12386.028607519349 441.7709830983586
0.672364 11864.21657178363 425.31062492217035
0.674386 11365.669525188914 409.4953412479158
0.676409 10889.289383646357 394.2982826153604
0.678431 10434.032835994156 379.6937874277153
0.680454 9998.908463537564 365.65732619873694
0.682476 9582.974018894694 352.1654485683762
0.684499 9185.333854904493 339.19573294193776
0.686521 8805.13649491602 326.72673861572366
0.688544 8441.572336302572 314.73796025962366
0.690566 8093.871479537472 303.2097846342657
0.692588 7761.301675629622 292.12344942698485
0.694611 7443.166385148678 281.46100409718855
0.696633 7138.8029424760125 271.20527262766143
0.698656 6847.58081929637 261.3398180839111
0.700678 6568.8999817025815 251.84890888900074
0.702701 6302.189335618687 242.71748672625765
0.704723 6046.905255560871 233.93113598696533
0.706746 5802.530192049632 225.47605468460614
0.708768 5568.571353261871 217.33902676137734
0.710791 5344.559456771385 209.50739571669138
0.712813 5130.0475474684035 201.96903949108258
0.714835 4924.609877977818 194.7123465424863
0.716858 4727.840848109292 187.72619305517478
0.71888 4539.354000074203 180.99992122478037
0.720903 4358.781066393255 174.52331856582478
0.722925 4185.7710675959825 168.28659819095313
0.724948 4019.989456980731 162.28038001375532
0.72697 3861.1173098600198 156.49567282953782
0.728993 3708.850554864169 150.92385723080417
0.731015 3562.8992450142755 145.5566693164243
0.733037 3422.9868664062233 140.38618515560776
0.73506 3288.849682470065 135.40480596979077
0.737082 3160.2361118841372 130.60524399744563
0.739105 3036.9061383322464 125.98050900862279
0.741127 2918.6307503938474 121.5238954377165
0.74315 2805.1914099537407 117.22897010457329
0.745172 2696.37954760783 113.089560495563
0.747195 2591.996083626919 109.0997435776818
0.749217 2491.850973120674 105.2538351201223
0.75124 2395.762774119195 101.54637949902326
0.753262 2303.558237361107 97.97213996234956
0.755284 2215.0719166437107 94.52608933299335
0.757307 2130.145798654243 91.2034011293051
0.759329 2048.6289512604626 87.99944108327597
0.761352 1970.377189295068 84.90975903760214
0.763374 1895.2527569213023 81.9300812037799
0.765397 1823.1240257167576 79.05630276426633
0.767419 1753.8652076596782 76.28448080258721
0.769442 1687.3560822460756 73.61082754605505
0.771464 1623.4817370080639 71.03170390652846
0.773487 1562.1323207430237 68.54361330534644
0.775509 1503.2028088005743 66.1431957692578
0.777531 1446.59277980942 63.827222284806396
0.779554 1392.2062032591982 61.592589399239515
0.781576 1339.9512373838988 59.43631405659363
0.783599 1289.7400368228077 57.3555286581542
0.785621 1241.4885695629234 55.34747633701099
0.787644 1195.1164426931405 53.40950643692817
0.789666 1150.5467365252662 51.539070186210914
0.791689 1107.7058466606136 49.73371655770807
0.793711 1066.52333360294 47.9910883065021
0.795734 1026.9317795396507 46.30891817725174
0.797756 988.8666519328838 44.68502527352561
0.799778 952.2661735809277 43.117311581836724
0.801801 917.071198828128 41.60375864342751
0.803823 883.225095618137 40.142424367185
0.805846 850.6736331013132 38.73143997737969
0.807868 819.3648745219367 37.3690070902147
0.809891 789.2490751252069 36.053394913456955
0.811913 760.278584837287 34.78293756368768
0.813936 732.4077554844191 33.55603149596576
0.815958 705.5928523291277 32.37113304093984
0.81798 679.7919697128489 31.22675604467517
0.820003 654.9649506051478 30.121469606680897
0.822025 631.0733098697889 29.05389591183095
0.824048 608.0801610676447 28.02270815207291
0.82607 585.9501466254872 27.026628534005674
0.828093 564.6493712083833 26.064426368586425
0.830115 544.1453381416211 25.134916239401676
0.832138 524.4068887357952 24.236956246095595
0.83416 505.40414437609616 23.369446319708683
0.836183 487.1084512437467 22.531326606822716
0.838205 469.49232754418586 21.721575919553594
0.840227 452.5294131228055 20.939210248562624
0.84225 436.19442135500464 20.18328133638896
0.844272 420.46309320294665 19.452875308524487
0.846295 405.31215333670247 18.74711135976885
0.848317 390.7192682225663 18.065140493514214
0.85034 376.66300608606946 17.40614431171209
0.852362 363.1227986618152 16.76933385337698
0.854385 350.07890464652536 16.153948479575604
0.856407 337.51237477581066 15.559254802942618
0.85843 325.4050184490556 14.984545659850212
0.860452 313.739371830469 14.429139123440548
0.862474 302.4986673578905 13.892377555812194
0.864497 291.66680459421514 13.373626697722623
0.866519 281.2283223594936 12.872274794245085
0.868542 271.16837208472145 12.387731754882532
0.870564 261.47269233119533 11.919428346710601
0.872587 252.12758442200604 11.466815419180884
0.874609 243.11988913478953 11.029363159276665
0.876632 234.4369644073147 10.606560375770533
0.878654 226.06666400977124 10.197913811385884
0.880676 217.99731713984653 9.802947481718064
0.882699 210.21770889874335 9.421202039818553
0.884721 202.7170616082911 9.05223416539378
0.886744 195.4850169311874 8.695615977615086
0.888766 188.5116187581861 8.350934470578892
0.890789 181.78729682777558 8.0177909704977
0.892811 175.3028510454875 7.695800613741639
0.894834 169.0494364715334 7.38459184488736
0.896856 163.0185489469299 7.083805933967918
0.898879 157.2020113296554 6.793096512149815
0.900901 151.59196031372696 6.512129125098229
0.902923 146.1808338053255 6.240580803320395
0.904946 140.96135883131805 5.978139648808819
0.906968 135.92653995665006 5.7245044373335645
0.908991 131.06964818818 5.479384235760248
0.911013 126.3842103435589 5.242498033796861
0.913036 121.86399886473592 5.0135743895967995
0.915058 117.50302205662189 4.792351088670262
0.917081 113.29551473231726 4.578574815577724
0.919103 109.2359292471795 4.372000837902387
0.921126 105.31892690479674 4.172392702018191
0.923148 101.53936971871671 3.979521940190695
0.92517 97.89231251451054 3.7931677885668007
0.927193 94.37299535744535 3.61311691562772
0.929215 90.97683629171517 3.4391631606971886
0.931238 87.69942437780271 3.271107282113169
0.93326 84.53651301516082 3.108756714687993
0.935283 81.48401353796838 2.951925336096606
0.937305 78.5379890722706 2.8004332418474567
0.939328 75.69464864333774 2.654106528504853
0.94135 72.95034152256846 2.512777084844516
0.943373 70.30155180374891 2.3762823906375186
0.945395 67.74489319892346 2.244465322769515
0.947417 65.27710404457324 2.1171739684146154
0.94944 62.89504250920428 1.9942614449939757
0.951462 60.59568199384454 1.8755857266603089
0.953485 58.376106717324866 1.7610094770599982
0.955507 56.23350747857148 1.650399888133891
0.95753 54.16517758848702 1.5436285247281551
0.959552 52.168508964314526 1.4405711747950027
0.961575 50.24098837969745 1.341107704972142
0.963597 48.38019386393874 1.2451219213383151
0.965619 46.583791244249596 1.1525014351498815
0.967642 44.84953082504799 1.0631375333716022
0.969664 43.17524419862181 0.9769250538217404
0.971687 41.55884118172365 0.8937622647590269
0.973709 39.99830687289255 0.8135507487453228
0.975732 38.49169882552911 0.7361952906250036
0.977754 37.03714433195947 0.6616037694676162
0.979777 35.632837813931104 0.5896870543267836
0.981799 34.27703831518014 0.5203589036740253
0.983822 32.968067091891825 0.453535868371322
0.985844 31.704305297061108 0.3891371980521017
0.987866 30.484191754924215 0.3270847507847563
0.989889 29.306220821799403 0.2673029058981591
0.991911 28.168940329829454 0.20971847985303427
0.993934 27.07094961026598 0.15426064504756898
0.995956 26.01089759308024 0.1008608514499656
0.997979 24.987480979818365 0.049452750954730895
1. 23.999442486751654 -0.000027875636515961588
1.00202 23.045569155493933 -0.047643189105223804
1.00405 22.124690728378525 -0.09345335986888959
1.00607 21.23567808600151 -0.13751663368505884
1.00809 20.377441744443708 -0.17988939509146107
1.01011 19.54893040979067 -0.2206262286638916
1.01214 18.749129587667365 -0.25977997817059784
1.01416 17.97706024560084 -0.29740180369869806
1.01618 17.231777526112595 -0.3335412368256341
1.0182 16.51236950853192 -0.368246233905583
1.02023 15.817956017603066 -0.4015632275383636
1.02225 15.147687477038769 -0.43353717628573074
1.02427 14.500743806250062 -0.464211612697512
1.02629 13.876333358552971 -0.4936286897078075
1.02832 13.273691899224508 -0.5218292254590988
1.03034 12.692081621846256 -0.5488527466100468
1.03236 12.130790201437192 -0.574737530180673
1.03438 11.589129882940249 -0.5995206439865663
1.03641 11.0664366036833 -0.623237985711949
1.03843 10.562069148493626 -0.645924320669506
1.04045 10.075408336196928 -0.6676133182931534
1.04247 9.605856236284868 -0.6883375874081978
1.0445 9.152835414582512 -0.7081287103217533
1.04652 8.71578820679603 -0.7270172757746485
1.04854 8.294176018865265 -0.7450329107945923
1.05056 7.887478653088717 -0.7622043114888783
1.05258 7.495193659031462 -0.7785592728135415
1.05461 7.116835708263975 -0.7941247173545172
1.05663 6.751935992020191 -0.8089267231550656
1.05865 6.4000416408980065 -0.8229905506224764
1.06067 6.06071516576093 -0.8363406685458836
1.0627 5.733533919033698 -0.8490007792558425
1.06472 5.418089575615307 -0.8609938429552573
1.06674 5.11398763266525 -0.8723421012501391
1.06876 4.820846927547133 -0.8830670999076715
1.07079 4.5382991732431055 -0.8931897108680587
1.07281 4.265988510578452 -0.9027301535357142
1.07483 4.003571076622893 -0.9117080153743864
1.07685 3.7507145886593225 -0.9201422718299717
1.07888 3.5070979431348417 -0.9280513056039181
1.0809 3.2724108290321747 -0.9354529252992789
1.08292 3.0463533551208517 -0.9423643834607209
1.08494 2.8286356905693917 -0.9488023940290364
1.08697 2.618977718419533 -0.9547831492299328
1.08899 2.4171087014429817 -0.9603223359162605
1.09101 2.222766959920165 -0.9654351513820569
1.09303 2.035699560897727 -0.9701363186662424
1.09506 1.8556620184991828 -0.9744401013630888
1.09708 1.6824180048794442 -0.9783603179560356
1.0991 1.5157390714295411 -0.9819103556908251
1.10112 1.355404379853503 -0.985103184003363
1.10315 1.2012004427532352 -0.9879513675171976
1.10517 1.0529208733717441 -0.9904670786249563
1.10719 0.9103661441584667 -0.9926621096676074
1.10921 0.7733433538328274 -0.9945478847249201
1.11124 0.6416660026350939 -0.9961354710300305
1.11326 0.5151537754651646 -0.9974355900205767
1.11528 0.39363233262132347 -0.9984586280384347
1.1173 0.2769331078621654 -0.999214646689669
1.11933 0.16489311352500952 -0.9997133928759148
1.12135 0.05735475244466968 -0.9999643085080141
1.12337 -0.003991727728816751 -0.9999979626334381
1.12539 -0.01285274582619012 -0.9999788012690045
1.12742 -0.02168145472964582 -0.9999394559461822
1.12944 -0.03047767130200471 -0.9998799282533273
1.13146 -0.03924121375070383 -0.9998002205935508
1.13348 -0.047971901630151484 -0.9997003361846213
1.13551 -0.056669555844045635 -0.999580279058835
1.13753 -0.06533399864767458 -0.9994400540628536
1.13955 -0.07396505365018509 -0.9992796668575081
1.14157 -0.08256254581682296 -0.9990991239175704
1.1436 -0.0911263014711499 -0.9988984325314918
1.14562 -0.09965614829722313 -0.9986776008011091
1.14764 -0.10815191534175547 -0.9984366376413171
1.14966 -0.11661343301624226 -0.9981755527797089
1.15169 -0.1250405330990593 -0.9978943567561835
1.15371 -0.13343304873753617 -0.9975930609225198
1.15573 -0.14179081444999114 -0.9972716774419186
1.15775 -0.15011366612774546 -0.9969302192885114
1.15977 -0.1584014410371026 -0.9965687002468375
1.1618 -0.16665397782130303 -0.9961871349112856
1.16382 -0.17487111650243936 -0.995785538685507
1.16584 -0.18305269848335068 -0.9953639277817917
1.16786 -0.19119856654948153 -0.9949223192204154
1.16989 -0.19930856487071008 -0.9944607308289516
1.17191 -0.20738253900315023 -0.9939791812415519
1.17393 -0.21542033589091322 -0.9934776898981945
1.17595 -0.2234218038678472 -0.9929562770438982
1.17798 -0.23138679265924075 -0.9924149637279065
1.18 -0.23931515338349485 -0.9918537718028366
1.18202 -0.24720673855376743 -0.991272723923798
1.18404 -0.25506140207957695 -0.9906718435474774
1.18607 -0.26287899926838326 -0.9900511549311926
1.18809 -0.27065938682713 -0.9894106831319122
1.19011 -0.2784024228637606 -0.9887504540052446
1.19213 -0.28610796688869256 -0.9880704942043945
1.19416 -0.29377587981626796 -0.9873708311790863
1.19618 -0.301406023966166 -0.9866514931744561
1.1982 -0.3089982630647838 -0.9859125092299121
1.20022 -0.3165524622465869 -0.9851539091779613
1.20225 -0.32406848805541877 -0.9843757236430057
1.20427 -0.33154620844578514 -0.9835779840401065
1.20629 -0.3389854927841003 -0.9827607225737148
1.20831 -0.3463862118498999 -0.9819239722363724
1.21034 -0.3537482378370244 -0.9810677668073792
1.21236 -0.3610714443547589 -0.9801921408514302
1.21438 -0.36835570642894844 -0.9792971297172199
1.2164 -0.375600900503074 -0.9783827695360153
1.21843 -0.3828069044392984 -0.9774490972201968
1.22045 -0.3899735975194697 -0.976496150461769
1.22247 -0.39710086044609866 -0.9755239677308383
1.22449 -0.40418857534329694 -0.9745325882740601
1.22652 -0.41123662575768066 -0.9735220521130549
1.22854 -0.418244896659243 -0.9724924000427917
1.23056 -0.4252132744421839 -0.9714436736299419
1.23258 -0.4321416469257118 -0.9703759152112013
1.23461 -0.43902990335480824 -0.96928916789158
1.23663 -0.44587793440095447 -0.968183475542664
1.23865 -0.45268563216282814 -0.967058882800842
1.24067 -0.45945289016695673 -0.965915435065505
1.2427 -0.46617960336834213 -0.9647531784972135
1.24472 -0.472865668151047 -0.9635721600158329
1.24674 -0.4795109823287439 -0.9623724272986406
1.24876 -0.4861154451452337 -0.9611540287784002
1.25079 -0.49267895727491906 -0.9599170136414074
1.25281 -0.499201420823251 -0.9586614318255033
1.25483 -0.5056827393271336 -0.9573873340180595
1.25685 -0.5121228177552974 -0.9560947716539306
1.25888 -0.5185215625086295 -0.9547837969133791
1.2609 -0.524878881420474 -0.9534544627199679
1.26292 -0.5311946837568929 -0.9521068227384246
1.26494 -0.5374688802168907 -0.9507409313724742
1.26696 -0.543701382932605 -0.9493568437626434
1.26899 -0.5498921054694548 -0.9479546157840347
1.27101 -0.5560409628262588 -0.9465343040440706
1.27303 -0.5621478714353128 -0.9450959658802078
1.27505 -0.5682127491624305 -0.9436396593576241
1.27708 -0.5742355153069524 -0.9421654432668719
1.2791 -0.5802160906017085 -0.9406733771215071
1.28112 -0.5861543972129536 -0.9391635211556856
1.28314 -0.5920503587402594 -0.9376359363217315
1.28517 -0.5979039002163744 -0.9360906842876768
1.28719 -0.6037149481070412 -0.9345278274347717
1.28921 -0.609483430310781 -0.9329474288549667
1.29123 -0.61520927615864 -0.931349552348365
1.29326 -0.6208924164138973 -0.9297342624206477
1.29528 -0.6265327832717392 -0.9281016242804682
1.2973 -0.6321303103588904 -0.9264517038368217
1.29932 -0.637684932733213 -0.9247845676963835
1.30135 -0.6431965868832666 -0.9231002831608198
1.30337 -0.64866521072783 -0.9213989182240716
1.30539 -0.6540907436153891 -0.9196805415696087
1.30741 -0.6594731263235816 -0.9179452225676581
1.30944 -0.6648123010586098 -0.9161930312724031
1.31146 -0.670108211454613 -0.9144240384191552
1.31348 -0.675360802573005 -0.9126383154214981
1.3155 -0.6805700209017704 -0.9108359343684057
1.31753 -0.685735814354727 -0.9090169680213313
1.31955 -0.6908581322707491 -0.9071814898112702
1.32157 -0.695936925412953 -0.9053295738357958
1.32359 -0.7009721459678487 -0.9034612948560676
1.32562 -0.7059637475444474 -0.9015767282938135
1.32764 -0.7109116851733367 -0.8996759502282854
1.32966 -0.7158159153057181 -0.8977590373931874
1.33168 -0.7206763958124044 -0.8958260671735784
1.33371 -0.7254930859827834 -0.8938771176027474
1.33573 -0.730265946523739 -0.8919122673590643
1.33775 -0.7349949395585396 -0.8899315957628033
1.33977 -0.7396800286256866 -0.8879351827729408
1.3418 -0.7443211786777284 -0.8859231089839269
1.34382 -0.7489183560800305 -0.8838954556224328
1.34584 -0.7534715286095164 -0.881852304544071
1.34786 -0.7579806654533648 -0.8797937382300914
1.34989 -0.7624457372076724 -0.8777198397840513
1.35191 -0.7668667158760806 -0.8756306929284594
1.35393 -0.77124357486836 -0.8735263820013984
1.35595 -0.7755762889989624 -0.8714069919531182
1.35798 -0.7798648344855338 -0.8692726083426073
1.36 -0.7841091889473892 -0.8671233173341392
1.36202 -0.7883093314039533 -0.8649592056937925
1.36404 -0.7924652422731592 -0.8627803607859501
1.36606 -0.7965769033698136 -0.8605868705697713
1.36809 -0.8006442979039242 -0.8583788235956408
1.37011 -0.8046674104789895 -0.8561563090015945
1.37213 -0.8086462270902521 -0.8539194165097201
1.37415 -0.8125807351229137 -0.8516682364225365
1.37618 -0.8164709233503145 -0.849402859619347
1.3782 -0.8203167819320747 -0.8471233775525717
1.38022 -0.824118302412201 -0.8448298822440536
1.38224 -0.8278754777171536 -0.8425224662813465
1.38427 -0.8315883021538779 -0.8402012228139751
1.38629 -0.8352567714077991 -0.8378662455496755
1.38831 -0.8388808825407801 -0.8355176287506123
1.39033 -0.8424606339890448 -0.8331554672295725
1.39236 -0.8459960255610592 -0.8307798563461386
1.39438 -0.8494870584353832 -0.8283908920028396
1.3964 -0.8529337351584796 -0.8259886706412778
1.39842 -0.8563360596424908 -0.823573289238237
1.40045 -0.8596940371629785 -0.8211448453017667
1.40247 -0.8630076743566248 -0.8187034368672457
1.40449 -0.8662769792188985 -0.8162491624934256
1.40651 -0.8695019611016859 -0.8137821212584508
1.40854 -0.8726826307108864 -0.8113024127558588
1.41056 -0.8758190001039674 -0.80881013709056
1.41258 -0.8789110826874886 -0.8063053948747974
1.4146 -0.8819588932145878 -0.8037882872240829
1.41663 -0.8849624477824298 -0.8012589157531171
1.41865 -0.8879217638296242 -0.7987173825716861
1.42067 -0.8908368601335993 -0.7961637902805399
1.42269 -0.8937077568079502 -0.79359824196725
1.42472 -0.8965344752997434 -0.7910208412020487
1.42674 -0.8993170383867899 -0.7884316920336473
1.42876 -0.9020554701748829 -0.7858308989850346
1.43078 -0.9047497960949981 -0.7832185670492597
1.43281 -0.9074000429004601 -0.780594801685192
1.43483 -0.9100062386640744 -0.7779597088132646
1.43685 -0.9125684127752233 -0.7753133948111968
1.43887 -0.9150865959369264 -0.7726559665097013
1.4409 -0.9175608201628676 -0.7699875311881713
1.44292 -0.9199911187743867 -0.767308196570349
1.44494 -0.9223775263974358 -0.7646180708199772
1.44696 -0.924720078959502 -0.7619172625364323
1.44899 -0.9270188136864947 -0.759205880750341
1.45101 -0.9292737690995997 -0.7564840349191787
1.45303 -0.9314849850120972 -0.7537518349228496
1.45505 -0.9336525025261472 -0.7510093910592527
1.45708 -0.9357763640295413 -0.7482568140398267
1.4591 -0.9378566131924172 -0.7454942149850834
1.46112 -0.9398932949639435 -0.7427217054201198
1.46314 -0.9418864555689679 -0.7399393972701167
1.46517 -0.9438361425046321 -0.7371474028558203
1.46719 -0.9457424045369551 -0.7343458348890068
1.46921 -0.9476052916973795 -0.7315348064679342
1.47123 -0.9494248552792881 -0.7287144310727751
1.47325 -0.9512011478344845 -0.7258848225610363
1.47528 -0.9529342231696418 -0.7230460951629611
1.4773 -0.9546241363427187 -0.72019836347692
1.47932 -0.9562709436593413 -0.7173417424647828
1.48134 -0.9578747026691528 -0.714476347447278
1.48337 -0.9594354721621308 -0.7116022940993377
1.48539 -0.9609533121648732 -0.708719698445427
1.48741 -0.9624282839368474 -0.7058286768548614
1.48943 -0.9638604499666121 -0.702929346037108
1.49146 -0.9652498739680035 -0.7000218230370744
1.49348 -0.9665966208762924 -0.6971062252303837
1.4955 -0.9679007568443064 -0.6941826703186355
1.49752 -0.9691623492385214 -0.6912512763246549
1.49955 -0.970381466635122 -0.6883121615877282
1.50157 -0.9715581788160301 -0.6853654447588253
1.50359 -0.9726925567649012 -0.682411244795809
1.50561 -0.9737846726630897 -0.6794496809586338
1.50764 -0.9748345998855845 -0.6764808728045314
1.50966 -0.9758424129969112 -0.6735049401831834
1.51168 -0.9768081877470044 -0.6705220032318843
1.5137 -0.9777320010670508 -0.6675321823706895
1.51573 -0.9786139310652984 -0.6645355982975559
1.51775 -0.9794540570228375 -0.6615323719834695
1.51977 -0.9802524593893511 -0.65852262466756
1.52179 -0.9810092197788344 -0.6555064778522084
1.52382 -0.9817244209652847 -0.65248405329814
1.52584 -0.9823981468783612 -0.6494554730195112
1.52786 -0.9830304825990148 -0.6464208592789821
1.52988 -0.9836215143550878 -0.6433803345827821
1.53191 -0.9841713295168864 -0.6403340216757623
1.53393 -0.9846800165927196 -0.637282043536443
1.53595 -0.9851476652244138 -0.6342245233720476
1.53797 -0.9855743661827943 -0.6311615846135283
1.54 -0.9859602113631397 -0.6280933509105854
1.54202 -0.9863052937806077 -0.625019946126672
1.54404 -0.9866097075656312 -0.6219414943339976
1.54606 -0.9868735479592871 -0.6188581198085168
1.54809 -0.9870969113086359 -0.6157699470249134
1.55011 -0.987279895062033 -0.612677100651575
1.55213 -0.9874225977644132 -0.60957970554556
1.55415 -0.9875251190525467 -0.6064778867475574
1.55618 -0.9875875596502653 -0.60337176947684
1.5582 -0.9876100213636659 -0.600261479126207
1.56022 -0.9875926070762812 -0.5971471412569247
1.56224 -0.9875354207442264 -0.5940288815936544
1.56427 -0.9874385673913196 -0.5909068260193803
1.56629 -0.9873021531041716 -0.5877811005703256
1.56831 -0.9871262850272515 -0.5846518314308653
1.57033 -0.986911071357927 -0.581519144928431
1.57236 -0.9866566213414749 -0.5783831675284127
1.57438 -0.9863630452660682 -0.5752440258290527
1.5764 -0.9860304544577352 -0.5721018465563346
1.57842 -0.9856589612752937 -0.5689567565588682
1.58044 -0.98524867910526 -0.5658088828027671
1.58247 -0.9847997223567303 -0.5626583523665255
1.58449 -0.9843122064562391 -0.5595052924358859
1.58651 -0.9837862478425906 -0.556349830298706
1.58853 -0.9832219639616662 -0.55319209333982
1.59056 -0.9826194732612054 -0.5500322090358943
1.59258 -0.9819788951855645 -0.5468703049502847
1.5946 -0.9813003501704488 -0.5437065087278835
1.59662 -0.9805839596376211 -0.5405409480899691
1.59865 -0.9798298459895858 -0.537373750829047
1.60067 -0.9790381326042493 -0.5342050448036941
1.60269 -0.9782089438295565 -0.531034957933395
1.60471 -0.9773424049781031 -0.5278636181933782
1.60674 -0.9764386423217253 -0.5246911536094508
1.60876 -0.9754977830860653 -0.5215176922528286
1.61078 -0.9745199554451146 -0.5183433622349672
1.6128 -0.9735052885157337 -0.5151682917023896
1.61483 -0.9724539123521492 -0.5119926088315135
1.61685 -0.9713659579404278 -0.5088164418234762
1.61887 -0.9702415571929296 -0.5056399188989589
1.62089 -0.9690808429427371 -0.5024631682930116
1.62292 -0.9678839489380635 -0.4992863182498759
1.62494 -0.9666510098366394 -0.4961094970178075
1.62696 -0.9653821612000757 -0.4929328328438982
1.62898 -0.9640775394882076 -0.48975645396890033
1.63101 -0.9627372820534174 -0.48658048862204895
1.63303 -0.9613615271349326 -0.4834050650158843
1.63505 -0.9599504138531078 -0.48023031134107785
1.63707 -0.958504082203683 -0.4770563557612548
1.6391 -0.9570226730520213 -0.4738833264078224
1.64112 -0.9555063281273288 -0.4707113513747968
1.64314 -0.9539551900168519 -0.46754055871363076
1.64516 -0.9523694021600547 -0.4643710764280464
1.64719 -0.9507491088427784 -0.4612030324688645
1.64921 -0.9490944551913795 -0.45803655472884297
1.65123 -0.9474055871668499 -0.454871771037511
1.65325 -0.9456826515589172 -0.45170880915601064
1.65528 -0.9439257959801249 -0.4485477967719367
1.6573 -0.9421351688598969 -0.4453888614941849
1.65932 -0.9403109194385799 -0.4422321308477979
1.66134 -0.9384531977614704 -0.4390777322688193
1.66337 -0.9365621546728212 -0.43592579309914714
1.66539 -0.9346379418098306 -0.432776440581394
1.66741 -0.9326807115966159 -0.42962980185375077
1.66943 -0.930690617238166 -0.42648600394485325
1.67146 -0.9286678127142788 -0.4233451737686549
1.67348 -0.9266124527734806 -0.4202074381193027
1.6755 -0.9245246929269285 -0.41707292366601834
1.67752 -0.9224046894422975 -0.4139417569479853
1.67955 -0.9202525993376484 -0.4108140643692406
1.68157 -0.9180685803752815 -0.40768997219357095
1.68359 -0.9158527910555732 -0.4045696065394171
1.68561 -0.9136053906107964 -0.40145309337477986
1.68763 -0.9113265389989266 -0.3983405585121377
1.68966 -0.9090163968974305 -0.39523212760336646
1.69168 -0.9066751256970411 -0.39212792613466685
1.6937 -0.9043028874955151 -0.389028079421498
1.69572 -0.901899845091379 -0.3859327126035197
1.69775 -0.8994661619776572 -0.3828419506395402
1.69977 -0.897002002335588 -0.37975591830247124
1.70179 -0.8945075310283226 -0.3766747401742916
1.70381 -0.8919829135946123 -0.3735985406410166
1.70584 -0.8894283162424821 -0.37052744388767855
1.70786 -0.886843905842888 -0.3674615738933118
1.70988 -0.8842298499233637 -0.36440105442594883
1.7119 -0.881586316661652 -0.36134600903762315
1.71393 -0.8789134748793235 -0.358296561059381
1.71595 -0.8762114940353845 -0.35525283359630455
1.71797 -0.8734805442198685 -0.35221494952253996
1.71999 -0.8707207961474197 -0.3491830314763388
1.72202 -0.8679324211508593 -0.3461572018551049
1.72404 -0.8651155911747451 -0.34313758281045614
1.72606 -0.8622704787689156 -0.34012429624329077
1.72808 -0.8593972570820229 -0.33711746379886787
1.73011 -0.8564960998550563 -0.33411720686189594
1.73213 -0.853567181414852 -0.33112364655163185
1.73415 -0.8506106766675947 -0.328136903716993
1.73617 -0.8476267610923066 -0.32515709893167777
1.7382 -0.8446156107343258 -0.3221843524892978
1.74022 -0.8415774021987753 -0.31921878439852225
1.74224 -0.8385123126440212 -0.31626051437823244
1.74426 -0.8354205197751227 -0.3133096618526898
1.74629 -0.8323022018372694 -0.3103663459467142
1.74831 -0.8291575376092131 -0.30743068548087504
1.75033 -0.8259867063966847 -0.30450279896669374
1.75235 -0.8227898880258093 -0.30158280460186104
1.75438 -0.8195672628365072 -0.2986708202654643
1.7564 -0.8163190116758874 -0.29576696351322873
1.75842 -0.8130453158916345 -0.2928713515727728
1.76044 -0.8097463573253845 -0.28998410133887353
1.76247 -0.8064223183060968 -0.28710532936875
1.76449 -0.8030733816434134 -0.28423515187735693
1.76651 -0.7996997306210161 -0.2813736847326931
1.76853 -0.7963015489899711 -0.2785210434511236
1.77056 -0.7928790209620705 -0.27567734319271653
1.77258 -0.7894323312031651 -0.2728426987565944
1.7746 -0.7859616648264913 -0.27001722457629984
1.77662 -0.7824672073859913 -0.2672010347151752
1.77865 -0.7789491448696266 -0.26439424286175917
1.78067 -0.7754076636926858 -0.2615969623251948
1.78269 -0.7718429506910888 -0.25880930603065844
1.78471 -0.7682551931146806 -0.25603138651479806
1.78674 -0.7646445786205263 -0.2532633159211929
1.78876 -0.761011295266193 -0.25050520599582304
1.79078 -0.7573555315030361 -0.24775716808256176
1.7928 -0.7536774761694729 -0.2450193131186783
1.79482 -0.7499773184842552 -0.24229175163035976
1.79685 -0.7462552480397393 -0.23957459372825018
1.79887 -0.7425114547951472 -0.23686794910300346
1.80089 -0.7387461290698305 -0.23417192702085776
1.80291 -0.7349594615365238 -0.2314866363192224
1.80494 -0.731151643214601 -0.2288121854022852
1.80696 -0.7273228654633233 -0.22614868223663553
1.80898 -0.7234733199750875 -0.22349623434690624
1.811 -0.7196031987686704 -0.22085494881143286
1.81303 -0.7157126941824723 -0.21822493225793083
1.81505 -0.7118019988677559 -0.21560629085919125
1.81707 -0.7078713057818825 -0.2129991303287937
1.81909 -0.7039208081815516 -0.21040355591684
1.82112 -0.699950699616033 -0.20781967240570454
1.82314 -0.6959611739204002 -0.20524758410580435
1.82516 -0.6919524252087637 -0.20268739485138854
1.82718 -0.687924647867499 -0.200139207996345
1.82921 -0.6838780365484797 -0.19760312641003053
1.83123 -0.6798127861623072 -0.19507925247311642
1.83325 -0.6757290918715377 -0.19256768807345492
1.83527 -0.6716271490839143 -0.19006853460196815
1.8373 -0.6675071534455935 -0.1875818929485522
1.83932 -0.6633693008343786 -0.1851078634980069
1.84134 -0.6592137873529479 -0.18264654612598163
1.84336 -0.6550408093220861 -0.1801980401949439
1.84539 -0.6508505632739163 -0.1777624445501682
1.84741 -0.6466432459451344 -0.1753398575157452
1.84943 -0.6424190542702443 -0.1729303768906134
1.85145 -0.6381781853747927 -0.1705340999446101
1.85348 -0.6339208365686096 -0.1681511234145454
1.8555 -0.6296472053390461 -0.1657815435002955
1.85752 -0.6253574893442208 -0.1634254558609214
1.85954 -0.6210518864062619 -0.16108295561080488
1.86157 -0.6167305945045577 -0.158754137315811
1.86359 -0.6123938117690068 -0.15643909498946895
1.86561 -0.6080417364732704 -0.15413792208917632
1.86763 -0.6036745670280342 -0.15185071151242835
1.86966 -0.5992925019742654 -0.14957755559306585
1.87168 -0.5948957399764802 -0.14731854609754857
1.8737 -0.5904844798160128 -0.14507377422125045
1.87572 -0.586058920384286 -0.14284333058477716
1.87775 -0.581619260676093 -0.14062730523030997
1.87977 -0.5771656997828778 -0.13842578761796887
1.88179 -0.5726984368860218 -0.13623886662220153
1.88381 -0.5682176712501367 -0.13406663052819545
1.88584 -0.5637236022163635 -0.1319091670283148
1.88786 -0.5592164291956749 -0.12976656321855895
1.88988 -0.554696351662184 -0.12763890559504798
1.8919 -0.5501635691464593 -0.1255262800505288
1.89392 -0.5456182812288456 -0.12342877187090984
1.89595 -0.5410606875327924 -0.1213464657318164
1.89797 -0.5364909877181877 -0.11927944569517368
1.89999 -0.5319093814746982 -0.11722779520581228
1.90201 -0.527316068515118 -0.11519159708810023
1.90404 -0.5227112485687215 -0.11317093354259833
1.90606 -0.5180951213746297 -0.11116588614274314
1.90808 -0.5134678866751765 -0.10917653583155296
1.9101 -0.5088297442092904 -0.10720296291836084
1.91213 -0.504180893705875 -0.10524524707557115
1.91415 -0.49952153487721007 -0.10330346733544515
1.91617 -0.49485186741234927 -0.10137770208690955
1.91819 -0.49017209097053277 -0.0994680290723915
1.92022 -0.4854824051746094 -0.09757452538468103
1.92224 -0.48078300960446224 -0.0956972674638179
1.92426 -0.47607410379045106 -0.09383633109400691
1.92628 -0.4713558872068587 -0.0919917914005578
1.92831 -0.46662855926534885 -0.09016372284685237
1.93033 -0.4618923193084337 -0.08835219923133875
1.93235 -0.4571473666029522 -0.08655729368455212
1.93437 -0.45239390033355775 -0.08477907866616197
1.9364 -0.44763211959621774 -0.08301762596204809
1.93842 -0.4428622233917227 -0.08127300668140147
1.94044 -0.4380844106192045 -0.07954529125385368
1.94246 -0.4332988800696713 -0.07783454942663504
1.94449 -0.42850583041954765 -0.07614085026175665
1.94651 -0.4237054602242297 -0.07446426213322477
1.94853 -0.4188979679116522 -0.07280485272427928
1.95055 -0.4140835517758628 -0.0711626890246605
1.95258 -0.40926240997061675 -0.06953783732790719
1.9546 -0.4044347405029768 -0.06793036322867851
1.95662 -0.3996007412269274 -0.06634033162010622
1.95864 -0.3947606098370049 -0.06476780669117566
1.96067 -0.38991454386193397 -0.0632128519241335
1.96269 -0.38506274065828583 -0.061675530091925834
1.96471 -0.38020539740414244 -0.06015590325566378
1.96673 -0.37534271109277684 -0.05865403276211789
1.96876 -0.3704748785263491 -0.05716997924124212
1.97078 -0.36560209630961116 -0.05570380260372487
1.9728 -0.36072456084363275 -0.054255562038572624
1.97482 -0.35584246831953514 -0.052825316010718604
1.97685 -0.35095601471224375 -0.05141312225866357
1.97887 -0.34606539577425016 -0.050019037792144116
1.98089 -0.34117080702939767 -0.04864311888983219
1.98291 -0.33627244376667215 -0.047285421097062574
1.98494 -0.33137050103401544 -0.04594599922359055
1.98696 -0.32646517363215083 -0.04462490734137947
1.98898 -0.3215566561084222 -0.043322198782417276
1.991 -0.31664514275065625 -0.04203792613656465
1.99303 -0.3117308275810313 -0.04077214124943085
1.99505 -0.30681390434997025 -0.03952489522028135
1.99707 -0.30189456653004526 -0.03829623839997509
1.99909 -0.2969730073098984 -0.037086220388930835
2.00111 -0.29204941958818437 -0.035894890035126026
2.00314 -0.287123995967526 -0.034722295432124684
2.00516 -0.2821969287484842 -0.03356848391713485
2.00718 -0.2772684099235513 -0.03243350206909845
2.0092 -0.272338631171161 -0.031317395706811135
2.01123 -0.26740778384970787 -0.03022020988707186
2.01325 -0.26247605899159865 -0.029141988902864346
2.01527 -0.25754364729730617 -0.028082776281568966
2.01729 -0.2526107391294536 -0.027042614783205687
2.01932 -0.2476775245069133 -0.026021546398707684
2.02134 -0.2427441930989177 -0.025019612348225806
2.02336 -0.23781093421920219 -0.02403685307946568
2.02538 -0.23287793682015312 -0.023073308266053583
2.02741 -0.22794538948698245 -0.022129016805935375
2.02943 -0.22301348043192437 -0.02120401681980677
2.03145 -0.21808239748843947 -0.02029834564957289
2.03347 -0.2131523281054558 -0.019412039856842922
2.0355 -0.20822345934161068 -0.018545135221451847
2.03752 -0.20329597785952666 -0.017697666740017493
2.03954 -0.19837006992010514 -0.01686966862452799
2.04156 -0.19344592137683064 -0.016061174300959102
2.04359 -0.18852371767011236 -0.015272216407926531
2.04561 -0.18360364382162728 -0.014502826795367074
2.04763 -0.1786858844286984 -0.013753036523253104
2.04965 -0.1737706236586911 -0.013022875860339678
2.05168 -0.16885804524342288 -0.012312374282941185
2.0537 -0.16394833247360627 -0.01162156047374252
2.05572 -0.15904166819330115 -0.01095046232064023
2.05774 -0.15413823479439678 -0.010299106915617084
2.05977 -0.14923821421111794 -0.009667520553648945
2.06179 -0.1443417879145401 -0.009055728731642732
2.06381 -0.13944913690713934 -0.008463756147406576
2.06583 -0.1345604417173629 -0.007891626698653731
2.06786 -0.12967588239421193 -0.007339363482037564
2.06988 -0.12479563850186384 -0.00680698879221886
2.0719 -0.11991988911429843 -0.006294524120965983
2.07392 -0.11504881280996075 -0.005801990156287129
2.07595 -0.11018258766644501 -0.005329406781595436
2.07797 -0.10532139125519319 -0.004876793074906183
2.07999 -0.10046540063622933 -0.004444167308066516
2.08201 -0.09561479235290504 -0.004031546946017817
2.08404 -0.09076974242667711 -0.0036389486460906006
2.08606 -0.08593042635191062 -0.0032663882573326086
2.08808 -0.08109701909069285 -0.0029138808198680977
2.0901 -0.07626969506768962 -0.0025814405642912153
2.09213 -0.0714486281650091 -0.002269080911091792
2.09415 -0.06663399171710009 -0.0019768144701126644
2.09617 -0.06182595850567658 -0.0017046530400417481
2.09819 -0.05702470075465346 -0.0014526076079344197
2.10022 -0.05223039012512572 -0.001220688348771426
2.10224 -0.04744319771035428 -0.0010089046250468803
2.10426 -0.04266329403079522 -0.0008172649863911197
2.10628 -0.037890849029135774 -0.0006457771692252035
2.1083 -0.033126032065369175 -0.0004944480964482745
2.11033 -0.028369011911892946 -0.0003632838771590041
2.11235 -0.023619956748624958 -0.0002522898064081236
2.11437 -0.01887903415815693 -0.00016147036498503908
2.11639 -0.014146411120922268 -0.00009082921923675435
2.11842 -0.009422254010397965 -0.000040369220920322135
2.12044 -0.0047067285883346955 -0.000010092407086714772
2.12246 -9.063093325443028e-17 0.
