#1001 0.10001 2.92246
0.10001 4.793282639232277e15 3.9951991209437056e12
0.102832 3.246521599186675e15 2.8608637657631084e12
0.105655 2.2222130480140932e15 2.0672046130690305e12
0.108477 1.5363621443355952e15 1.5065730053502354e12
0.1113 1.0723066565947311e15 1.1069453365066091e12
0.114122 7.551889995301774e14 8.196239840462301e11
0.116945 5.364292186214198e14 6.113526560028011e11
0.119767 3.8415974705741325e14 4.592038325629124e11
0.12259 2.772610706439369e14 3.472276370887603e11
0.125412 2.0159964438279038e14 2.642325599350048e11
0.128235 1.4762874972244088e14 2.0230128173924152e11
0.131057 1.088424472481873e14 1.5578879365705777e11
0.133879 8.076929051494498e13 1.2064003255933826e11
0.136702 6.031108596947868e13 9.392115797670737e10
0.139524 4.5304407324393664e13 7.349494825003723e10
0.142347 3.422727584340262e13 5.779424328424953e10
0.145169 2.6001300056380402e13 4.5662632749767395e10
0.147992 1.9857133408418957e13 3.6241624404115555e10
0.150814 1.5242280213916191e13 2.8890179892316372e10
0.153637 1.1757451441308809e13 2.312695229102199e10
0.156459 9.112315706747846e12 1.8588556004999084e10
0.159281 7.094523655618508e12 1.4999234145154764e10
0.162104 5.547880754633569e12 1.2148680203504374e10
0.164926 4.3568686089453823e12 9.875729597549328e9
0.167749 3.435600898027333e12 8.056301699637905e9
0.170571 2.71989672692446e12 6.594437329417528e9
0.173394 2.1615588930208054e12 5.41560299619497e9
0.176216 1.7242209148017744e12 4.461663888665864e9
0.179039 1.3803166050149443e12 3.6870916995836153e9
0.181861 1.1088573421906711e12 3.0560907507481647e9
0.184684 8.937936153412224e11 2.5404103134988e9
0.187506 7.22801412581443e11 2.1176720765714822e9
0.190328 5.863790791034329e11 1.77008609686628e9
0.193151 4.771721654694718e11 1.4834609948046737e9
0.195973 3.894664882943366e11 1.246437961642183e9
0.198796 3.188058666661586e11 1.0498957057255293e9
0.201618 2.6170267599789713e11 8.864864764676434e8
0.204441 2.15417799497275e11 7.502729895237918e8
0.207263 1.7779268390064777e11 6.364433161430396e8
0.210086 1.471206745458881e11 5.410862340130033e8
0.212908 1.2204807860206567e11 4.610136328422731e8
0.215731 1.0149781420137239e11 3.9361966729651845e8
0.218553 8.461028330189395e10 3.367687042171056e8
0.221375 7.069742693094945e10 2.887059061078587e8
0.224198 5.92069054399172e10 2.4798566651273945e8
0.22702 4.96940823077552e10 2.1341416778917652e8
0.229843 4.180004249794444e10 1.8400314467449906e8
0.232665 3.523429266448274e10 1.589325655666143e8
0.235488 2.9761105315070576e10 1.3752043100416088e8
0.23831 2.518870794864072e10 1.19198268257954e8
0.241133 2.13607001128133e10 1.0349119713877466e8
0.243955 1.8149220328375492e10 9.000167404797599e7
0.246778 1.5449491378080082e10 7.839620343210748e7
0.2496 1.3175454392283442e10 6.839444925260402e7
0.252422 1.1256265366713654e10 5.9760292382423356e7
0.255245 9.633476648792713e9 5.229446957676228e7
0.258067 8.258763876919671e9 4.582850092769805e7
0.26089 7.092088390685646e9 4.021966945453976e7
0.263712 6.100208180053767e9 3.534686177797159e7
0.266535 5.255468481256998e9 3.1107115076478913e7
0.269357 4.53481728388264e9 2.7412744605992213e7
0.27218 3.9190021525653296e9 2.4188949451673135e7
0.275002 3.391913553914276e9 2.1371813033610195e7
0.277824 2.940046828859483e9 1.8906630120310105e7
0.280647 2.552060460466047e9 1.674650443840526e7
0.283469 2.218412666305226e9 1.4851170977205977e7
0.286292 1.9310618330577438e9 1.3186005228177313e7
0.289114 1.6832190967063053e9 1.172118823501201e7
0.291937 1.4691436011581929e9 1.0431001749453943e7
0.294759 1.2839727564703896e9 9.293232223277664e6
0.297582 1.123581255467058e9 8.288666003830725e6
0.300404 9.844637657072668e8 7.400661088791945e6
0.303227 8.636371487664751e8 6.614783255714849e6
0.306049 7.58558815199715e8 5.918496410727472e6
0.308871 6.670584367138629e8 5.300898677083631e6
0.311694 5.872807351071869e8 4.752497131851647e6
0.314516 5.176374728426582e8 4.265015249650865e6
0.317339 4.5676710060235274e8 3.8312280681349817e6
0.320161 4.035007871446463e8 3.44482088522082e6
0.322984 3.5683377773899424e8 3.100267960931615e6
0.325806 3.1590120861364764e8 2.7927282501243353e6
0.328629 2.799576536506147e8 2.5179556551291035e6
0.331451 2.483598019940095e8 2.2722216749042226e6
0.334274 2.2055176614798716e8 2.0522486524260826e6
0.337096 1.96052603452239e8 1.8551520951716278e6
0.339918 1.744457027196411e8 1.6783907733684254e6
0.342741 1.5536974488921723e8 1.5197234943411069e6
0.345563 1.385109938943709e8 1.3771716147005763e6
0.348386 1.2359671328940792e8 1.2489864902230003e6
0.351208 1.1038953692027692e8 1.1336211801348024e6
0.354031 9.868264921697341e7 1.0297058215593367e6
0.356853 8.829565346683297e7 936026.1739244616
0.359676 7.907102547319883e7 851504.9045442339
0.362498 7.087106594863132e7 775185.2473501428
0.36532 6.3575278359709986e7 706216.7185133672
0.368143 5.7078110163752675e7 643842.6168578806
0.370965 5.1287004813490674e7 587389.0746799046
0.373788 4.612071984940973e7 536255.4568421973
0.37661 4.1507873095960155e7 489905.9336266856
0.379433 3.738568463040956e7 447862.07650112343
0.382255 3.36988869706919e7 409696.3462718871
0.385078 3.0398779971792113e7 375026.3605514433
0.3879 2.7442410346198928e7 343509.8424853896
0.390723 2.479185863056512e7 314840.1656157252
0.393545 2.2413618889693424e7 288742.4209060755
0.396367 2.0278058548724297e7 264969.94157711556
0.39919 1.835894753227606e7 243301.22971440968
0.402012 1.6633047413376544e7 223537.2358019005
0.404835 1.5079752575750051e7 205498.9485605
0.407657 1.3680776504372925e7 189025.25786769466
0.41048 1.2419877269823486e7 173971.05821604814
0.413302 1.1282617085969426e7 160205.56423473012
0.416125 1.0256151518345563e7 147610.81333309016
0.418947 9.329044519406278e6 136080.33360133623
0.42177 8.491105981274126e6 125517.95778264449
0.424592 7.7332489390023e6 115836.76646695506
0.427414 7.047363938205249e6 106958.14569516358
0.430237 6.426208409086286e6 98810.94594295943
0.433059 5.863309171968773e6 91330.73101019574
0.435882 5.3528764438576475e6 84459.1067038204
0.438704 4.889727926804087e6 78143.12039537932
0.441527 4.469221741597447e6 72334.7235798581
0.444349 4.08719712855756e6 66990.29048011225
0.447172 3.7399219743621456e6 62070.18654676801
0.449994 3.424046342836684e6 57538.381411485854
0.452817 3.136561290960088e6 53362.10147421695
0.455639 2.8747623411410307e6 49511.51785325337
0.458461 2.6362170589378546e6 45959.46590982144
0.461284 2.418736253408107e6 42681.192984758694
0.464106 2.2203483765413547e6 39654.13136054585
0.466929 2.0392767499190988e6 36857.693793747385
0.469751 1.8739192918658336e6 34273.089256137675
0.472574 1.7228304577731246e6 31883.156782118935
0.475396 1.584705140743237e6 29672.21554956375
0.478219 1.4583643098574674e6 27625.92952452243
0.481041 1.342742189785876e6 25731.185180437806
0.483863 1.2368748086038418e6 23975.98096236152
0.486686 1.139889760985497e6 22349.32730855574
0.489508 1.0509970517682538e6 20841.156167906414
0.492331 969480.9005409965 19442.239063614274
0.495153 894692.4016749744 18144.11285329038
0.497976 826042.9463284133 16939.012424296652
0.500798 762998.323620314 15819.809642189459
0.503621 705073.4275655366 14779.957940555852
0.506443 651827.5046488761 13813.44200334987
0.509266 602859.8842270453 12914.732046901983
0.512088 557806.1404032964 12078.74225884241
0.51491 516334.63972416706 11300.792995924461
0.517733 478143.43409208977 10576.57638274224
0.520555 442957.46275110677 9902.124989135935
0.523378 410526.03115516074 9273.783296128693
0.5262 380620.53803021734 8688.181688951068
0.529023 353032.4250462913 8142.212741445762
0.531845 327571.3262701218 7633.009579230689
0.534668 304063.3970146928 7157.92612971385
0.53749 282349.8038743451 6714.519085657781
0.540313 262285.3596653403 6300.531425704854
0.543135 243737.288709464 5913.8773503015655
0.545957 226584.10942708328 5552.628504976216
0.54878 210714.6225675693 5215.0013750889575
0.551602 196026.99461826077 4899.345747127334
0.554425 182427.92701497508 4604.1341414908175
0.557247 169831.90274220076 4327.952130604666
0.56007 158160.50277274323 4069.4894642290747
0.562892 147341.7855661838 3827.531931071676
0.565715 137309.72353333977 3600.953892350415
0.568537 128003.69098901449 3388.711428861597
0.571359 119367.99866566579 3189.8360484468058
0.574182 111351.47035332935 3003.428905580953
0.577004 103907.05767248354 2828.65548917236
0.579827 96991.4893820794 2664.7407386200475
0.582649 90564.95197965937 2510.9645517547597
0.585472 84590.79866873584 2366.6576515356096
0.588294 79035.28405426416 2231.197781315659
0.591117 73867.32218364227 2104.0062011580994
0.593939 69058.26578123466 1984.5444601057675
0.596762 64581.70473172605 1872.3114215043936
0.599584 60413.28205409733 1766.840520476582
0.602406 56530.52577584766 1667.6972344571184
0.605229 52912.69526821628 1574.4767493493957
0.608051 49540.64073931577 1486.8018053624733
0.610874 46396.67470480236 1404.3207079528543
0.613696 43464.45436638558 1326.7054905373673
0.616519 40728.873928323366 1253.6502167748126
0.619341 38175.96597217727 1184.8694112446954
0.622164 35792.811091501004 1120.09660829102
0.624986 33567.45506166879 1059.0830096556342
0.627809 31488.832886531403 1001.5962423073229
0.630631 29546.699123700175 947.4192085860387
0.633453 27731.563944650596 896.3490214329104
0.636276 26034.634435072217 848.1960180715438
0.639098 24447.760685473393 802.7828460496808
0.641921 22963.386262441385 759.9436160471048
0.644743 21574.502687571327 719.523116310223
0.647566 20274.607584272184 681.3760839893333
0.650388 19057.66618277431 645.3665290351768
0.653211 17918.075900995704 611.367106659718
0.656033 16850.633743737082 579.2585346851503
0.658856 15850.50628521844 548.9290523975525
0.661678 14913.20202045077 520.2739177896009
0.6645 14034.545889556577 493.19494032248247
0.667323 13210.65579608812 467.6000465626593
0.670145 12437.920955798065 443.4028762559329
0.672968 11712.981926340548 420.52240659122856
0.67579 11032.712181150666 398.8826025809341
0.678613 10394.201102379964 378.4120916447891
0.681435 9794.738278366642 359.04386063164867
0.684258 9231.79900078048 340.71497364875205
0.68708 8703.030865394989 323.36630919262336
0.689902 8206.241388479337 306.9423151902947
0.692725 7739.386558139393 291.39078066488946
0.695547 7300.560246636662 276.6626228366559
0.69837 6887.984415833246 262.7116885599008
0.701192 6500.000053501148 249.49456907857342
0.704015 6135.058783344588 236.97042715910425
0.706837 5791.715096257045 225.10083572905026
0.70966 5468.619154607953 213.84962721455062
0.712482 5164.510125265667 203.18275282910713
0.715305 4878.2100006426135 193.068151121065
0.718127 4608.617870326485 183.47562513784035
0.720949 4354.704608864365 174.37672761172158
0.723772 4115.507948017533 165.7446536152685
0.726594 3890.1279043267787 157.55414017424164
0.729417 3677.722535140847 149.7813723629124
0.732239 3477.503998381186 142.4038954406707
0.735062 3288.7348932631153 135.40053262041744
0.737884 3110.7248609794733 128.75130808838685
0.740707 2942.8274259932405 122.43737492203823
0.743529 2784.4370600922944 116.440947577658
0.746352 2634.9864527434406 110.74523864243113
0.749174 2493.943972555043 105.33439956717471
0.751996 2360.811305827323 100.1934651157778
0.754819 2235.121259244841 95.30830128578451
0.757641 2116.4357147551837 90.66555647159984
0.760464 2004.34372558868 86.25261565762298
0.763286 1898.459743211892 82.05755744325751
0.766109 1798.4219657797512 78.06911371536694
0.768931 1703.8907993619773 74.27663179635623
0.771754 1614.5474238744882 70.67003890778206
0.774576 1530.092456250323 67.23980880027743
0.777398 1450.2447039410908 63.976930410676914
0.780221 1374.7400023532407 60.872878416614626
0.783043 1303.330130297054 57.91958556759964
0.785866 1235.7817979630556 55.109416679672265
0.788688 1171.8757023438457 52.435144188284994
0.791511 1111.405645391782 49.889925161072455
0.794333 1054.1777105466515 47.467279678680995
0.797156 1000.0094935853213 45.16107049791151
0.799978 948.729384038769 42.96548391706909
0.802801 900.1758936932888 40.875011768671975
0.805623 854.1970289435602 38.884434469572895
0.808445 810.6497039972485 36.98880506310027
0.811268 769.3991921454424 35.18343419207991
0.81409 730.3186125119116 33.46387594555652
0.816913 693.2884498779063 31.825914525723157
0.819735 658.1961053495282 30.265551685008802
0.822558 624.9354757922597 28.77899488648415
0.82538 593.4065601032669 27.36264614373696
0.828203 563.5150905274209 26.013091499161185
0.831025 535.1721873483391 24.72709110221328
0.833848 508.2940354019981 23.501569851616573
0.83667 482.8015809683042 22.333608567771485
0.839492 458.6202476959562 21.22043566374706
0.842315 435.67967030870665 20.159419285211655
0.845137 413.91344492724653 19.14805989151314
0.84796 393.2588949207953 18.18398325184714
0.850782 373.6568512767253 17.264933832070824
0.853605 355.0514465454171 16.38876854923029
0.856427 337.38992148155694 15.553450872285026
0.85925 320.6224435625774 14.757045248834277
0.862072 304.7019366201942 13.997711838888149
0.864895 289.5839208723726 13.273701537883857
0.867717 275.2263626908626 12.583351272232372
0.870539 261.58953348382806 11.92507955169291
0.873362 248.63587711447786 11.297382263825677
0.876184 236.32988531503594 10.698828696661339
0.879007 224.63798059119264 10.128057776558881
0.881829 213.52840614551351 9.583774509006318
0.884652 202.9711223792936 9.064746610848893
0.887474 192.93770956124888 8.569801323116119
0.890297 183.40127627836446 8.097822394262858
0.893119 174.33637330928798 7.647747224241602
0.895941 165.7189125840387 7.218564160390017
0.898764 157.52609091560018 6.809309936647794
0.901586 149.7363182092657 6.41906724811526
0.904409 142.32914987456982 6.046962453433423
0.907231 135.28522318230267 5.692163397904074
0.910054 128.58619732559194 5.353877350679602
0.912876 122.21469695943635 5.031349049740628
0.915699 116.15425900742457 4.723858848740945
0.918521 110.38928253778685 4.4307209601419
0.921344 104.9049815234514 4.151281789378429
0.924166 99.68734031246693 3.8849183551002957
0.926988 94.72307164607493 3.6310367908155694
0.929811 89.99957707193198 3.38907092352948
0.932633 85.50490960950926 3.158480925222092
0.935456 81.22773853362375 2.9387520332439205
0.938278 77.15731615038654 2.7293933359302507
0.941101 73.28344644764789 2.529936619942533
0.943923 69.59645550931718 2.339935276042455
0.946746 66.08716358974938 2.15896326018796
0.949568 62.746858750774706 1.986614107014498
0.952391 59.567271969924 1.8224999929284742
0.955213 56.54055363398757 1.6662508461937096
0.958035 53.65925133728476 1.5175135015368273
0.960858 50.91628890892084 1.3759508969341265
0.96368 48.30494659789689 1.2412413103712359
0.966503 45.8188423492428 1.1130776344881816
0.969325 43.45191410836924 0.9911666871367588
0.972148 41.19840309461103 0.8752285559849069
0.97497 39.052837988474884 0.7649959754044344
0.977793 37.01001998042094 0.6602137339741683
0.980615 35.06500863211765 0.5606381110209826
0.983437 33.21310850402975 0.46603634070648425
0.98626 31.44985650593169 0.37618610224737825
0.989082 29.77100992950971 0.2908750349335101
0.991905 28.172535124622406 0.2099002766792175
0.994727 26.650596783050336 0.13306802491110847
0.99755 25.201547795688818 0.06019311865921395
1.00037 23.82191965112878 -0.008901359221199723
1.00319 22.50841334544095 -0.07438446071318294
1.00602 21.257890774737103 -0.13641773314909145
1.00884 20.06736658373065 -0.1951555624805157
1.01166 18.934000445069568 -0.25074550017059094
1.01448 17.855089745672327 -0.30332857452685813
1.01731 16.8280626576641 -0.3530395872500729
1.02013 15.850471572800771 -0.4000073959337369
1.02295 14.919986880474827 -0.4443551832110817
1.02577 14.03439107053623 -0.4862007132098265
1.0286 13.191573143231093 -0.5256565759410261
1.03142 12.389523309566728 -0.5628304202157906
1.03424 11.626327966357652 -0.5978251756532158
1.03706 10.90016493109944 -0.630739264313759
1.03989 10.209298922653192 -0.6616668024649903
1.04271 9.552077274513678 -0.6906977929607239
1.04553 8.926925868176276 -0.7179183086898941
1.04835 8.332345274816243 -0.7434106675284728
1.05118 7.766907094153537 -0.7672535992055516
1.054 7.229250479995026 -0.7895224044740368
1.05682 6.718078842530275 -0.8102891069565894
1.05964 6.232156718007763 -0.829622598018815
1.06247 5.770306796935968 -0.8475887750039721
1.06529 5.331407102442449 -0.8642506731467436
1.06811 4.9143883108850925 -0.8796685914677052
1.07093 4.518231207242668 -0.8939002129350682
1.07376 4.141964268221783 -0.9070007191660259
1.07658 3.784661366402932 -0.9190228999264891
1.0794 3.445439589111869 -0.9300172576751868
1.08222 3.1234571660465997 -0.9400321073859312
1.08505 2.817911500013122 -0.9491136718703403
1.08787 2.5280372954290975 -0.957306172812348
1.09069 2.2531047795429044 -0.9646519177154855
1.09351 1.9924180115870547 -0.9711913829540615
1.09634 1.7453132753427267 -0.9769632931100218
1.09916 1.5111575508336041 -0.9820046967684339
1.10198 1.289347061096719 -0.9863510389361148
1.1048 1.0793058901940253 -0.9900362302399353
1.10763 0.8804846688324959 -0.9930927130537739
1.11045 0.6923593241535738 -0.9955515246958817
1.11327 0.514429890434573 -0.9974423578316016
1.11609 0.34621937761743876 -0.9987936182098851
1.11892 0.1872726947422144 -0.9996324798559053
1.12174 0.03715562551681922 -0.9999849378361927
1.12456 -0.002841554217743773 -0.9999966478460908
1.12738 -0.006647480777197459 -0.9999815621589789
1.1302 -0.010434237407546815 -0.9999543436732088
1.13303 -0.014201875305537117 -0.9999149930492773
1.13585 -0.017950445165156117 -0.9998635112420863
1.13867 -0.021679997186088186 -0.9997998995009185
1.14149 -0.02539058108204132 -0.9997241593694078
1.14432 -0.029082246088953663 -0.9996362926855016
1.14714 -0.03275504097307556 -0.9995363015814159
1.14996 -0.036409014038933776 -0.9994241884835842
1.15278 -0.04004421313717793 -0.9992999561125979
1.15561 -0.04366068567231188 -0.9991636074831411
1.15843 -0.04725847861030998 -0.9990151459039167
1.16125 -0.050837638486124756 -0.9988545749775664
1.16407 -0.05439821141108166 -0.9986818986005833
1.1669 -0.057940243080167445 -0.9984971209632174
1.16972 -0.061463778779212275 -0.9983002465493737
1.17254 -0.06496886339196582 -0.9980912801365036
1.17536 -0.06845554140707343 -0.9978702267954891
1.17819 -0.07192385692494847 -0.9976370918905193
1.18101 -0.07537385366454646 -0.9973918810789605
1.18383 -0.07880557497004106 -0.9971346003112189
1.18665 -0.08221906381740415 -0.9968652558305964
1.18948 -0.08561436282088966 -0.9965838541731384
1.1923 -0.08899151423942697 -0.9962904021674763
1.19512 -0.09235055998291997 -0.9959849069346609
1.19794 -0.09569154161845685 -0.9956673758879897
1.20077 -0.09901450037643145 -0.9953378167328275
1.20359 -0.1023194771565757 -0.994996237466419
1.20641 -0.10560651253390843 -0.9946426463776945
1.20923 -0.10887564676459721 -0.9942770520470696
1.21206 -0.11212691979173803 -0.9938994633462364
1.21488 -0.11536037125105261 -0.9935098894379477
1.2177 -0.11857604047650414 -0.9931083397757962
1.22052 -0.12177396650583576 -0.9926948241039832
1.22335 -0.12495418808602819 -0.9922693524570839
1.22617 -0.12811674367868164 -0.9918319351598024
1.22899 -0.13126167146532167 -0.9913825828267222
1.23181 -0.13438900935263037 -0.9909213063620482
1.23464 -0.13749879497760298 -0.9904481169593422
1.23746 -0.14059106571263416 -0.9899630261012509
1.24028 -0.14366585867053105 -0.9894660455592279
1.2431 -0.14672321070945668 -0.9889571873932477
1.24593 -0.14976315843780455 -0.9884364639515129
1.24875 -0.15278573821900376 -0.9879038878701548
1.25157 -0.1557909861762596 -0.9873594720729268
1.25439 -0.15877893819722533 -0.9868032297708906
1.25722 -0.16174962993861017 -0.9862351744620956
1.26004 -0.16470309683072312 -0.9856553199312516
1.26286 -0.16763937408195353 -0.9850636802493937
1.26568 -0.17055849668318845 -0.9844602697735421
1.26851 -0.1734604994121709 -0.9838451031463519
1.27133 -0.17634541683779537 -0.9832181952957595
1.27415 -0.17921328332434516 -0.9825795614346193
1.27697 -0.1820641330356707 -0.9819292170603348
1.27979 -0.18489799993930936 -0.9812671779544828
1.28262 -0.18771491781055033 -0.98059346018243
1.28544 -0.19051492023644098 -0.9799080800929434
1.28826 -0.19329804061973943 -0.9792110543177936
1.29108 -0.1960643121828122 -0.9785023997713511
1.29391 -0.1988137679714782 -0.977782133650176
1.29673 -0.20154644085879891 -0.9770502734326003
1.29955 -0.2042623635488187 -0.9763068368783043
1.30237 -0.2069615685802506 -0.9755518420278855
1.3052 -0.2096440883301142 -0.9747853072024203
1.30802 -0.2123099550173218 -0.97400725100302
1.31084 -0.21495920070621508 -0.9732176923103795
1.31366 -0.2175918573100554 -0.9724166502843183
1.31649 -0.2202079565944636 -0.9716041443633168
1.31931 -0.2228075301808142 -0.9707801942640433
1.32213 -0.22539060954958232 -0.9699448199808764
1.32495 -0.22795722604364518 -0.9690980417854198
1.32778 -0.23050741087153748 -0.9682398802260099
1.3306 -0.23304119511066337 -0.9673703561272173
1.33342 -0.2355586097104638 -0.966489490589342
1.33624 -0.23805968549553977 -0.9655973049879004
1.33907 -0.24054445316873418 -0.9646938209731075
1.34189 -0.2430129433141696 -0.963779060469351
1.34471 -0.2454651864002468 -0.9628530456746596
1.34753 -0.24790121278260008 -0.961915799060164
1.35036 -0.25032105270701294 -0.9609673433695518
1.35318 -0.25272473631229403 -0.9600077016185156
1.356 -0.2551122936331124 -0.9590368970941945
1.35882 -0.25748375460279616 -0.9580549533546089
1.36165 -0.2598391490560905 -0.9570618942280886
1.36447 -0.2621785067318789 -0.9560577438126954
1.36729 -0.264501857275867 -0.9550425264756374
1.37011 -0.26680923024322917 -0.9540162668526779
1.37294 -0.26910065510121883 -0.9529789898475385
1.37576 -0.27137616123174363 -0.951930720631293
1.37858 -0.2736357779339041 -0.9508714846417585
1.3814 -0.27587953442649804 -0.9498013075828766
1.38423 -0.27810745985049035 -0.9487202154240906
1.38705 -0.28031958327144785 -0.9476282343997149
1.38987 -0.28251593368194267 -0.9465253910082985
1.39269 -0.28469654000392036 -0.9454117120119818
1.39552 -0.2868614310910363 -0.9442872244358476
1.39834 -0.2890106357309593 -0.9431519555672645
1.40116 -0.2911441826476443 -0.9420059329552259
1.40398 -0.29326210050357165 -0.9408491844096807
1.40681 -0.29536441790195783 -0.9396817380008581
1.40963 -0.29745116338893374 -0.9385036220585873
1.41245 -0.2995223654556929 -0.9373148651716097
1.41527 -0.30157805254061054 -0.9361154961868845
1.4181 -0.3036182530313316 -0.9349055442088905
1.42092 -0.3056429952668323 -0.9336850385989174
1.42374 -0.30765230753944983 -0.9324540089743552
1.42656 -0.3096462180968856 -0.9312124852079745
1.42938 -0.3116247551441797 -0.9299604974272022
1.43221 -0.313587946845658 -0.9286980760133897
1.43503 -0.3155358213268515 -0.9274252516010766
1.43785 -0.3174684066763886 -0.9261420550772466
1.44067 -0.3193857309478617 -0.9248485175805778
1.4435 -0.32128782216166557 -0.923544670500688
1.44632 -0.32317470830681155 -0.9222305454773718
1.44914 -0.3250464173427145 -0.920906174399834
1.45196 -0.3269029772009557 -0.9195715894059151
1.45479 -0.32874441578701946 -0.9182268228813111
1.45761 -0.3305707609820057 -0.9168719074587885
1.46043 -0.33238204064431787 -0.9155068760173918
1.46325 -0.3341782826113262 -0.9141317616816456
1.46608 -0.33595951470100743 -0.9127465978207513
1.4689 -0.3377257647135615 -0.9113514180477769
1.47172 -0.3394770604330035 -0.9099462562188413
1.47454 -0.34121342962873397 -0.9085311464322932
1.47737 -0.3429349000570854 -0.9071061230278827
1.48019 -0.3446414994628465 -0.9056712205859295
1.48301 -0.3463332555807646 -0.9042264739264825
1.48583 -0.3480101961370259 -0.9027719181084748
1.48866 -0.34967234885071324 -0.9013075884288742
1.49148 -0.35131974143524386 -0.8998335204218249
1.4943 -0.35295240159978375 -0.8983497498577869
1.49712 -0.35457035705064366 -0.8968563127426671
1.49995 -0.3561736354926528 -0.8953532453169455
1.50277 -0.3577622646305115 -0.8938405840547957
1.50559 -0.3593362721701252 -0.8923183656632007
1.50841 -0.36089568581991743 -0.8907866270810607
1.51124 -0.3624405332921225 -0.8892454054782988
1.51406 -0.3639708423040606 -0.8876947382549563
1.51688 -0.36548664057939123 -0.8861346630402873
1.5197 -0.36698795584934846 -0.8845652176918448
1.52253 -0.36847481585395814 -0.8829864402945622
1.52535 -0.3699472483432348 -0.8813983691598286
1.52817 -0.3714052810783611 -0.8798010428245601
1.53099 -0.3728489418328492 -0.8781945000502633
1.53382 -0.374278258393683 -0.8765787798220961
1.53664 -0.37569325856244346 -0.8749539213479205
1.53946 -0.3770939701564157 -0.8733199640573521
1.54228 -0.378480421009679 -0.8716769476008027
1.54511 -0.37985263897417926 -0.8700249118485182
1.54793 -0.3812106519207849 -0.8683638968896112
1.55075 -0.38255448774032424 -0.8666939430310885
1.55357 -0.383884174344609 -0.8650150907968717
1.5564 -0.385199739667438 -0.8633273809268158
1.55922 -0.38650121166558704 -0.8616308543757192
1.56204 -0.3877886183197815 -0.8599255523123299
1.56486 -0.38906198763565303 -0.8582115161183472
1.56769 -0.39032134764468046 -0.8564887873874169
1.57051 -0.3915667264051151 -0.854757407924122
1.57333 -0.39279815200289014 -0.8530174197429693
1.57615 -0.3940156525525162 -0.8512688650673679
1.57897 -0.3952192561979593 -0.8495117863286061
1.5818 -0.3964089911135063 -0.8477462261648216
1.58462 -0.39758488550461357 -0.845972227419966
1.58744 -0.3987469676087421 -0.8441898331427662
1.59026 -0.39989526569617784 -0.8423990865856787
1.59309 -0.4010298080708376 -0.8406000312038411
1.59591 -0.40215062307106025 -0.8387927106540163
1.59873 -0.4032577390703852 -0.8369771687935346
1.60155 -0.4043511844783154 -0.8351534496792281
1.60438 -0.40543098774106745 -0.8333215975663626
1.6072 -0.4064971773423076 -0.8314816569075629
1.61002 -0.40754978180387536 -0.8296336723517346
1.61284 -0.4085888296864921 -0.8277776887429804
1.61567 -0.4096143495904574 -0.8259137511195119
1.61849 -0.41062637015633235 -0.8240419047125572
1.62131 -0.41162492006561024 -0.8221621949452622
1.62413 -0.41261002804137265 -0.8202746674315892
1.62696 -0.41358172284893546 -0.8183793679752098
1.62978 -0.4145400332964805 -0.8164763425683934
1.6326 -0.41548498823567487 -0.8145656373908913
1.63542 -0.4164166165622791 -0.8126472988088156
1.63825 -0.41733494721674186 -0.8107213733735144
1.64107 -0.4182400091847836 -0.8087879078204422
1.64389 -0.41913183149796757 -0.8068469490680258
1.64671 -0.4200104432342593 -0.8048985442165252
1.64954 -0.42087587351857453 -0.8029427405468919
1.65236 -0.42172815152331494 -0.8009795855196202
1.65518 -0.4225673064688939 -0.799009126773596
1.658 -0.4233933676242488 -0.7970314121249411
1.66083 -0.4242063643073443 -0.7950464895658524
1.66365 -0.42500632588566206 -0.7930544072634381
1.66647 -0.42579328177668213 -0.7910552135585474
1.66929 -0.4265672614483512 -0.7890489569645984
1.67212 -0.4273282944195417 -0.7870356861664016
1.67494 -0.4280764102604983 -0.7850154500189765
1.67776 -0.42881163859327676 -0.782988297546368
1.68058 -0.4295340090921686 -0.7809542779404558
1.68341 -0.4302435514841188 -0.7789134405597605
1.68623 -0.43094029554913105 -0.7768658349282466
1.68905 -0.4316242711206638 -0.7748115107341199
1.69187 -0.4322955080860157 -0.7727505178286223
1.6947 -0.43295403638670155 -0.7706829062248223
1.69752 -0.43359988601881794 -0.7686087260964004
1.70034 -0.43423308703339975 -0.7665280277764326
1.70316 -0.4348536695367656 -0.7644408617561682
1.70599 -0.43546166369085554 -0.7623472786838053
1.70881 -0.4360570997135578 -0.7602473293632608
1.71163 -0.4366400078790267 -0.7581410647529386
1.71445 -0.4372104185179907 -0.7560285359644925
1.71728 -0.43776836201805275 -0.7539097942615856
1.7201 -0.4383138688239791 -0.7517848910586467
1.72292 -0.4388469694379812 -0.7496538779196228
1.72574 -0.43936769441998696 -0.7475168065567278
1.72856 -0.4398760743879049 -0.745373728829187
1.73139 -0.44037214001787744 -0.7432246967419791
1.73421 -0.44085592204452706 -0.7410697624445748
1.73703 -0.4413274512611934 -0.7389089782296698
1.73985 -0.4417867585201611 -0.7367423965319175
1.74268 -0.4422338747328796 -0.734570069926656
1.7455 -0.4426688308701757 -0.7323920511286316
1.74832 -0.44309165796245537 -0.7302083929907204
1.75114 -0.44350238709989936 -0.7280191485026454
1.75397 -0.44390104943264985 -0.7258243707896908
1.75679 -0.44428767617098897 -0.723624113111413
1.75961 -0.44466229858550915 -0.7214184288603475
1.76243 -0.44502494800727627 -0.7192073715607139
1.76526 -0.44537565582798416 -0.716990994867117
1.76808 -0.44571445350010136 -0.7147693525632441
1.7709 -0.44604137253701026 -0.7125424985605611
1.77372 -0.4463564445131397 -0.710310486897003
1.77655 -0.44665970106408737 -0.7080733717356636
1.77937 -0.446951173886737 -0.70583120736348
1.78219 -0.447230894739368 -0.7035840481899168
1.78501 -0.4474988954417557 -0.701331948745644
1.78784 -0.44775520787526674 -0.6990749636812155
1.79066 -0.44799986398294545 -0.6968131477657415
1.79348 -0.4482328957695939 -0.6945465558855604
1.7963 -0.448454335301845 -0.692275243042906
1.79913 -0.4486642147082273 -0.6899992643545735
1.80195 -0.4488625661792244 -0.6877186750505823
1.80477 -0.44904942196732633 -0.6854335304728346
1.80759 -0.4492248143870748 -0.6831438860737735
1.81042 -0.44938877581510067 -0.6808497974150368
1.81324 -0.4495413386901559 -0.6785513201661089
1.81606 -0.4496825355131375 -0.6762485101029699
1.81888 -0.4498123988471065 -0.6739414231067424
1.82171 -0.44993096131729854 -0.6716301151623347
1.82453 -0.4500382556111292 -0.6693146423570829
1.82735 -0.4501343144781926 -0.66699506087939
1.83017 -0.4502191707302532 -0.6646714270173609
1.833 -0.4502928572412322 -0.6623437971574396
1.83582 -0.4503554069471864 -0.6600122277830371
1.83864 -0.45040685284628185 -0.6576767754731638
1.84146 -0.45044722799876113 -0.6553374969010544
1.84429 -0.450476565526904 -0.6529944488327943
1.84711 -0.45049489861498276 -0.6506476881259409
1.84993 -0.4505022605092112 -0.6482972717281449
1.85275 -0.45049868451768765 -0.645943256675767
1.85558 -0.45048420401033196 -0.6435857000924953
1.8584 -0.45045885241881706 -0.6412246591879578
1.86122 -0.4504226632364946 -0.6388601912563352
1.86404 -0.4503756700183143 -0.6364923536749703
1.86686 -0.45031790638073876 -0.6341212039029751
1.86969 -0.4502494060016516 -0.6317467994798367
1.87251 -0.4501702026202603 -0.6293691980240217
1.87533 -0.4500803300369938 -0.6269884572315771
1.87815 -0.4499798221133945 -0.6246046348747304
1.88098 -0.44986871277200446 -0.6222177888004886
1.8838 -0.4497470359962469 -0.619827976929233
1.88662 -0.44961482583030155 -0.6174352572533147
1.88944 -0.4494721163789756 -0.615039687835647
1.89227 -0.4493189418075685 -0.612641326808296
1.89509 -0.44915533634173244 -0.6102402323710714
1.89791 -0.4489813342673271 -0.6078364627901122
1.90073 -0.4487969699302692 -0.605430076396474
1.90356 -0.4486022777363777 -0.6030211315847136
1.90638 -0.4483972921512134 -0.6006096868114711
1.9092 -0.4481820476999136 -0.5981958005940524
1.91202 -0.4479565789670223 -0.5957795315090084
1.91485 -0.4477209205963145 -0.5933609381907142
1.91767 -0.44747510729061746 -0.5909400793299451
1.92049 -0.44721917381162507 -0.5885170136724539
1.92331 -0.44695315497970883 -0.5860918000175442
1.92614 -0.44667708567372433 -0.5836644972166447
1.92896 -0.44639100083081157 -0.5812351641718791
1.93178 -0.44609493544619216 -0.5788038598346391
1.9346 -0.4457889245729617 -0.5763706432041523
1.93743 -0.4454730033218764 -0.5739355733260508
1.94025 -0.4451472068611375 -0.5714987092909388
1.94307 -0.4448115704161683 -0.5690601102329584
1.94589 -0.4444661292693896 -0.5666198353283545
1.94872 -0.44411091875998904 -0.5641779437940388
1.95154 -0.4437459742836865 -0.5617344948861533
1.95436 -0.4433713312924956 -0.5592895478986314
1.95718 -0.44298702529448053 -0.5568431621617603
1.96001 -0.4425930918535086 -0.5543953970407405
1.96283 -0.4421895665889988 -0.5519463119342446
1.96565 -0.4417764851756668 -0.5494959662729775
1.96847 -0.44135388334326475 -0.5470444195182327
1.9713 -0.4409217968763173 -0.5445917311604507
1.97412 -0.4404802616138545 -0.542137960717774
1.97694 -0.4400293134491398 -0.5396831677346039
1.97976 -0.43956898832939423 -0.5372274117801551
1.98259 -0.43909932225551684 -0.5347707524470101
1.98541 -0.43862035128180127 -0.5323132493496734
1.98823 -0.43813211151564846 -0.5298549621231249
1.99105 -0.4376346391172754 -0.527395950421372
1.99388 -0.4371279702994204 -0.5249362739160028
1.9967 -0.43661214132704446 -0.5224759922947385
1.99952 -0.4360871885170286 -0.5200151652599829
2.00234 -0.4355531482378684 -0.5175538525273765
2.00517 -0.4350100569093642 -0.5150921138243458
2.00799 -0.43445795100230733 -0.5126300088886528
2.01081 -0.4338968670381644 -0.5101675974669487
2.01363 -0.433326841588756 -0.5077049393133201
2.01645 -0.4327479112759336 -0.5052420941878417
2.01928 -0.43216011277125205 -0.5027791218551263
2.0221 -0.4315634827956387 -0.5003160820828718
2.02492 -0.43095805811905974 -0.4978530346404144
2.02774 -0.43034387556018233 -0.49539003929727476
2.03057 -0.4297209719860345 -0.4929271558217101
2.03339 -0.42908938431166027 -0.4904644439792638
2.03621 -0.42844914949977286 -0.48800196353131253
2.03903 -0.42780030456040447 -0.4855397742336194
2.04186 -0.4271428865505514 -0.4830779358348811
2.04468 -0.4264769325738185 -0.48061650807528067
2.0475 -0.42580247978005825 -0.4781555506850348
2.05032 -0.4251195653650078 -0.47569512338294695
2.05315 -0.4244282265699232 -0.4732352858749571
2.05597 -0.42372850068120904 -0.4707760978526926
2.05879 -0.42302042503004766 -0.46831761899202085
2.06161 -0.42230403699202246 -0.4658599089515989
2.06444 -0.4215793739867409 -0.4634030273714287
2.06726 -0.42084647347745263 -0.46094703387140834
2.07008 -0.42010537297066536 -0.4584919880498841
2.0729 -0.41935611001575884 -0.4560379494822069
2.07573 -0.418598722204594 -0.4535849777192832
2.07855 -0.41783324717112125 -0.45113313228613405
2.08137 -0.4170597225909852 -0.44868247268044736
2.08419 -0.416278186181126 -0.4462330583711349
2.08702 -0.415488675699379 -0.44378494879689023
2.08984 -0.4146912289440713 -0.4413382033647444
2.09266 -0.4138858837536155 -0.4388928814486268
2.09548 -0.41307267800610137 -0.4364490423879229
2.09831 -0.4122516496188837 -0.43400674548603313
2.10113 -0.4114228365481692 -0.43156605000893666
2.10395 -0.4105862767885998 -0.42912701518375174
2.10677 -0.4097420083728332 -0.4266897001972968
2.1096 -0.4088900693711222 -0.42425416419465756
2.11242 -0.40803049789088985 -0.4218204662777486
2.11524 -0.407163332076304 -0.419388665503882
2.11806 -0.4062886101078481 -0.4169588208843322
2.12089 -0.4054063702018895 -0.41453099138290406
2.12371 -0.4045166506102471 -0.41210523591450376
2.12653 -0.4036194896197542 -0.4096816133437069
2.12935 -0.4027149255518212 -0.40726018248333173
2.13218 -0.4018029967619953 -0.40484100209301155
2.135 -0.40088374163951684 -0.4024241308777675
2.13782 -0.3999571986068753 -0.4000096274865872
2.14064 -0.3990234061193616 -0.397597550510997
2.14347 -0.3980824026646196 -0.3951879584836451
2.14629 -0.3971342267621934 -0.3927809098768762
2.14911 -0.3961789169630752 -0.3903764631013176
2.15193 -0.39521651184924883 -0.38797467650445805
2.15476 -0.3942470500332317 -0.3855756083692323
2.15758 -0.3932705701576161 -0.3831793169126094
2.1604 -0.3922871108946062 -0.3807858602841765
2.16322 -0.3912967109455555 -0.37839529656473037
2.16604 -0.3902994090405001 -0.37600768376486715
2.16887 -0.389295243937691 -0.37362307982357335
2.17169 -0.3882842544231256 -0.37124154260682274
2.17451 -0.3872664793100744 -0.36886312990616865
2.17733 -0.38624195743860934 -0.3664878994373446
2.18016 -0.38521072767512743 -0.36411590883886236
2.18298 -0.38417282891187393 -0.36174721567061274
2.1858 -0.3831283000664639 -0.3593818774124705
2.18862 -0.3820771800814006 -0.35701995146289733
2.19145 -0.38101950792359424 -0.35466149513755085
2.19427 -0.3799553225838771 -0.35230656566789376
2.19709 -0.3788846630765175 -0.34995522019980263
2.19991 -0.37780756843873325 -0.3476075157921845
2.20274 -0.37672407773020117 -0.34526350941558914
2.20556 -0.3756342300325675 -0.34292325795083
2.20838 -0.37453806444895427 -0.34058681818760006
2.2112 -0.37343562010346626 -0.3382542468230968
2.21403 -0.3723269361406952 -0.33592560046064524
2.21685 -0.37121205172522154 -0.3336009356083234
2.21967 -0.3700910060411178 -0.3312803086775934
2.22249 -0.36896383829144624 -0.32896377598192983
2.22532 -0.3678305876977588 -0.3266513937354554
2.22814 -0.3666912934995935 -0.3243432180515764
2.23096 -0.3655459949539691 -0.32203930494161914
2.23378 -0.36439473133488076 -0.3197397103134736
2.23661 -0.3632375419327912 -0.3174444899702342
2.23943 -0.3620744660541226 -0.31515369960884776
2.24225 -0.36090554302074707 -0.3128673948187608
2.24507 -0.35973081216947395 -0.31058563108057025
2.2479 -0.35855031285153877 -0.30830846376467835
2.25072 -0.3573640844320876 -0.3060359481299473
2.25354 -0.3561721662896633 -0.30376813932236035
2.25636 -0.3549745978156884 -0.3015050923736826
2.25919 -0.35377141841394694 -0.2992468622001241
2.26201 -0.35256266750006676 -0.2969935036010104
2.26483 -0.3513483845009984 -0.29474507125744986
2.26765 -0.35012860885449465 -0.29250161973100886
2.27048 -0.3489033800085876 -0.29026320346238554
2.2733 -0.3476727374210657 -0.28802987677009084
2.27612 -0.34643672055894936 -0.28580169384913034
2.27894 -0.34519536889796415 -0.2835787087696866
2.28177 -0.34394872192201625 -0.28136097547580996
2.28459 -0.3426968191226625 -0.27914854778410725
2.28741 -0.34143969999858326 -0.27694147938243874
2.29023 -0.3401774040550527 -0.27473982382861206
2.29306 -0.3389099708034068 -0.27254363454908437
2.29588 -0.3376374397605137 -0.2703529648376659
2.2987 -0.33635985044823946 -0.2681678678542253
2.30152 -0.33507724239291575 -0.26598839662340223
2.30435 -0.33378965512480524 -0.26381460403331813
2.30717 -0.33249712817756605 -0.261646542834293
2.30999 -0.3311997010877165 -0.2594842656375681
2.31281 -0.3298974133940973 -0.25732782491402517
2.31563 -0.3285903046373349 -0.2551772729929167
2.31846 -0.3272784143593026 -0.2530326620605938
2.32128 -0.32596178210258075 -0.25089404415924044
2.3241 -0.32464044740991804 -0.2487614711856121
2.32692 -0.3233144498236894 -0.24663499488977314
2.32975 -0.32198382888535604 -0.24451466687384438
2.33257 -0.3206486241349225 -0.24240053859074928
2.33539 -0.3193088751103934 -0.24029266134296468
2.33821 -0.3179646213472317 -0.23819108628127794
2.34104 -0.31661590237781245 -0.23609586440354313
2.34386 -0.31526275773088036 -0.23400704655344584
2.34668 -0.3139052269310026 -0.23192468341926786
2.3495 -0.3125433494980243 -0.22984882553265806
2.35233 -0.3111771649465219 -0.2277795232674058
2.35515 -0.3098067127852551 -0.2257168268382178
2.35797 -0.3084320325166213 -0.22366078629950126
2.36079 -0.30705316363610563 -0.2216114515441473
2.36362 -0.3056701456317342 -0.21956887230232214
2.36644 -0.3042830179835244 -0.21753309814025856
2.36926 -0.3028918201629349 -0.21550417845905434
2.37208 -0.30149659163231773 -0.21348216249347352
2.37491 -0.30009737184436547 -0.21146709931075003
2.37773 -0.29869420024156307 -0.209459037809399
2.38055 -0.297287116255636 -0.2074580267180297
2.38337 -0.2958761593069977 -0.20546411459416103
2.3862 -0.29446136880420004 -0.20347734982304688
2.38902 -0.2930427841433796 -0.20149778061649815
2.39184 -0.2916204447077063 -0.19952545501171604
2.39466 -0.2901943898668309 -0.1975604208701245
2.39749 -0.2887646589763307 -0.19560272587620853
2.40031 -0.2873312913771588 -0.19365241753635876
2.40313 -0.2858943263950882 -0.19170954317771727
2.40595 -0.2844538033401606 -0.18977414994702935
2.40878 -0.28300976150613055 -0.1878462848094995
2.4116 -0.28156224016991316 -0.18592599454765169
2.41442 -0.2801112785910292 -0.18401332576019558
2.41724 -0.27865691601105047 -0.18210832486089246
2.42007 -0.2771991916530465 -0.180211038077432
2.42289 -0.27573814472102887 -0.1783215114503085
2.42571 -0.27427381439939746 -0.1764397908317058
2.42853 -0.2728062398523857 -0.17456592188438247
2.43136 -0.27133546022350497 -0.17269995008056394
2.43418 -0.26986151463499125 -0.17084192070084125
2.437 -0.26838444218724844 -0.16899187883306888
2.43982 -0.2669042819582954 -0.16714986937127396
2.44265 -0.26542107300321055 -0.1653159370145647
2.44547 -0.26393485435357555 -0.16349012626604553
2.44829 -0.26244566501692324 -0.16167248143173962
2.45111 -0.26095354397618015 -0.15986304661951034
2.45394 -0.259458530189114 -0.15806186573799397
2.45676 -0.2579606625877786 -0.1562689824955319
2.45958 -0.25645998007795784 -0.1544844403991109
2.4624 -0.2549565215386139 -0.1527082827533086
2.46522 -0.253450325821331 -0.1509405526592401
2.46805 -0.2519414317497621 -0.14918129301351368
2.47087 -0.2504298781190756 -0.14743054650719034
2.47369 -0.24891570369540017 -0.1456883556247459
2.47651 -0.24739894721527286 -0.1439547626430422
2.47934 -0.24587964738508447 -0.1422298096302994
2.48216 -0.2443578428805276 -0.1405135384450763
2.48498 -0.24283357234604253 -0.13880599073525413
2.4878 -0.2413068743942661 -0.13710720793702613
2.49063 -0.23977778760547885 -0.13541723127389194
2.49345 -0.238246350527052 -0.13373610175565642
2.49627 -0.2367126016728979 -0.13206386017743665
2.49909 -0.2351765795229163 -0.130400547118669
2.50192 -0.2336383225224453 -0.12874620294212724
2.50474 -0.23209786908171004 -0.12710086779294127
2.50756 -0.23055525757527132 -0.12546458159762341
2.51038 -0.22901052634147764 -0.12383738406310019
2.51321 -0.22746371368191393 -0.12221931467574731
2.51603 -0.22591485786085358 -0.12061041270043305
2.51885 -0.2243639971047098 -0.1190107171795649
2.52167 -0.2228111696014859 -0.11742026693214136
2.5245 -0.22125641350022995 -0.1158391005528111
2.52732 -0.21969976691048498 -0.11426725641093527
2.53014 -0.21814126790174426 -0.11270477264965773
2.53296 -0.21658095450290407 -0.11115168718497859
2.53579 -0.2150188647017173 -0.10960803770483363
2.53861 -0.21345503644424998 -0.10807386166818134
2.54143 -0.21188950763433434 -0.1065491963040921
2.54425 -0.21032231613302724 -0.10503407861084635
2.54708 -0.20875349975806387 -0.1035285453550353
2.5499 -0.20718309628331724 -0.10203263307067012
2.55272 -0.20561114343825465 -0.1005463780582947
2.55554 -0.20403767890739535 -0.0990698163841045
2.55837 -0.20246274032977132 -0.09760298387907196
2.56119 -0.20088636529838458 -0.0961459161380761
2.56401 -0.19930859135966933 -0.0946986485190402
2.56683 -0.19772945601295208 -0.09326121614207272
2.56966 -0.19614899670991248 -0.09183365388861475
2.57248 -0.19456725085404739 -0.09041599640059506
2.5753 -0.19298425580013173 -0.08900827807958711
2.57812 -0.19140004885368428 -0.08761053308597755
2.58095 -0.18981466727043114 -0.08622279533813382
2.58377 -0.18822814825577047 -0.08484509851158273
2.58659 -0.1866405289642401 -0.08347747603819411
2.58941 -0.18505184649898235 -0.08211996110536757
2.59224 -0.18346213791121366 -0.08077258665522902
2.59506 -0.18187144019969198 -0.07943538538382988
2.59788 -0.1802797903101853 -0.07810838974035361
2.6007 -0.17868722513494378 -0.07679163192633065
2.60352 -0.1770937815121685 -0.07548514389485361
2.60635 -0.17549949622548514 -0.07418895734980402
2.60917 -0.1739044060034158 -0.07290310374508269
2.61199 -0.17230854751885205 -0.0716276142838459
2.61481 -0.17071195738853118 -0.07036251991774889
2.61764 -0.1691146721725095 -0.06910785134619402
2.62046 -0.16751672837364084 -0.06786363901558645
2.62328 -0.16591816243705224 -0.06662991311859445
2.6261 -0.164319010749623 -0.06540670359341849
2.62893 -0.1627193096394641 -0.06419404012306262
2.63175 -0.16111909537539784 -0.06299195213461539
2.63457 -0.15951840416643967 -0.061800468798535846
2.63739 -0.15791727216127993 -0.06061961902794466
2.64022 -0.156315735447768 -0.0594494314779237
2.64304 -0.1547138300523956 -0.05828993454482001
2.64586 -0.1531115919397828 -0.05714115636555661
2.64868 -0.1515090570121646 -0.05600312481695058
2.65151 -0.14990626110887753 -0.05487586751503504
2.65433 -0.1483032400058496 -0.05375941181439092
2.65715 -0.1467000294150893 -0.05265378480748173
2.65997 -0.14509666498417584 -0.05155901332399604
2.6628 -0.14349318229575259 -0.05047512393019826
2.66562 -0.14188961686701843 -0.049402142928281156
2.66844 -0.14028600414922354 -0.04834009635573011
2.67126 -0.13868237952716422 -0.0472890099846901
2.67409 -0.13707877831867865 -0.04624890932133996
2.67691 -0.13547523577414639 -0.04521981960527466
2.67973 -0.1338717870759853 -0.04420176580889135
2.68255 -0.1322684673381539 -0.04319477263678473
2.68538 -0.13066531160565042 -0.04219886452514654
2.6882 -0.1290623548540177 -0.04121406564117347
2.69102 -0.12745963198884586 -0.04024039988247963
2.69384 -0.12585717784527678 -0.039277890876517674
2.69667 -0.12425502718751248 -0.038326561980004836
2.69949 -0.12265321470832052 -0.03738643627835614
2.70231 -0.12105177502854492 -0.03645753658512474
2.70513 -0.11945074269661564 -0.035539885441447816
2.70796 -0.1178501521880593 -0.03463350511549945
2.71078 -0.11625003790501412 -0.033738417601950954
2.7136 -0.11465043417574189 -0.03285464462143617
2.71642 -0.11305137525414555 -0.03198220762002535
2.71925 -0.11145289531928534 -0.03112112776870435
2.72207 -0.10985502847489631 -0.030271425962860254
2.72489 -0.10825780874890993 -0.02943312282177568
2.72771 -0.1066612700929731 -0.02860623868812673
2.73054 -0.10506544638197253 -0.02779079362749104
2.73336 -0.1034703714135579 -0.02698680742785997
2.73618 -0.10187607890766631 -0.026194299599157977
2.739 -0.10028260250605116 -0.02541328937277032
2.74183 -0.0986899757718081 -0.024643795701075444
2.74465 -0.0970982321889067 -0.023885837256985232
2.74747 -0.09550740516172081 -0.023139432433492924
2.75029 -0.09391752801456038 -0.022404599343224696
2.75311 -0.09232863399120753 -0.021681355818002457
2.75594 -0.09074075625445013 -0.020969719408409304
2.75876 -0.08915392788562103 -0.020269707383364755
2.76158 -0.08756818188413455 -0.019581336729704746
2.7644 -0.0859835511670288 -0.018904624151770744
2.76723 -0.08440006856850639 -0.018239586071002956
2.77005 -0.08281776683947713 -0.017586238625542983
2.77287 -0.08123667864710464 -0.016944597669841466
2.77569 -0.07965683657435121 -0.016314678774273395
2.77852 -0.07807827311952656 -0.015696497224760853
2.78134 -0.07650102069583792 -0.01509006802240176
2.78416 -0.07492511163093973 -0.01449540588310505
2.78698 -0.07335057816648861 -0.013912525237235518
2.78981 -0.07177745245769612 -0.013341440229261314
2.79263 -0.07020576657288556 -0.01278216471741267
2.79545 -0.06863555249305012 -0.01223471227334405
2.79827 -0.06706684211141142 -0.011699096181806201
2.8011 -0.06549966723298123 -0.011175329440322512
2.80392 -0.06393405957412385 -0.010663424758874829
2.80674 -0.06237005076212119 -0.010163394559593808
2.80956 -0.06080767233473804 -0.009675250976458605
2.81239 -0.05924695573979027 -0.009199005855001552
2.81521 -0.05768793233471499 -0.008734670752021056
2.81803 -0.05613063338614024 -0.00828225693530138
2.82085 -0.05457509006946009 -0.007841775383338856
2.82368 -0.05302133346840717 -0.007413236785075439
2.8265 -0.05146939457463103 -0.006996651539639909
2.82932 -0.04991930428727559 -0.006592029756094742
2.83214 -0.04837109341255832 -0.006199381253191305
2.83497 -0.04682479266335391 -0.005818715559131382
2.83779 -0.04528043265877568 -0.005450041911335912
2.84061 -0.04373804392376284 -0.005093369256221392
2.84343 -0.042197656888666814 -0.004748706248981827
2.84626 -0.0406593018888394 -0.004416061253379344
2.84908 -0.03912300916422546 -0.004095442341541244
2.8519 -0.03758880885895341 -0.0037868572937638234
2.85472 -0.03605673102093151 -0.0034903135983235245
2.85755 -0.034526805601443396 -0.003205818451295861
2.86037 -0.0329990624547454 -0.0029333787563798897
2.86319 -0.03147353133766851 -0.0026730011247315666
2.86601 -0.029950241909218033 -0.0024246918748023205
2.86884 -0.028429223730179316 -0.0021884570321870633
2.87166 -0.026910506262722556 -0.0019643023294763085
2.87448 -0.025394118870009582 -0.001752233206118614
2.8773 -0.023880090815805163 -0.0015522548082876897
2.88013 -0.022368451264086247 -0.0013643719887577177
2.88295 -0.020859229278657174 -0.00118858930678567
2.88577 -0.019352453822764036 -0.001024911028000619
2.88859 -0.017848153758711054 -0.0008733411243002642
2.89142 -0.016346357847481584 -0.0007338832737544543
2.89424 -0.014847094748356991 -0.0006065408605160361
2.89706 -0.013350393018541858 -0.0004913169747386981
2.89988 -0.011856281112786797 -0.00038821441250203037
2.9027 -0.010364787383017307 -0.00029723567574335696
2.90553 -0.008875940077961905 -0.00021838297219756164
2.90835 -0.00738976734278228 -0.00015165821534335322
2.91117 -0.005906297218708095 -0.00009706302435619207
2.91399 -0.004425557642669795 -0.00005459872407009847
2.91682 -0.0029475764469374466 -0.00002426634494456792
2.91964 -0.0014723813587589041 -6.066623040035246e-6
2.92246 -3.656747728752803e-17 0.
