#1001 0.1 1.82246
0.1 4.799997599999998e15 3.999996e12
0.101722 3.7792438341458585e15 3.258795836664906e12
0.103445 2.9875307040940095e15 2.6640921069630205e12
0.105167 2.370859531228959e15 2.1851761098165793e12
0.10689 1.888558619673825e15 1.7981330364272427e12
0.108612 1.50985124124312e15 1.4842623142600706e12
0.110335 1.2113431924144348e15 1.2288825327833828e12
0.112057 9.751742254070376e14 1.0204232307608811e12
0.11378 7.876512717840169e14 8.497316651608264e11
0.115502 6.382330942344644e14 7.095414293525789e11
0.117225 5.187725387693506e14 5.940634593361234e11
0.118947 4.229485118457275e14 4.98669985153241e11
0.12067 3.458383382268626e14 4.1964936141818933e11
0.122392 2.835944553081882e14 3.5401516781059485e11
0.124114 2.3319899230844066e14 2.9935702522971265e11
0.125837 1.922767347865081e14 2.5372359950635324e11
0.127559 1.5895203681378866e14 2.1553053264025317e11
0.129282 1.3173894544880147e14 1.8348774840457224e11
0.131004 1.0945652201845925e14 1.5654186883653818e11
0.132727 9.116335137841005e13 1.3383045637758028e11
0.134449 7.610671698175389e13 1.1464554125106006e11
0.136172 6.368302545259831e13 9.840446285529433e10
0.137894 5.3406890218765875e13 8.462649047883151e10
0.139617 4.488690287492251e13 7.29140246009371e10
0.141339 3.78065868143638e13 6.293743947302486e10
0.143062 3.1909379496447805e13 5.442282867992005e10
0.144784 2.698675636624373e13 4.714207161549716e10
0.146506 2.2868812235592215e13 4.090476062811363e10
0.148229 1.9416770683822957e13 3.5551623869555954e10
0.149951 1.6517010512993098e13 3.0949153623142864e10
0.151674 1.4076289290491682e13 2.6985208689924828e10
0.153396 1.201791412381066e13 2.356540580740557e10
0.155119 1.0278663997594215e13 2.0610151782935883e10
0.156841 8.806310005022756e12 1.805219714577503e10
0.158564 7.5576124587809795e12 1.5834615286845018e10
0.160286 6.49669932469781e12 1.3909129529716618e10
0.162009 5.593750324636328e12 1.2234725347523872e10
0.163731 4.823926658702287e12 1.0776496779976688e10
0.165454 4.1664985619994507e12 9.504685617333836e9
0.167176 3.6041325774139653e12 8.393879579532887e9
0.168898 3.1223080634354336e12 7.42234190330289e9
0.170621 2.708838505705341e12 6.571449753990381e9
0.172343 2.353478004681997e12 5.825222936444863e9
0.174066 2.0475971352952742e12 5.169927676755604e9
0.175788 1.7839154249038013e12 4.593742932046368e9
0.177511 1.5562801351600986e12 4.0864788770887265e9
0.179233 1.359482988375678e12 3.63933900867545e9
0.180956 1.1891080492778962e12 3.244718777226855e9
0.182678 1.0414052370912677e12 2.8960348608006287e9
0.184401 9.131849625493624e11 2.587580188491321e9
0.186123 8.017302087043575e11 2.3144006376245933e9
0.187846 7.0472304206007e11 2.0721900040893843e9
0.189568 6.201830824473442e11 1.8572004034576728e9
0.19129 5.464159007431475e11 1.6661657231963966e9
0.193013 4.819696726012531e11 1.4962361303388517e9
0.194735 4.2559870948243414e11 1.3449219583522482e9
0.196458 3.762327280023293e11 1.2100455629605136e9
0.19818 3.329509150379281e11 1.0896999586349938e9
0.199903 2.949600072608601e11 9.82213232952358e8
0.201625 2.6157573633677615e11 8.86117891278402e8
0.203348 2.3220710022684134e11 8.001244143985592e8
0.20507 2.063430111236545e11 7.230984210059083e8
0.206793 1.8354094501501385e11 6.540409188619037e8
0.208515 1.634172795089939e11 5.92071205844371e8
0.210238 1.4563905766267554e11 5.364120473764853e8
0.21196 1.2991695800105276e11 4.8637681186688346e8
0.213682 1.1599928621592558e11 4.413582924262858e8
0.215405 1.0366683344344481e11 4.0081898262604016e8
0.217127 9.272847055446764e10 3.642826075661457e8
0.21885 8.301736839191568e10 3.313267399736994e8
0.220572 7.4387751042626e10 3.015763552501498e8
0.222295 6.671210360471196e10 2.746981999907559e8
0.224017 5.9878767972675476e10 2.5039586606793576e8
0.22574 5.378987029749458e10 2.2840547736836663e8
0.227462 4.835953230692849e10 2.0849190909360486e8
0.229185 4.351232585678159e10 1.9044547050534835e8
0.230907 3.918193614622855e10 1.7407899139722878e8
0.23263 3.531000415175209e10 1.5922526063951826e8
0.234352 3.1845123166369663e10 1.457347720693894e8
0.236075 2.8741967999927788e10 1.3347373895491642e8
0.237797 2.5960538507659588e10 1.2232234338764527e8
0.239519 2.346550175594813e10 1.1217319137663522e8
0.241242 2.1225619379917294e10 1.0292994822845136e8
0.242964 1.921324859874639e10 9.450613208953749e7
0.244687 1.7403906983179947e10 8.682404637356675e7
0.246409 1.5775892458998898e10 7.981383425970842e7
0.248132 1.4309951216745777e10 7.341264058198817e7
0.249854 1.2988987212487864e10 6.756386828089318e7
0.251577 1.1797807812761744e10 6.2216518195308864e7
0.253299 1.0722900880935266e10 5.7324602369319975e7
0.255022 9.752239240517876e9 5.284662226314522e7
0.256744 8.875108999071356e9 4.8745104315145575e7
0.258467 8.081958687555812e9 4.498618622365286e7
0.260189 7.364266575404282e9 4.153924812150597e7
0.261911 6.714423870882623e9 3.837658351833713e7
0.263634 6.125631817445014e9 3.5473105499300696e7
0.265356 5.59181095672904e9 3.280608420573781e7
0.267079 5.1075210534060135e9 3.0354912093250066e7
0.268801 4.667890371312747e9 2.8100893874505196e7
0.270524 4.268553158402953e9 2.6027058415308286e7
0.272246 3.905594343716871e9 2.4117990169555087e7
0.273969 3.5755005758890886e9 2.235967801724988e7
0.275691 3.275116842367839e9 2.0739379614715908e7
0.277414 3.0016080037877555e9 1.924549958167675e7
0.279136 2.752424660784479e9 1.7867480039728872e7
0.280859 2.525272842646086e9 1.6595702184058044e7
0.282581 2.318087070010651e9 1.5421397717859894e7
0.284303 2.1290063985856955e9 1.4336569109237824e7
0.286026 1.9563530986553662e9 1.3333917745480865e7
0.287748 1.7986136668788335e9 1.2406779161419705e7
0.289471 1.6544219033653398e9 1.1549064608632589e7
0.291193 1.5225438189252899e9 1.0755208312031636e7
0.292916 1.4018641653375154e9 1.0020119831038922e7
0.294638 1.2913744059545999e9 9.33914100524096e6
0.296361 1.190161965435812e9 8.708007020030523e6
0.298083 1.0974006162369363e9 8.122811177143076e6
0.299806 1.0123418760320847e9 7.579972998890383e6
0.301528 9.343073047853748e8 7.076209333934045e6
0.303251 8.626816029816346e8 6.6085081671803035e6
0.304973 7.969064237849985e8 6.174104867315582e6
0.306695 7.36474821812555e8 5.770460633068926e6
0.308418 6.809262699536452e8 5.3952429238708615e6
0.31014 6.298421833783703e8 5.046307682511077e6
0.311863 5.828418966879898e8 4.721683176982818e6
0.313585 5.39579046174936e8 4.419555306197518e6
0.315308 4.997383144777892e8 4.1382542298962623e6
0.31703 4.630324996205762e8 3.8762421970767146e6
0.318753 4.2919987458998954e8 3.6321024597793543e6
0.320475 3.9800180729286414e8 3.4045291702944753e6
0.322198 3.692206140060457e8 3.1923181699049133e6
0.32392 3.4265762233110154e8 2.994358586294508e6
0.325643 3.181314222405546e8 2.8096251648411993e6
0.327365 2.9547628608863854e8 2.637171266275649e6
0.329087 2.745407404914608e8 2.4761224697098527e6
0.33081 2.5518627478834206e8 2.32567072590345e6
0.332532 2.372861724039359e8 2.185069010908798e6
0.334255 2.20724452862306e8 2.0536264349804642e6
0.335977 2.0539491347954753e8 1.9307037659070473e6
0.3377 1.9120026089852774e8 1.815709329771305e6
0.339422 1.780513236434749e8 1.7080952556130313e6
0.341145 1.658663377773398e8 1.607354033597198e6
0.342867 1.5457029855317608e8 1.5130153591117836e6
0.34459 1.4409437167311218e8 1.4246432377676247e6
0.346312 1.3437535841426858e8 1.3418333285737247e6
0.348035 1.2535520945869254e8 1.2642105046409576e6
0.349757 1.1698058278146473e8 1.1914266126472913e6
0.351479 1.0920244141424894e8 1.1231584139985272e6
0.353202 1.0197568731650637e8 1.0591056921578248e6
0.354924 9.525882795865206e7 998989.5120112306
0.356647 8.901367255516295e7 942550.6183991745
0.358369 8.320505518518232e7 889547.9620884504
0.360092 7.780058230715677e7 839757.342497238
0.361814 7.27704024156989e7 792970.1574271892
0.363537 6.808699580612983e7 748992.2509115592
0.365259 6.37249826075368e7 707642.8510644046
0.366982 5.9660947421005026e7 668753.5905210886
0.368704 5.587327905798102e7 632167.6027014029
0.370427 5.234202401629902e7 597738.6877093586
0.372149 4.904875245990782e7 565330.5422140845
0.373871 4.597643558418786e7 534816.0481388993
0.375594 4.3109333353261895e7 506076.61542507616
0.377316 4.043289169002682e7 479001.5745372136
0.379039 3.793364828480563e7 453487.61474199645
0.380761 3.559914626545255e7 429438.2645247816
0.382484 3.3417855041286636e7 406763.41081192
0.384206 3.137909769610215e7 385378.853943607
0.385929 2.947298436238389e7 365205.8955948605
0.387651 2.7690351060332425e7 346170.9570730701
0.389374 2.6022703531917106e7 328205.2256315292
0.391096 2.4462165642391685e7 311244.3266311119
0.392819 2.300143195997553e7 295228.0195586033
0.394541 2.1633724159091767e7 280099.9160714237
0.396263 2.0352750924021374e7 265807.218386093
0.397986 1.9152671058385294e7 252300.47646286222
0.399708 1.8028059531789664e7 239533.36256271627
0.401431 1.6973876218508814e7 227462.46186626176
0.403153 1.5985437104473492e7 216047.0779479804
0.404876 1.5058387758272618e7 205249.05199454917
0.406598 1.4188678879557446e7 195032.59474333582
0.408321 1.3372543754321475e7 185364.13019735945
0.410043 1.2606477461165031e7 176212.15024658668
0.411766 1.1887217685982075e7 167547.07939303815
0.413488 1.1211727014643386e7 159341.14883924407
0.415211 1.0577176584310472e7 151568.27925663814
0.416933 9.980930984095449e6 144203.97160290898
0.418655 9.420534304975735e6 137225.20540556955
0.420378 8.893697247256946e6 130610.34397332571
0.4221 8.3982852015317e6 124339.04603767558
0.423823 7.932307226067672e6 118392.18336472692
0.425545 7.493905849938951e6 112751.7639118184
0.427268 7.0813476370439995e6 107400.86013540113
0.42899 6.693014451481615e6 102323.54208601282
0.430713 6.327395369626333e6 97504.81495322777
0.432435 5.983079188700773e6 92930.56074844179
0.434158 5.658747485717964e6 88587.48383636323
0.43588 5.353168184397623e6 84463.06004732716
0.437603 5.065189591076092e6 80545.48912215173
0.439325 4.79373486375872e6 76823.65025935952
0.441047 4.537796881329331e6 73287.0605512999
0.44277 4.29643348255952e6 69925.83611115527
0.444492 4.068763046969132e6 66730.65570708542
0.446215 3.8539603917987077e6 63692.726732956326
0.447937 3.6512529613822023e6 60803.753357301786
0.44966 3.459917287068307e6 58055.90670344987
0.451382 3.279275697547365e6 55441.79692418726
0.453105 3.1086932610094324e6 52954.44704400144
0.454827 2.9475749420003635e6 50587.26845088437
0.45655 2.795362957167345e6 48334.03792796917
0.458272 2.6515343153031333e6 46188.8761229487
0.459995 2.515598528217716e6 44146.22736033344
0.461717 2.387095479996531e6 42200.84070820409
0.463439 2.2655934431520416e6 40347.752217222216
0.465162 2.150687231048013e6 38582.268255336254
0.466884 2.0419964767791508e6 36899.94986687396
0.468607 1.9391640294288069e6 35296.598089598876
0.470329 1.8418544593089442e6 33768.240167832824
0.472052 1.7497526644150338e6 32311.116603955317
0.473774 1.6625625709076463e6 30921.668994498403
0.475497 1.5800059209666206e6 29596.52860067974
0.477219 1.5018211418563488e6 28332.505606593597
0.478942 1.4277622904954266e6 27126.579021410904
0.480664 1.3575980682433168e6 25975.88718485408
0.482387 1.2911109010042252e6 24877.718837921828
0.484109 1.2280960801060707e6 23829.504723361537
0.485831 1.1683609597428755e6 22828.809682730564
0.487554 1.1117242070744014e6 21873.32521907196
0.489276 1.0580151013589527e6 20960.86249626128
0.490999 1.0070728787563981e6 20089.34574797495
0.492721 958746.1196797146 19256.806070991574
0.494444 912892.1757966632 18461.375579181768
0.496166 869376.6339897778 17701.281896069453
0.497889 828072.8147741229 16974.842965277567
0.499611 788861.3028492247 16280.462159497174
0.501334 751629.5076256259 15616.623669862458
0.503056 716271.2517183304 14981.888158768434
0.504779 682686.3855401488 14374.888660249424
0.506501 650780.426258364 13794.326713042105
0.508224 620464.2194990878 13238.968712398695
0.509946 591653.622295731 12707.642467592348
0.511668 564269.2058820784 12199.233952877861
0.513391 538235.9770269032 11712.684240436092
0.515113 513483.1166966091 11246.986604546206
0.516836 489943.7349155002 10801.183786898757
0.518558 467554.640770469 10374.365413587739
0.520281 446256.12657852663 9965.665554903926
0.522003 425991.7653022153 9574.260419598922
0.523726 406708.2203597876 9199.36617580034
0.525448 388355.06703452446 8840.236891236837
0.527171 370884.62474104314 8496.162585879889
0.528893 354251.79945610085 8166.467390527443
0.530616 338413.93566766503 7850.507805247583
0.532338 323330.6772390012 7547.671051967416
0.53406 308963.83662454935 7257.373515836516
0.535783 295277.2719115955 6979.059270316365
0.537505 282236.77119643666 6712.198681249986
0.539228 269809.94383598637 6456.2870854479725
0.54095 257966.11814587173 6210.843539593596
0.542673 246676.24514406337 5975.409635517573
0.544395 235912.80796519006 5749.54837812716
0.546118 225649.73659501047 5532.843122492409
0.54784 215862.32759720666 5324.896566798483
0.549563 206527.16852578675 5125.329798064913
0.551285 197622.06673613007 4933.7813877141025
0.553008 189125.98232608972 4749.906534240833
0.55473 181018.96495573927 4573.376250394083
0.556452 173282.0943103655 4403.876592432029
0.558175 165897.42398627382 4241.1079291520555
0.559897 158847.9285929148 4084.7842485291435
0.56162 152117.45387790044 3934.632499920865
0.563342 145690.66969364078 3790.3919699132293
0.565065 139553.02563571543 3651.813689991732
0.566787 133690.7091937298 3518.659874325035
0.56851 128090.60626533123 3390.7033860454358
0.570232 122740.26389336171 3267.7272305017595
0.571955 117627.85509480213 3149.524074046124
0.573677 112742.14565828825 3035.8957869965216
0.5754 108072.46279457465 2926.6530094934196
0.577122 103608.6655314382 2821.6147390400324
0.578844 99341.11675115356 2720.6079385831035
0.580567 95260.6567749113 2623.46716405468
0.582289 91358.5784043706 2530.034210354896
0.584012 87626.6033359994 2440.157774812131
0.585734 84056.85986896369 2353.693137209837
0.587457 80641.86183212056 2270.5018555193237
0.589179 77374.48866014711 2190.451476524798
0.590902 74247.96655304862 2113.415260571332
0.592624 71255.85065722404 2039.2719197082934
0.594347 68392.00820996199 1967.9053685401611
0.596069 65650.60259270076 1899.2044871338176
0.597792 63026.078241637944 1833.062895366629
0.599514 60513.14636731302 1769.3787381325217
0.601236 58106.771437651645 1708.0544808546713
0.602959 55802.15838163496 1648.9967147827563
0.604681 53594.74047327849 1592.1159715807091
0.606404 51480.167857961125 1537.3265467369692
0.608126 49454.29668536677 1484.5463313541873
0.609849 47513.178815380285 1433.6966518987174
0.611571 45653.05206523548 1384.7021175123
0.613294 43870.33096804827 1337.4904745092927
0.615016 42161.598014596166 1291.9924677025658
0.616739 40523.59535182236 1248.1417082197308
0.618461 38953.21691307038 1205.874547489146
0.620184 37447.50095648485 1165.129957091697
0.621906 36003.622989361866 1125.8494141901867
0.623628 34618.889057497174 1087.976792263024
0.625351 33290.72937977329 1051.4582568830078
0.627073 32016.692309343773 1016.2421662953525
0.628796 30794.43860382921 982.2789765616609
0.630518 29621.735987929766 949.5211510485661
0.632241 28496.453992791707 917.9230740509402
0.633963 27416.559057345712 887.4409683503961
0.635686 26380.109877658328 858.0328165197741
0.637408 25385.252991119763 829.6582857939974
0.639131 24430.21858302209 802.2786563366994
0.640853 23513.31650377368 775.856752740618
0.642576 22632.932485645233 750.356878607881
0.644298 21787.52454855714 725.7447540640387
0.64602 20975.619584993467 701.9874560669662
0.647743 20195.810114673965 679.0533613786924
0.649465 19446.751200127743 656.9120920747773
0.651188 18727.15751479614 635.5344634720451
0.65291 18035.80055574834 614.8924343614044
0.654633 17371.505993524275 594.9590594380616
0.656355 16733.15115202356 575.7084438266915
0.658078 16119.66261174358 557.1156996042258
0.6598 15530.013930030107 539.1569042276116
0.661523 14963.22347234492 521.8090607784677
0.663245 14418.352348876282 505.05005994080153
0.664968 13894.502451122555 488.8586436320768
0.66669 13390.81458336463 473.21437021172767
0.668412 12906.46668421467 458.0975811949212
0.670135 12440.672133683744 443.4893694028246
0.671857 11992.678141452194 429.3715484839533
0.67358 11561.764212255417 415.7266237443005
0.675302 11147.240684512062 402.537764226939
0.677025 10748.447338526266 389.78877598459275
0.678747 10364.752070787492 377.4640764914064
0.68047 9995.549631073553 365.5486701426431
0.682192 9640.260419234035 354.0281247935003
0.683915 9298.329338694677 342.88854929054247
0.685637 8969.22470387582 332.11657195140145
0.68736 8652.437198864518 321.6993199505361
0.689082 8347.478884816755 311.62439957076805
0.690804 8053.882253696517 301.87987728223123
0.692527 7771.199326081442 292.4542616121443
0.694249 7499.00079088153 283.3364857705226
0.695972 7236.875184927063 274.5158909985697
0.697694 6984.428110486816 265.98221060801666
0.699417 6741.281488875973 257.72555468116525
0.701139 6507.072848406902 249.73639540275406
0.702862 6281.45464502431 242.00555299612935
0.704584 6064.093614050431 234.52418223743584
0.706307 5854.670151544899 227.28375952275877
0.708029 5652.877723859625 220.27607046429654
0.709752 5458.422304040024 213.49319799271905
0.711474 5271.021833791479 206.9275109439157
0.713196 5090.405709794216 200.5716531093288
0.714919 4916.314293209936 194.41853272998816
0.716641 4748.49844128155 188.46131241528568
0.718364 4586.719059981587 182.69339946836214
0.720086 4430.746676716643 177.10843660080738
0.721809 4280.3610321441765 171.70029302013072
0.723531 4135.35069020465 166.46305587422486
0.725254 3995.5126655157683 161.39102203772188
0.726976 3860.6520673177483 156.47869022583075
0.728699 3730.5817591980185 151.72075342187594
0.730421 3605.1220338615094 147.11209160537564
0.732144 3484.1003022483333 142.64776476806384
0.733866 3367.3507963347793 138.32300620583638
0.735588 3254.714284985427 134.1332160751122
0.737311 3146.0378022550826 130.0739552026126
0.739033 3041.174387568013 126.14093913804575
0.740756 2939.9828372296765 122.33003243963833
0.742478 2842.3274667521778 118.63724318289357
0.744201 2748.0778834997354 115.05871768337965
0.745923 2657.1087691837815 111.59073542474215
0.747646 2569.299671760037 108.22970418352412
0.749368 2484.5348063010247 104.97215534273536
0.751091 2402.7028644377942 101.8147393864588
0.752813 2323.6968319839784 98.754221568122
0.754536 2247.413814373386 95.78747774536349
0.756258 2173.754869559953 92.91149037474148
0.757981 2102.624848045269 90.12334465980928
0.759703 2033.9322397146725 87.42022484636418
0.761425 1967.589027177824 84.79941065893703
0.763148 1903.5105453239728 82.25827387284329
0.76487 1841.6153468155014 79.79427501635236
0.766593 1781.8250732563556 77.40496019776933
0.768315 1724.064331784114 75.08795805243537
0.770038 1668.260576846119 72.8409768048654
0.77176 1614.3439969311657 70.6618014414462
0.773483 1562.2474060388333 68.54829098930222
0.775205 1511.9061396784884 66.49837589712627
0.776928 1463.2579551996423 64.51005551394475
0.77865 1416.2429362643795 62.58139566195471
0.780373 1370.803401281254 60.71052629972962
0.782095 1326.8838156282766 58.89563927224657
0.783817 1284.4307075005286 57.13498614433321
0.78554 1243.392587225303 55.42687611426999
0.787262 1203.7198698949228 53.76967400442135
0.788985 1165.3648011740859 52.16179832589871
0.790707 1128.2813861450725 50.60171941437361
0.79243 1092.4253210603488 49.08795763428904
0.794152 1057.753927877893 47.61908164881625
0.795875 1024.226091460236 46.193706753022475
0.797597 991.8021993235075 44.810493267813214
0.79932 960.4440838278562 43.46814499231144
0.801042 930.1149667054628 42.165407712432895
0.802765 900.7794058270101 40.90106776350484
0.804487 872.4032441118143 39.67395064486433
0.806209 844.9535604910901 38.482919684452526
0.807932 818.398622837787 37.32687475150378
0.809654 792.7078427802664 36.2047510155034
0.811377 767.8517323207212 35.115517749659176
0.813099 743.8018621827507 34.05817717720538
0.814822 720.5308218157645 33.03176335892145
0.816544 698.0121809871024 32.03534112031223
0.818267 676.2204528957553 31.068005016961777
0.819989 655.1310587444589 30.128878336626116
0.821712 634.720293709667 29.21711213669088
0.823434 614.9652942515823 28.331884315672667
0.825157 595.8440067088613 27.47239871749483
0.826879 577.3351571250636 26.637884267317606
0.828601 559.4182222561698 25.827594137752055
0.830324 542.0734017106759 25.04080494433002
0.832046 525.2815911758769 24.276815969150544
0.833769 509.02435668590584 23.534948411660167
0.835491 493.28390988902964 22.814544665569358
0.837214 478.04308427350423 22.114967620943077
0.838936 463.28531231302685 21.43559999054275
0.840659 448.99460349447764 20.775843659530572
0.842381 435.15552319224287 20.135119057683013
0.844104 421.75317235490076 19.51286455329235
0.845826 408.77316797152 18.90853586796628
0.847549 396.20162428619113 18.32160551156686
0.849271 384.0251347307388 17.751562236558325
0.850993 372.2307545468185 17.19791051106082
0.852716 360.805984069827 16.66017000993537
0.854438 349.7387526481839 16.137875123249202
0.856161 339.01740317267183 15.630574481495987
0.857883 328.63067719156635 15.137830496970324
0.859606 318.56770058829716 14.659218920716063
0.861328 308.81796979935126 14.194328414492247
0.863051 299.3713385510579 13.7427601372203
0.864773 290.2180050947647 13.304127345396129
0.866496 281.3484999207778 12.878055006970357
0.868218 272.7536739322379 12.464179428219317
0.869941 264.4246870608789 12.062147893145012
0.871663 256.352997307368 11.671618314962636
0.873385 248.53035018961674 11.292258899247617
0.875108 240.94876858315118 10.923747818331798
0.87683 233.60054293826641 10.56577289655354
0.878553 226.47822185932054 10.218031305980087
0.880275 219.5746030321119 9.880229272235532
0.881998 212.88272448586554 9.552081790081349
0.88372 206.39585617688624 9.233312348408399
0.885443 200.10749188147065 8.923652664312952
0.887165 194.01134138616825 8.622842425940611
0.888888 188.10132296395955 8.330629043794072
0.89061 182.37155612537987 8.046767410210734
0.892333 176.816354634063 7.771019666728652
0.894055 171.43021977659083 7.503154979067643
0.895777 166.2078338769481 7.24294931946338
0.8975 161.14405404626729 6.99018525610188
0.899222 156.23390615891574 6.7446517494101235
0.900945 151.4725790463363 6.506143954968172
0.902667 146.85541890039667 6.274463032816119
0.90439 142.37792387832073 6.049415962937635
0.906112 138.0357389015981 5.830815366709415
0.907835 133.82465064156293 5.618479334113569
0.909557 129.74058268462136 5.41223125651751
0.91128 125.77959087038802 5.211899664832121
0.913002 121.93785879624777 5.017318072866579
0.914725 118.21169348212251 4.828324825704083
0.916447 114.59752118945993 4.64476295292934
0.918169 111.09188338869768 4.466480026544191
0.919892 107.69143286967815 4.293328023414256
0.921614 104.39292998970882 4.1251631920943455
0.923337 101.19323905416172 3.9618459238859884
0.925059 98.08932482471077 3.803240627985894
0.926782 95.07824915049152 3.649215610588496
0.928504 92.15716771765099 3.4996429578111963
0.930227 89.32332691292923 3.3543984223149854
0.931949 86.57406079708578 3.213361313497926
0.933672 83.90678818413811 3.0764143911430546
0.935394 81.31900982254103 2.9434437624063303
0.937117 78.80830567458007 2.814338782034638
0.938839 76.37233229039585 2.688991955707108
0.940561 74.00882027319152 2.5672988463969615
0.942284 71.7155718323108 2.449157983655005
0.944006 69.4904584209937 2.334470775718505
0.945729 67.33141845574474 2.2231414243532788
0.947451 65.23645511435991 2.115076842339536
0.949174 63.203634209772346 2.010186573515159
0.950896 61.231082136985584 1.9083827152934223
0.952619 59.31698389046117 1.809579843574241
0.954341 57.45958114943201 1.7136949399716332
0.956064 55.65717042870497 1.6206473212821493
0.957786 53.90810129260758 1.5303585711218135
0.959509 52.21077462982223 1.4427524736615487
0.961231 50.56364098693641 1.3577549493934091
0.962953 48.96519895861558 1.2752939928622489
0.964676 47.41399363238679 1.1952996122996913
0.966398 45.9086150860937 1.11770377109928
0.968121 44.44769693615648 1.0424403310739798
0.969843 43.02991493483835 0.9694449974388908
0.971566 41.65398561478938 0.8986552654642024
0.973288 40.318664979198246 0.830010368745068
0.975011 39.02274723594782 0.7634512290370452
0.976733 37.76506357422759 0.6989204076072557
0.978456 36.54448098211295 0.6363620580533
0.980178 35.359901103676165 0.5757218805433277
0.981901 34.21025913424736 0.5169470774324862
0.983623 33.094522752492175 0.4599863102121651
0.985345 32.011691088023575 0.4047896577501069
0.987068 30.96079372331106 0.3513085757807808
0.98879 29.940889728695105 0.2994958576066953
0.990513 28.95106672935951 0.24930559597272417
0.992235 27.99044000315353 0.20069314607668431
0.993958 27.058151608198195 0.15361508968068005
0.99568 26.153369539248168 0.10802920028879459
0.997403 25.275286911818238 0.06389440935801272
0.999125 24.42312117311875 0.02117077351004948
1.00085 23.596113338879817 -0.020180557286798795
1.00257 22.79352725517527 -0.06019737059602903
1.00429 22.014648884390954 -0.09891642148055535
1.00602 21.258785614511655 -0.13637346158776165
1.00774 20.52526559093074 -0.1726032673792286
1.00946 19.81343707001471 -0.2076396675314891
1.01118 19.12266779368259 -0.24151556953332953
1.0129 18.452344384286153 -0.2742629855043295
1.01463 17.80187175910224 -0.30591305725852624
1.01635 17.170672563773145 -0.33649608063632064
1.01807 16.558186624054244 -0.36604152912701693
1.01979 15.963870415250456 -0.3945780768036724
1.02152 15.387196548746322 -0.42213362059116477
1.02324 14.827653275052937 -0.4487353018878748
1.02496 14.284744002817781 -0.47440952756053845
1.02668 13.757986833261333 -0.499181990331373
1.02841 13.246914109523965 -0.5230776885758344
1.03013 12.751071980424031 -0.5461209455488807
1.03185 12.270019978146207 -0.5683354280569928
1.03357 11.80333060939525 -0.5897441645926902
1.0353 11.350588959567027 -0.6103695629477057
1.03702 10.911392309504004 -0.6302334273205386
1.03874 10.48534976441723 -0.649356974933553
1.04046 10.072081894572218 -0.6677608521743243
1.04219 9.671220387348521 -0.6854651502754989
1.04391 9.282407710297825 -0.7024894205469647
1.04563 8.905296784837379 -0.7188526891736942
1.04735 8.53955067022852 -0.734573471592209
1.04908 8.184842257501801 -0.7496697864582238
1.0508 7.8408539730021865 -0.7641591692176073
1.05252 7.507277491238621 -0.778058685292454
1.05424 7.183813456733438 -0.7913849428936675
1.05597 6.870171214577146 -0.8041541054711012
1.05769 6.566068549404502 -0.8163819038119966
1.05941 6.271231432517013 -0.8280836477980764
1.06113 5.985393776887269 -0.8392742378313531
1.06286 5.708297199788015 -0.8499681759384281
1.06458 5.439690792799248 -0.8601795765627029
1.0663 5.179330898953632 -0.8699221770536762
1.06802 4.926980896789595 -0.8792093478622052
1.06975 4.682410991088579 -0.8880541024503263
1.07147 4.445398010080839 -0.8964691069239918
1.07319 4.21572520891139 -0.9044666893967945
1.07491 3.9931820791645025 -0.9120588490925325
1.07664 3.7775641642522566 -0.9192572651942075
1.07836 3.5686728804787338 -0.926073305446828
1.08008 3.3663153435983966 -0.9325180345211601
1.0818 3.170304200692404 -0.9386022221453632
1.08353 2.9804574671932484 -0.944336351011215
1.08525 2.796598368893384 -0.9497306244614561
1.08697 2.6185551887790535 -0.9547949739645565
1.08869 2.446161118535794 -0.959539066383045
1.09042 2.279254114577187 -0.963972311041335
1.09214 2.117676758453398 -0.9681038665988144
1.09386 1.9612761215007368 -0.9719426477337909
1.09558 1.8099036335979606 -0.9754973316437101
1.09731 1.6634149558998086 -0.9787763643669145
1.09903 1.5216698574219338 -0.9817879669310416
1.10075 1.384532095356358 -0.9845401413330053
1.10247 1.2518692989996636 -0.9870406763553787
1.1042 1.1235528571804783 -0.9892971532238253
1.10592 0.9994578090768218 -0.9913169511100999
1.10764 0.8794627383165999 -0.9931072524850109
1.10936 0.7634496702588477 -0.9946750483255988
1.11109 0.6513039723562104 -0.9960271431806587
1.11281 0.54291425750252 -0.9971701600986165
1.11453 0.4381722902724573 -0.9981105454216486
1.11625 0.3369728959633123 -0.9988545734498167
1.11798 0.23921387235167493 -0.999408350978888
1.1197 0.14479590408091178 -0.9997778217153868
1.12142 0.0536224795977868 -0.9999687705723384
1.12314 -0.0061010952888707415 -0.9999976687832637
1.12486 -0.021512715463687243 -0.9999709263088388
1.12659 -0.03687592576251 -0.9999143062435033
1.12831 -0.0521900292450526 -0.9998278119707964
1.13003 -0.06745433335158503 -0.9997114486594993
1.13175 -0.0826681499243211 -0.9995652232633276
1.13348 -0.09783079522859978 -0.9993891445205144
1.1352 -0.11294158997385922 -0.9991832229532887
1.13692 -0.12799985933440286 -0.9989474708672468
1.13864 -0.14300493296995592 -0.9986819023506167
1.14037 -0.15795614504601194 -0.9983865332734162
1.14209 -0.1728528342539658 -0.9980613812865045
1.14381 -0.18769434383104425 -0.9977064658205276
1.14553 -0.2024800215800037 -0.9973218080847568
1.14726 -0.2172092198886333 -0.9969074310658219
1.14898 -0.23188129574903285 -0.9964633595263368
1.1507 -0.24649561077667662 -0.9959896200034201
1.15242 -0.26105153122926017 -0.9954862408071092
1.15415 -0.2755484280253287 -0.9949532520186689
1.15587 -0.2899856767626871 -0.994390685488793
1.15759 -0.30436265773658966 -0.9937985748357017
1.15931 -0.31867875595770945 -0.993176955443132
1.16104 -0.3329333611698839 -0.992525864458224
1.16276 -0.34712586786764765 -0.9918453407893002
1.16448 -0.3612556753135234 -0.9911354251035407
1.1662 -0.3753221875551072 -0.9903961598245534
1.16793 -0.38932481344191977 -0.9896275891298383
1.16965 -0.40326296664203387 -0.9888297589481474
1.17137 -0.41713606565847516 -0.9880027169567409
1.17309 -0.4309435338453962 -0.9871465125785369
1.17482 -0.4446847994240219 -0.986261196979159
1.17654 -0.45835929549836707 -0.985346823063878
1.17826 -0.4719664600707237 -0.984403445474451
1.17998 -0.485505736056919 -0.983431120585855
1.18171 -0.4989765713013395 -0.9824299065029196
1.18343 -0.5123784185917346 -0.9813998630568532
1.18515 -0.5257107356737676 -0.9803410518016682
1.18687 -0.5389729852653544 -0.9792535360105032
1.1886 -0.5521646350707573 -0.9781373806718408
1.19032 -0.5652851577944482 -0.9769926524856245
1.19204 -0.5783340311547369 -0.9758194198592729
1.19376 -0.5913107378971633 -0.974617752903592
1.19549 -0.6042147658076533 -0.9733877234285845
1.19721 -0.6170456077254414 -0.9721294049391596
1.19893 -0.6298027615557517 -0.9708428726307397
1.20065 -0.6424857302822431 -0.9695282033847674
1.20238 -0.6550940219792232 -0.9681854757641106
1.2041 -0.6676271498236077 -0.9668147700083682
1.20582 -0.6800846321066568 -0.9654161680290747
1.20754 -0.6924659922454635 -0.9639897534048059
1.20927 -0.7047707587942043 -0.9625356113761832
1.21099 -0.7169984654551488 -0.9610538288407807
1.21271 -0.729148651089429 -0.9595444943479324
1.21443 -0.7412208597275654 -0.95800769809344
1.21616 -0.7532146405797536 -0.9564435319141831
1.21788 -0.7651295480459078 -0.9548520892826311
1.2196 -0.7769651417254603 -0.9532334653012582
1.22132 -0.7887209864269187 -0.951587756696859
1.22305 -0.8003966521771864 -0.9499150618147687
1.22477 -0.8119917142306233 -0.9482154806129863
1.22649 -0.8235057530778794 -0.9464891146562017
1.22821 -0.8349383544544748 -0.9447360671097249
1.22994 -0.846289109349138 -0.9429564427333226
1.23166 -0.8575576140118977 -0.9411503478749567
1.23338 -0.8687434699619307 -0.9393178904644297
1.2351 -0.8798462839951643 -0.9374591800069347
1.23682 -0.8908656681916309 -0.9355743275765118
1.23855 -0.90180123992258 -0.9336634458094102
1.24027 -0.9126526218573388 -0.9317266488973576
1.24199 -0.9234194419699364 -0.9297640525807349
1.24371 -0.9341013335454662 -0.927775774141662
1.24544 -0.9446979351862155 -0.9257619323969872
1.24716 -0.9552088908175401 -0.9237226476911881
1.24888 -0.965633849693495 -0.9216580418891789
1.2506 -0.9759724664022175 -0.919568238369029
1.25233 -0.9862244008710611 -0.9174533620145893
1.25405 -0.9963893183714835 -0.9153135392080296
1.25577 -1.0064668895236872 -0.9131488978222866
1.25749 -1.016456790301011 -0.9109595672134212
1.25922 -1.0263587020340745 -0.9087456782128897
1.26094 -1.0361723114146735 -0.9065073631197249
1.26266 -1.0458973104994336 -0.9042447556926294
1.26438 -1.0555333967132035 -0.9019579911419837
1.26611 -1.065080272852212 -0.8996472061217655
1.26783 -1.0745376470869732 -0.8973125387213834
1.26955 -1.0839052329649403 -0.8949541284574247
1.27127 -1.0931827494129174 -0.8925721162653188
1.273 -1.1023699207392177 -0.8901666444909142
1.27472 -1.1114664766355788 -0.8877378568819727
1.27644 -1.120472152178826 -0.8852858985795793
1.27816 -1.1293866878322898 -0.8828109161094682
1.27989 -1.1382098294469754 -0.8803130573732669
1.28161 -1.1469413282624885 -0.8777924716396578
1.28333 -1.1555809409077031 -0.8752493095354583
1.28505 -1.1641284294011942 -0.8726837230366196
1.28678 -1.1725835611514146 -0.870095865459144
1.2885 -1.1809461089566304 -0.867485891449924
1.29022 -1.1892158510046056 -0.8648539569775004
1.29194 -1.1973925708720412 -0.8622002193227415
1.29367 -1.2054760575237689 -0.8595248370694445
1.29539 -1.2134661053116977 -0.8568279700948589
1.29711 -1.2213625139735134 -0.8541097795601323
1.29883 -1.2291650886311332 -0.8513704279006795
1.30056 -1.2368736397889135 -0.8486100788164759
1.30228 -1.244487983331619 -0.8458288972622741
1.304 -1.2520079405221325 -0.8430270494377478
1.30572 -1.259433337998934 -0.8402047027775592
1.30745 -1.2667640077733275 -0.8373620259413532
1.30917 -1.273999787226427 -0.8344991888036788
1.31089 -1.2811405191058962 -0.8316163624438375
1.31261 -1.2881860515224457 -0.8287137191356599
1.31434 -1.2951362379460871 -0.8257914323372106
1.31606 -1.301990937202144 -0.8228496766804232
1.31778 -1.30875001346702 -0.8198886279606639
1.3195 -1.3154133362637241 -0.8169084631262264
1.32123 -1.3219807804571593 -0.8139093602677574
1.32295 -1.3284522262491596 -0.810891498607615
1.32467 -1.3348275591732965 -0.807855058489158
1.32639 -1.3411066700894387 -0.8048002213659687
1.32812 -1.3472894551780747 -0.80172716979101
1.32984 -1.353375815934394 -0.7986360874057155
1.33156 -1.3593656591621301 -0.7955271589290164
1.33328 -1.3652588969671646 -0.7924005701463017
1.33501 -1.3710554467508937 -0.7892565078983171
1.33673 -1.3767552312033557 -0.7860951600699989
1.33845 -1.3823581782961218 -0.7829167155792465
1.34017 -1.387864221274951 -0.779721364365633
1.3419 -1.3932732986522094 -0.7765092973790539
1.34362 -1.3985853541990518 -0.7732807065683175
1.34534 -1.403800336937369 -0.7700357848696735
1.34706 -1.4089182011315022 -0.7667747261952835
1.34878 -1.4139389062797223 -0.7634977254216331
1.35051 -1.4188624171054762 -0.7602049783778864
1.35223 -1.4236887035484003 -0.7568966818341831
1.35395 -1.4284177407551033 -0.7535730334898807
1.35567 -1.4330495090697144 -0.7502342319617392
1.3574 -1.4375839940242046 -0.7468804767720526
1.35912 -1.4420211863284762 -0.7435119683367263
1.36084 -1.4463610818602226 -0.7401289079532982
1.36256 -1.45060368165456 -0.7367314977889128
1.36429 -1.45474899189343 -0.7333199408682374
1.36601 -1.458797023894777 -0.7298944410613304
1.36773 -1.4627477941014964 -0.7264552030714589
1.36945 -1.4666013240701592 -0.723002432422865
1.37118 -1.4703576404595111 -0.7195363354484839
1.3729 -1.4740167750187447 -0.7160571192776148
1.37462 -1.47757876457555 -0.7125649918235424
1.37634 -1.481043651023945 -0.709060161771112
1.37807 -1.4844114813118783 -0.7055428385642589
1.37979 -1.4876823074286123 -0.7020132323934939
1.38151 -1.4908561863918912 -0.698471554183339
1.38323 -1.4939331802348812 -0.6949180155797265
1.38496 -1.4969133559928955 -0.6913528289373501
1.38668 -1.4997967856899046 -0.6877762073069738
1.3884 -1.5025835463248227 -0.6841883644227016
1.39012 -1.505273719857584 -0.6805895146892047
1.39185 -1.5078673931949982 -0.6769798731689083
1.39357 -1.5103646581763963 -0.6733596555691408
1.39529 -1.5127656115590586 -0.6697290782292425
1.39701 -1.5150703550034335 -0.6660883581076381
1.39874 -1.5172789950581405 -0.6624377127688716
1.40046 -1.5193916431447663 -0.6587773603706034
1.40218 -1.5214084155424465 -0.6551075196505762
1.4039 -1.5233294333722436 -0.6514284099135415
1.40563 -1.5251548225813114 -0.6477402510181546
1.40735 -1.5268847139268547 -0.6440432633638364
1.40907 -1.528519242959883 -0.640337667877603
1.41079 -1.5300585500087598 -0.6366236860008627
1.41252 -1.531502780162544 -0.632901539676183
1.41424 -1.5328520832541326 -0.6291714513340282
1.41596 -1.5341066138431971 -0.6254336438794665
1.41768 -1.5352665311989206 -0.6216883406788504
1.41941 -1.5363319992825366 -0.6179357655464681
1.42113 -1.5373031867296638 -0.6141761427311677
1.42285 -1.5381802668324476 -0.6104096969029584
1.42457 -1.5389634175215001 -0.6066366531395833
1.4263 -1.5396528213476484 -0.6028572369130687
1.42802 -1.5402486654634857 -0.5990716740762516
1.42974 -1.5407511416047264 -0.5952801908492815
1.43146 -1.5411604460713741 -0.5914830138061029
1.43319 -1.541476779708692 -0.5876803698609147
1.43491 -1.5417003478879852 -0.5838724862546107
1.43663 -1.5418313604871954 -0.5800595905411999
1.43835 -1.5418700318713046 -0.5762419105742085
1.44008 -1.5418165808725512 -0.5724196744930616
1.4418 -1.541671230770463 -0.5685931107094534
1.44352 -1.5414342092717037 -0.5647624478936952
1.44524 -1.5411057484897326 -0.5609279149610507
1.44697 -1.5406860849242887 -0.5570897410580569
1.44869 -1.5401754594406873 -0.5532481555488299
1.45041 -1.5395741172489381 -0.5494033880013595
1.45213 -1.538882307882686 -0.545555668173789
1.45386 -1.538100285177972 -0.5417052260006865
1.45558 -1.5372283072518182 -0.5378522915793038
1.4573 -1.5362666364806377 -0.5339970951558258
1.45902 -1.5352155394784708 -0.5301398671116125
1.46075 -1.5340752870750467 -0.5262808379494293
1.46247 -1.5328461542936749 -0.5224202382796749
1.46419 -1.531528420328966 -0.5185582988065996
1.46591 -1.5301223685243832 -0.5146952503145183
1.46763 -1.528628286349626 -0.5108313236540194
1.46936 -1.5270464653778457 -0.5069667497281694
1.47108 -1.525377201262699 -0.5031017594787144
1.4728 -1.523620793715235 -0.49923658387227987
1.47452 -1.5217775464806187 -0.49537145388656745
1.47625 -1.5198477673146964 -0.49150660049655326
1.47797 -1.517831767960398 -0.4876422546606839
1.47969 -1.5157298641239811 -0.48377864730707465
1.48141 -1.513542375451119 -0.4799160093197109
1.48314 -1.5112696255028302 -0.4760545715246499
1.48486 -1.508911941731256 -0.4721945646762271
1.48658 -1.506469655455281 -0.4683362194432663
1.4883 -1.5039431018360059 -0.46447976639529553
1.49003 -1.5013326198520653 -0.46062543598876804
1.49175 -1.4986385522747994 -0.45677345855329143
1.49347 -1.495861245643275 -0.45292406427786236
1.49519 -1.4930010502391613 -0.4490774831971116
1.49692 -1.4900583200614617 -0.4452339451775573
1.49864 -1.4870334128010987 -0.4413936799038686
1.50036 -1.4839266898153582 -0.43755691686513853
1.50208 -1.480738516102194 -0.43372388534117234
1.50381 -1.4774692602743886 -0.42989481438878485
1.50553 -1.4741192945335808 -0.42606993282811245
1.50725 -1.4706889946441528 -0.4222494692289387
1.50897 -1.4671787399069827 -0.4184336518970363
1.5107 -1.4635889131330646 -0.41462270886052255
1.51242 -1.4599199006169943 -0.4108168678562343
1.51414 -1.4561720921103254 -0.4070163563161169
1.51586 -1.4523458807947938 -0.4032214013536346
1.51759 -1.4484416632554176 -0.39943222975019876
1.51931 -1.444459839453464 -0.3956490679416126
1.52103 -1.4404008126993002 -0.39187214200454457
1.52275 -1.4362649896251116 -0.3881016776430146
1.52448 -1.4320527801575027 -0.3843379001749079
1.5262 -1.427764597489976 -0.3805810345185099
1.52792 -1.423400858055291 -0.37683130517906505
1.52964 -1.4189619814977066 -0.373088936235362
1.53137 -1.4144483906451066 -0.36935415132634075
1.53309 -1.409860511481009 -0.3656271736377309
1.53481 -1.4051987731164641 -0.36190822588871185
1.53653 -1.4004636077618409 -0.35819753031860546
1.53826 -1.3956554506985004 -0.3544953086735947
1.53998 -1.3907747402503616 -0.35080178219347036
1.5417 -1.3858219177553637 -0.34711717159841415
1.54342 -1.3807974275368167 -0.34344169707580485
1.54515 -1.3757017168746515 -0.3397755782670626
1.54687 -1.3705352359765652 -0.33611903425452283
1.54859 -1.3652984379490682 -0.332472283548343
1.55031 -1.3599917787684297 -0.32883554407344695
1.55204 -1.3546157172515243 -0.32520903315649974
1.55376 -1.3491707150265837 -0.3215929675129223
1.55548 -1.3436572365038533 -0.31798756323393973
1.5572 -1.3380757488461563 -0.31439303577366884
1.55893 -1.332426721939361 -0.31080959993624113
1.56065 -1.3267106283627663 -0.3072374698629683
1.56237 -1.3209279433593917 -0.30367685901954533
1.56409 -1.3150791448061823 -0.3001279801832929
1.56582 -1.3091647131841277 -0.29659104543044257
1.56754 -1.3031851315483005 -0.2930662661234641
1.56926 -1.2971408854978057 -0.2895538528984336
1.57098 -1.2910324631456562 -0.2860540156524469
1.57271 -1.2848603550885636 -0.28256696353107635
1.57443 -1.2786250543766555 -0.27909290491587213
1.57615 -1.2723270564831146 -0.2756320474119104
1.57787 -1.265966859273744 -0.27218459783538684
1.57959 -1.259544962976458 -0.26875076220125593
1.58132 -1.2530618701507044 -0.2653307457109225
1.58304 -1.2465180856568165 -0.2619247527399782
1.58476 -1.2399141166252956 -0.2585329868259868
1.58648 -1.2332504724260271 -0.2551556506563233
1.58821 -1.226527664637434 -0.2517929460560602
1.58993 -1.2197462070155647 -0.24844507397590698
1.59165 -1.2129066154631203 -0.24511223448020203
1.59337 -1.206009407998423 -0.24179462673495578
1.5951 -1.1990551047243225 -0.238492448995951
1.59682 -1.192044227797051 -0.23520589859689323
1.59854 -1.184977301395017 -0.23193517193761837
1.60026 -1.1778548516875507 -0.22868046447235846
1.60199 -1.1706774068035957 -0.22544197069805927
1.60371 -1.1634454968003478 -0.22221988414275862
1.60543 -1.1561596536318501 -0.21901439735401995
1.60715 -1.1488204111175366 -0.215825701887428
1.60888 -1.1414283049107328 -0.21265398829514037
1.6106 -1.1339838724671114 -0.2094994461145001
1.61232 -1.1264876530131067 -0.20636226385671064
1.61404 -1.1189401875142875 -0.2032426289955691
1.61577 -1.1113420186436924 -0.20014072795626403
1.61749 -1.1036936907501262 -0.19705674610423474
1.61921 -1.0959957498264206 -0.19399086773409313
1.62093 -1.0882487434776629 -0.1909432760586126
1.62266 -1.080453220889391 -0.18791415319777727
1.62438 -1.0726097327957584 -0.18490368016790049
1.6261 -1.064718831447665 -0.18191203687080582
1.62782 -1.0567810705808705 -0.17893940208307813
1.62955 -1.0487970053840705 -0.17598595344537915
1.63127 -1.0407671924669584 -0.17305186745183154
1.63299 -1.0326921898282584 -0.17013731943947308
1.63471 -1.024572556823736 -0.16724248357777727
1.63644 -1.0164088541341993 -0.1643675328582468
1.63816 -1.0082016437334655 -0.1615126390840742
1.63988 -0.9999514888563319 -0.15867797285987617
1.6416 -0.9916589539665147 -0.1558637035814987
1.64333 -0.9833246047245839 -0.15306999942589272
1.64505 -0.974949007955886 -0.1502970273410661
1.64677 -0.9665327316184533 -0.14754495303610515
1.64849 -0.9580763447709109 -0.14481394097127342
1.65022 -0.9495804175403733 -0.14210415434818324
1.65194 -0.9410455210903353 -0.13941575510004278
1.65366 -0.9324722275885647 -0.1367489038819797
1.65538 -0.9238611101749888 -0.1341037600614401
1.65711 -0.9152127429295825 -0.13148048170866578
1.65883 -0.9065277008402576 -0.1288792255872464
1.66055 -0.8978065597707567 -0.12630014714475357
1.66227 -0.8890498964285539 -0.12374340050345056
1.664 -0.880258288332754 -0.12120913845108161
1.66572 -0.8714323137820096 -0.11869751243174287
1.66744 -0.862572551822442 -0.11620867253683109
1.66916 -0.8536795822155742 -0.11374276749607493
1.67089 -0.8447539854062794 -0.1112999446686469
1.67261 -0.8357963424907421 -0.10888035003435781
1.67433 -0.8268072351844328 -0.10648412818493247
1.67605 -0.817787245790109 -0.10411142231537007
1.67778 -0.8087369571658201 -0.10176237421538481
1.6795 -0.7996569526929547 -0.09943712426093654
1.68122 -0.790547816244289 -0.09713581140583827
1.68294 -0.7814101321520748 -0.09485857317345492
1.68467 -0.7722444851761434 -0.09260554564848411
1.68639 -0.763051460472042 -0.09037686346882423
1.68811 -0.7538316435591983 -0.08817265981752809
1.68983 -0.7445856202891145 -0.08599306641484505
1.69155 -0.7353139768135907 -0.08383821351034881
1.69328 -0.7260172995529899 -0.08170822987515414
1.695 -0.7166961751645271 -0.0796032427942217
1.69672 -0.7073511905106075 -0.07752337805875198
1.69844 -0.6979829326271866 -0.07546875995866698
1.70017 -0.6885919886921905 -0.07343951127518467
1.70189 -0.679178945993961 -0.07143575327348017
1.70361 -0.6697443918997485 -0.0694576056954399
1.70533 -0.660288913824254 -0.06750518675250583
1.70706 -0.6508130991982108 -0.06557861311861102
1.70878 -0.6413175354370158 -0.06367799992320777
1.7105 -0.6318028099094125 -0.061803460744387584
1.71222 -0.6222695099062195 -0.05995510760209344
1.71395 -0.612718222609117 -0.05813305095142596
1.71567 -0.6031495350594832 -0.056337399676043454
1.71739 -0.5935640341272806 -0.054568261081653247
1.71911 -0.5839623064800158 -0.05282574088960135
1.72084 -0.5743449385517362 -0.051109943230553734
1.72256 -0.5647125165121035 -0.04942097063827344
1.72428 -0.5550656262355183 -0.04775892404349369
1.726 -0.5454048532703096 -0.04612390276788625
1.72773 -0.5357307828079932 -0.044516004518126095
1.72945 -0.5260439996525877 -0.042935325380052625
1.73117 -0.5163450881900051 -0.04138195981292769
1.73289 -0.5066346323575054 -0.03985600064379102
1.73462 -0.4969132156132209 -0.038357539061912416
1.73634 -0.4871814209057588 -0.03688666461334322
1.73806 -0.4774398306438624 -0.03544346519556418
1.73978 -0.46768902666616713 -0.034028027052233956
1.74151 -0.4579295902110146 -0.0326404347680348
1.74323 -0.4481621018863508 -0.03128077126361717
1.74495 -0.43838714163970616 -0.029949117790645796
1.74667 -0.42860528872824877 -0.028645553926943235
1.7484 -0.4188171216889271 -0.027370157571734777
1.75012 -0.4090232183086895 -0.02612300494099329
1.75184 -0.39922415559478935 -0.024904170562884742
1.75356 -0.38942050974518044 -0.02371372727331411
1.75529 -0.37961285611899576 -0.02255174621157341
1.75701 -0.3698017692071096 -0.02141829681608942
1.75873 -0.3599878226028063 -0.020313446820275693
1.76045 -0.3501715889725213 -0.019237262248483766
1.76218 -0.34035364002668894 -0.01818980741205789
1.7639 -0.33053454649067515 -0.017171144905491875
1.76562 -0.3207148780758135 -0.01618133560268875
1.76734 -0.3108952034505331 -0.015220438653322899
1.76907 -0.30107609021158466 -0.014288511479304988
1.77079 -0.291258104855371 -0.01338560977135117
1.77251 -0.28144181274937435 -0.012511787485654402
1.77423 -0.27162777810368466 -0.011667096840660918
1.77596 -0.26181656394264 -0.010851588313948612
1.77768 -0.2520087320765565 -0.010065310639211678
1.7794 -0.24220484307358542 -0.009308310803347486
1.78112 -0.23240545623165823 -0.008580634043649504
1.78285 -0.22261112955055345 -0.007882323845103345
1.78457 -0.21282241970406804 -0.0072134219377884
1.78629 -0.20303988201230005 -0.006573968294383947
1.78801 -0.19326407041404875 -0.005964001127780616
1.78974 -0.18349553743932429 -0.005383556888797214
1.79146 -0.17373483418197275 -0.004832670264001471
1.79318 -0.163982510272423 -0.004311374173638027
1.7949 -0.1542391138505447 -0.0038196997696611223
1.79663 -0.14450519153862817 -0.003357676433872414
1.79835 -0.13478128841448778 -0.0029253317761659403
1.80007 -0.12506794798468307 -0.0025226916328775495
1.80179 -0.1153657121578637 -0.002149780065241247
1.80351 -0.1056751212182368 -0.0018066193579515666
1.80524 -0.09599671379916462 -0.001493230017831304
1.80696 -0.08633102685688387 -0.0012096307726063849
1.80868 -0.07667859564435264 -0.00095583856978676
1.8104 -0.0670399536852316 -0.0007318685756534382
1.81213 -0.05741563274798717 -0.0005377341743526554
1.81385 -0.047806162820133925 -0.0003734469670950702
1.81557 -0.038212072082605214 -0.00023901677146376255
1.81729 -0.028633886884251607 -0.0001344516208264812
1.81902 -0.019072131716490658 -0.00005975776385636067
1.82074 -0.009527329188073164 -0.000014939664157553878
1.82246 -1.5078559438224451e-16 0.
