#1001 0.10001 1.97246
0.10001 4.793282639232277e15 3.9951991209437056e12
0.101882 3.6970008614982085e15 3.197914442658148e12
0.103755 2.8649701419460175e15 2.570134491101675e12
0.105627 2.2303406631553375e15 2.0736835085128262e12
0.1075 1.7439468753900482e15 1.6794498841562163e12
0.109372 1.3694312858708912e15 1.3651268292032024e12
0.111245 1.0797657451486039e15 1.113542103023774e12
0.113117 8.547549980033055e14 9.114166687141886e11
0.11499 6.792348858953955e14 7.484374073191733e11
0.116862 5.4176471828449744e14 6.165610102124863e11
0.118735 4.3367320711376275e14 5.09488918615442e11
0.120607 3.4835876764253294e14 4.222694504766561e11
0.122479 2.8077380117474988e14 3.509949574004921e11
0.124352 2.2704274167067912e14 2.925703161210061e11
0.126224 1.841778441008547e14 2.445352094215128e11
0.128097 1.4986674084367706e14 2.049271443040555e11
0.129969 1.2231294338957583e14 1.721754533288554e11
0.131842 1.0011558210969634e14 1.4501895755619223e11
0.133714 8.217835475000622e13 1.224417718465817e11
0.135587 6.7640311590192875e13 1.0362307461795769e11
0.137459 5.5823034222761805e13 8.7897666740257e10
0.139331 4.619017172279653e13 7.47248967687554e10
0.141204 3.8316328563230016e13 6.366409684997647e10
0.143076 3.1863056895327895e13 5.43551027433872e10
0.144949 2.656026608326268e13 4.650275732999079e10
0.146821 2.219177806331785e13 3.986454546360717e10
0.148694 1.8584066744003035e13 3.424069815404914e10
0.150566 1.5597451223235848e13 2.9466250072517696e10
0.152439 1.3119186423258975e13 2.5404646869514698e10
0.154311 1.1058025712076463e13 2.194258577337658e10
0.156184 9.339929114572457e12 1.898584040386443e10
0.158056 7.904665867116944e12 1.6455873234399197e10
0.159928 6.703117292089982e12 1.4287080116337708e10
0.161801 5.695129686182619e12 1.2424543363998123e10
0.163673 4.847800425058703e12 1.0822195095036957e10
0.165546 4.1341062527675938e12 9.441312363868763e9
0.167418 3.5318025980218228e12 8.249281297483573e9
0.169291 3.022538135084281e12 7.218579854356442e9
0.171163 2.5911407379345347e12 6.325938682944864e9
0.173036 2.2250402612044478e12 5.551647403358436e9
0.174908 1.913800827442166e12 4.878979899649152e9
0.176781 1.6487409709235667e12 4.2937172228323483e9
0.178653 1.4226244380278955e12 3.7837507260140038e9
0.180525 1.2294079452316655e12 3.3387512867144537e9
0.182398 1.0640349574853434e12 2.949893078010352e9
0.18427 9.222667337763777e11 2.609622455952288e9
0.186143 8.005436181729728e11 2.31146423587568e9
0.188015 6.958709306951172e11 2.0498590139942155e9
0.189888 6.057249085414789e11 1.82002631605371e9
0.19176 5.2797502347135913e11 1.6178492720154984e9
0.193633 4.6081970161694415e11 1.4397772648016825e9
0.195505 4.027330338448863e11 1.2827436141326807e9
0.197378 3.524205164236676e11 1.1440958591374521e9
0.19925 3.087822255823907e11 1.021536616387854e9
0.201122 2.708821232575718e11 9.130733299511361e8
0.202995 2.3792242892106216e11 8.169755104085397e8
0.204867 2.0922218497511914e11 7.317382914249066e8
0.20674 1.84199299624834e11 6.560513241858171e8
0.208612 1.6235547843412015e11 5.887721890012257e8
0.210485 1.4326355956186356e11 5.289036354314306e8
0.212357 1.2655685245919243e11 4.755740721699773e8
0.21423 1.1192014919540111e11 4.280208194969671e8
0.216102 9.908213446824979e10 3.8557571356869984e8
0.217974 8.78089670784918e10 3.476527157373898e8
0.219847 7.789884409166904e10 3.13737233634683e8
0.221719 6.917739059442653e10 2.833769056627591e8
0.223592 6.14937441102786e10 2.5617363826581416e8
0.225464 5.471722437067599e10 2.3177671709861755e8
0.227337 4.8734497053949326e10 2.0987683995676732e8
0.229209 4.344715496875865e10 1.9020094190417284e8
0.231082 3.876965250961758e10 1.7250770210689694e8
0.232954 3.462753949067782e10 1.56583638023251e8
0.234827 3.0955949031000034e10 1.422397062779352e8
0.236699 2.769830131569639e10 1.2930834115454139e8
0.238571 2.4805191035425953e10 1.1764087150285454e8
0.240444 2.2233431311414722e10 1.0710526524824797e8
0.242316 1.9945231108942215e10 9.758415783885527e7
0.244189 1.790748666476914e10 8.897312706384324e7
0.246061 1.6091170415387096e10 8.117918188399513e7
0.247934 1.4470803406024656e10 7.411943736927679e7
0.249806 1.3023999261921213e10 6.771995165099785e7
0.251679 1.1731069577294775e10 6.191470406466407e7
0.253551 1.057468207670596e10 5.664469646466485e7
0.255424 9.539564172301582e9 5.185716210207367e7
0.257296 8.612245615493265e9 4.7504868530022584e7
0.259168 7.780834853693069e9 4.354550278646341e7
0.261041 7.034824477451169e9 3.994112864331592e7
0.262913 6.364921802191677e9 3.665770703941788e7
0.264786 5.762901189719686e9 3.3664671962434515e7
0.266658 5.221475192870649e9 3.093455503758212e7
0.268531 4.734182014778315e9 2.844265294050953e7
0.270403 4.295287122918465e9 2.6166732496613346e7
0.272276 3.8996971563289914e9 2.4086768975357655e7
0.274148 3.5428845197899384e9 2.2184713649451103e7
0.27602 3.2208212776665645e9 2.0444287176667374e7
0.277893 2.929921147983182e9 1.885079578668186e7
0.279765 2.6669885586798925e9 1.7390967625109207e7
0.281638 2.4291738667864647e9 1.605280692934485e7
0.28351 2.2139339607153726e9 1.4825463992166199e7
0.285383 2.018997568821927e9 1.3699119114799589e7
0.287255 1.8423346861773078e9 1.2664878966004679e7
0.289128 1.6821296081698642e9 1.1714683951722968e7
0.291 1.5367571258129315e9 1.0841225364486817e7
0.292873 1.4047614949606729e9 1.0037871226110382e7
0.294745 1.2848378412705953e9 9.298599863805735e6
0.296617 1.1758157057731519e9 8.61794037105032e6
0.29849 1.0766444732313473e9 7.990919202240893e6
0.300362 9.863804578812054e8 7.413012236109102e6
0.302235 9.041754493096042e8 6.88010171852241e6
0.304107 8.292665457267662e8 6.388437561940122e6
0.30598 7.609671232219158e8 5.934602537553318e6
0.307852 6.986588081785815e8 5.515480947985873e6
0.309725 6.417843362373843e8 5.128230414218841e6
0.311597 5.898411953446798e8 4.770256450862279e6
0.31347 5.423759627875211e8 4.439189539684155e6
0.315342 4.989792569238811e8 4.132864442978185e6
0.317214 4.5928123377506065e8 3.849301526406286e6
0.319087 4.229475669299583e8 3.586689885817032e6
0.320959 3.8967585647029203e8 3.3433720945985243e6
0.322832 3.591924189933446e8 3.1178304077025545e6
0.324704 3.3124941639829516e8 2.908674275868732e6
0.326577 3.056222860125085e8 2.714629039036434e6
0.328449 2.82107438951114e8 2.534525681684001e6
0.330322 2.6052019740130618e8 2.367291545074771e6
0.332194 2.4069294486695722e8 2.211941902292562e6
0.334067 2.2247346635569376e8 2.0675723116670507e6
0.335939 2.057234580887381e8 1.9333516728568827e6
0.337811 1.903171886063866e8 1.808515917593801e6
0.339684 1.7614029516636086e8 1.6923622739994947e6
0.341556 1.6308870112105986e8 1.584244049560239e6
0.343429 1.5106764154144365e8 1.483565883364533e6
0.345301 1.3999078575487298e8 1.3897794231482714e6
0.347174 1.29779446703466e8 1.3023793871139453e6
0.349046 1.2036186812755947e8 1.2208999744518157e6
0.350919 1.1167258155239315e8 1.1449115920420252e6
0.352791 1.0365182591985957e8 1.0740178680014666e6
0.354663 9.624502347396414e7 1.0078529255975827e6
0.356536 8.940230618981503e7 946078.8936178273
0.358408 8.307808764148708e7 888383.6315896816
0.360281 7.723067574268307e7 834478.6503192285
0.362153 7.182192227347298e7 784097.2100811276
0.364026 6.681690553329233e7 736992.5804711587
0.365898 6.218364284078955e7 692936.44744388
0.367771 5.7892829940311976e7 651717.4544196326
0.369643 5.391760467743968e7 613139.8655727151
0.371516 5.023333257612758e7 577022.3405197845
0.373388 4.6817412191322334e7 543196.8106266875
0.37526 4.364909832658367e7 511507.4480542035
0.377133 4.070934139909914e7 481809.71947814326
0.379005 3.7980641407037415e7 453969.517155954
0.380878 3.544691510867429e7 427862.3606781322
0.38275 3.3093375161103353e7 403372.6633454857
0.384623 3.0906420090366542e7 380393.05765889044
0.386495 2.8873534076053604e7 358823.7749022918
0.388368 2.6983195633202575e7 338572.0742474649
0.39024 2.522479436390806e7 319551.7172149214
0.392113 2.358855503149391e7 301682.4836934661
0.393985 2.2065468282406047e7 284889.72605499165
0.395857 2.0647227405980963e7 269103.9582043145
0.39773 1.9326170580718815e7 254260.47667933232
0.399602 1.8095228108315837e7 240299.0111670253
0.401475 1.6947874184098735e7 227163.4020283899
0.403347 1.5878082795195883e7 214801.30263230597
0.40522 1.4880287376261827e7 203163.90448664874
0.407092 1.394934388727243e7 192205.68332635338
0.408965 1.3080497009218562e7 181884.16447424825
0.410837 1.226934918178734e7 172159.70593270657
0.412709 1.1511832232643144e7 162995.29779379148
0.414582 1.0804181370981287e7 154356.37667379668
0.416454 1.0142911338872325e7 146210.65398593488
0.418327 9.524794532767015e6 138527.95696334948
0.420199 8.94684092458772e6 131280.0814344921
0.422072 8.406279627271634e6 124440.65543500442
0.423944 7.900541963612488e6 117985.01281524652
0.425817 7.4272459099143455e6 111890.0760711932
0.427689 6.984181797452522e6 106134.24768912191
0.429562 6.569299165147585e6 100697.30935189853
0.431434 6.180694666303362e6 95560.32840717521
0.433306 5.8166009408311965e6 90705.57104589084
0.435179 5.475376372165841e6 86116.42168351256
0.437051 5.155495655147485e6 81777.30807679989
0.438924 4.855541107568586e6 77673.63174587366
0.440796 4.574194663924257e6 73791.70330528934
0.442669 4.310230495216231e6 70118.68233892493
0.444541 4.062508203493214e6 66642.52148206565
0.446414 3.829966544208652e6 63351.91440026434
0.448286 3.611617633482462e6 60236.24737864641
0.450159 3.406541601001694e6 57285.55425743762
0.452031 3.213881652619909e6 54490.47446982285
0.453903 3.03283950974623e6 51842.21395693097
0.455776 2.8626711953793443e6 49332.50875192591
0.457648 2.7026831391639085e6 46953.59104099735
0.459521 2.5522285761485943e6 44698.15752359427
0.461393 2.4107042160268766e6 42559.33990763956
0.463266 2.27754716156133e6 40530.677387806274
0.465138 2.1522320566462716e6 38606.09096629385
0.467011 2.0342684460669833e6 36779.859486026035
0.468883 1.9231983304798005e6 35046.597255839
0.470756 1.8185939014785057e6 33401.23315613989
0.472628 1.7200554428395445e6 31838.991121726183
0.4745 1.627209385161996e6 30355.37190603552
0.476373 1.5397065021468431e6 28946.136038095563
0.478245 1.4572202377023557e6 27607.287889899842
0.480118 1.3794451539258596e6 26335.06077790603
0.48199 1.3060954908036443e6 25125.90302786408
0.483863 1.2369038291965893e6 23976.46493727871
0.485735 1.1716198493447686e6 22883.586574520723
0.487608 1.110009177735274e6 21844.286357959892
0.48948 1.051852315738201e6 20855.75036252013
0.491352 996943.6439306309 19915.322304790032
0.493225 945090.4965014039 19020.494161271745
0.495097 896112.3005639741 18168.897377548914
0.49697 849839.775604086 17358.294629115215
0.498842 806114.1886561466 16586.57209734581
0.500715 764786.6611399554 15851.732226639442
0.502587 725717.5236001142 15151.886931111303
0.50446 688775.7148763702 14485.251221404766
0.506332 653838.2224964288 13850.137224215176
0.508205 620789.5613250558 13244.948568999049
0.510077 589521.2877266905 12668.175118088051
0.511949 559931.5467044386 12118.388018045678
0.513822 531924.6496679485 11594.235051609445
0.515694 505410.68065757316 11094.436270958458
0.517567 480305.1290133476 10617.779894343645
0.519439 456528.5466261818 10163.118449324953
0.521312 434006.2280458199 9729.365146979959
0.523184 412667.9118469159 9315.490472492334
0.525057 392447.5017715102 8920.518978496855
0.526929 373282.80627425376 8543.52626846042
0.528802 355115.2951965932 8183.636158218201
0.530674 337889.8723883206 7840.018004564367
0.532546 321554.66318024014 7511.884190525515
0.534419 306060.81569049385 7198.487757621087
0.536291 291362.31502007187 6899.120176047139
0.538164 277415.8094604786 6613.109244306974
0.540036 264180.44789896463 6339.817110360432
0.541909 251617.7276645671 6078.638406874434
0.543781 239691.352111671 5828.998493633356
0.545654 228367.09728742362 5590.351800612402
0.547526 217612.68707520285 5362.180265630847
0.549398 207397.67624893587 5143.991860889534
0.551271 197693.34091247796 4935.319203057083
0.553143 188472.57583483277 4735.718241906441
0.555016 179709.79822592592 4544.767022818195
0.556888 171380.85752907195 4362.064518760347
0.558761 163462.9508354952 4187.229527629266
0.560633 155934.5435533235 4019.8996310924676
0.562506 148775.29498864934 3859.730211314032
0.564378 141965.98851958723 3706.393522167178
0.566251 135488.466065946 3559.5778117481937
0.568123 129325.56657729822 3418.986493202
0.569995 123461.06828093017 3284.337361052576
0.571868 117879.6344485837 3155.361850403437
0.57374 112566.76245705757 3031.804336533464
0.575613 107508.73593280168 2913.4214725639804
0.577485 102692.57978462115 2799.981563013479
0.579358 98106.01794162796 2691.2639711881034
0.58123 93737.43362570446 2587.0585584796454
0.583103 89575.83199900613 2487.1651537581456
0.584975 85610.80503754815 2391.3930511548147
0.586848 81832.49849168255 2299.560534632269
0.58872 78231.58080339435 2211.494427834562
0.590592 74799.21385882291 2127.02966779856
0.592465 71527.02546232194 2046.0089011919717
0.594337 68407.08342575004 1968.2821018220397
0.59621 65431.871173543135 1893.706208232308
0.598082 62594.26477054104 1822.144780274386
0.599955 59887.51128550413 1753.4676736061424
0.601827 57305.2084088425 1687.550731129114
0.6037 54841.285248276 1624.2754904348008
0.605572 52489.98423100069 1563.528906383445
0.607445 50245.84404547138 1505.2030879893312
0.609317 48103.6835601425 1449.1950488340542
0.611189 46058.5866604606 1395.4064702738626
0.613062 44105.887949094235 1343.7434767489008
0.614934 42241.15925784033 1294.1164225418083
0.616807 40460.1969228641 1246.439689369943
0.618679 38759.009777949366 1200.631494230484
0.620552 37133.807823246985 1156.6137069503206
0.622424 35580.99152964946 1114.311676923559
0.624297 34097.141741379055 1073.654068548387
0.626169 32679.010141682822 1034.5727049023765
0.628041 31323.51024868684 997.0024192210542
0.629914 30027.7089104755 960.8809137686219
0.631786 28788.818270355892 926.1486257126652
0.633659 27604.188175031006 892.7485996359654
0.635531 26471.299000065595 860.6263663389216
0.637404 25387.75486857726 829.7298276049751
0.639276 24351.27724053788 800.0091466194593
0.641149 23359.698851434885 771.4166437492164
0.643021 22410.957980313204 743.9066974062106
0.644894 21503.093028418843 717.4356497334475
0.646766 20634.23739078235 691.9617168656657
0.648638 19802.614604134324 667.4449035306421
0.650511 19006.533755529374 643.8469217695598
0.652383 18244.385136979374 621.131113566769
0.654256 17514.63613226617 599.2623771905645
0.656128 16815.82732291519 578.207097057094
0.658001 16146.5688010783 557.9330769396273
0.659873 15505.536677788547 538.409476354767
0.661746 14891.469775725236 519.6067499661734
0.663618 14303.166496258445 501.4965898547471
0.665491 13739.481851135966 484.0518705121701
0.667363 13199.324649734808 467.24659642227977
0.669235 12681.654833321414 451.05585210176446
0.671108 12185.48094825943 435.4557544784551
0.67298 11709.857750564584 420.42340749177487
0.674853 11253.883934643214 405.93685880595336
0.676725 10816.69997945887 391.97505853224203
0.678598 10397.486105756238 378.5178198617391
0.68047 9995.460338334342 365.5457815155285
0.682343 9609.876667699724 353.0403719235787
0.684215 9240.02330575236 340.98377504845854
0.686087 8885.221030456523 329.3588977741319
0.68796 8544.82161473399 318.14933878424586
0.689832 8218.206335082848 307.33935885810524
0.691705 7904.784555676738 296.9138525161929
0.693577 7603.992383936423 286.8583209505504
0.69545 7315.2913937876765 277.1588461785743
0.697322 7038.167413030174 267.8020663619002
0.699195 6772.129371439046 258.77515223494186
0.701067 6516.708206407909 250.0657845904645
0.70294 6271.455823116877 241.66213277216286
0.704812 6035.944106375437 233.55283412673276
0.706684 5809.763981445439 225.72697437026494
0.708557 5592.524521296709 218.17406882603987
0.710429 5383.852097886851 210.88404449291318
0.712302 5183.389575186912 203.84722290550297
0.714174 4990.795541798834 197.05430374928494
0.716047 4805.743581126144 190.49634919551738
0.717919 4627.921577169949 184.16476892263148
0.719792 4457.031054125471 178.05130579235328
0.721664 4292.786548052253 172.14802215035365
0.723537 4134.915008983837 166.4472867227095
0.725409 3983.1552319293805 160.94176208083047
0.727281 3837.2573153026437 155.62439264883835
0.729154 3696.982145390841 150.48839322862912
0.731026 3562.1009055499567 145.52723801904568
0.732899 3432.394608882077 140.734650106718
0.734771 3307.6536532158952 136.1045914071887
0.736644 3187.6773972737988 131.63125303598397
0.738516 3072.2737569669875 127.30904609022826
0.740389 2961.2588208159764 123.13259282235319
0.742261 2854.456483545605 119.09671818829466
0.744134 2751.698096953603 115.19644175342356
0.746006 2652.822137198262 111.42696994023974
0.747878 2557.673887695015 107.78368860259957
0.749751 2466.105136853796 104.26215591197749
0.751623 2377.9738899282975 100.8580955419238
0.753496 2293.14409428606 97.56739013753985
0.755368 2211.485377443439 94.38607505739256
0.757241 2132.872797243328 91.31033237588488
0.759113 2057.1866035850867 88.33648513464615
0.760986 1984.3120111462079 85.46099183203809
0.762858 1914.1389825638566 82.68044114037261
0.76473 1846.5620215711297 79.9915468409175
0.766603 1781.47997560868 77.39114296722126
0.768475 1718.795847456264 74.87617914771795
0.770348 1658.4166154519044 72.44371613899115
0.77222 1600.253061887911 70.09092154146458
0.774093 1544.2196091935853 67.81506568966026
0.775965 1490.234163534036 65.61351770952602
0.777838 1438.2179654728063 63.48374173566731
0.77971 1388.0954473637375 61.42329328164536
0.781583 1339.7940971539003 59.429815756809575
0.783455 1293.244328295312 57.50103712342765
0.785327 1248.3793554780088 55.63476668815163
0.7872 1205.135075911174 53.82889202212901
0.789072 1163.4499558925672 52.08137600432102
0.790945 1123.2649224190702 50.39025398282765
0.792817 1084.523259603429 48.753631049258615
0.79469 1047.1705096735725 47.169679421396765
0.796562 1011.1543783419094 45.636635929623665
0.798435 976.4246443422587 44.1527996027668
0.800307 942.933072941866 42.7165293492223
0.80218 910.6333332453506 41.326241729391384
0.804052 879.4809191161453 39.98040881563545
0.805924 849.4330735495154 38.67755613612997
0.807797 820.4487163390894 37.416260699144665
0.809669 792.4883748865113 36.1951490944368
0.811542 765.5141180109546 35.01289566858448
0.813414 739.4894926220686 33.86822077122172
0.815287 714.3794631264841 32.759889069276
0.817159 690.1503534440769 31.68670792642383
0.819032 666.769791516162 30.647525845108543
0.820904 644.2066561932509 29.64123096857231
0.822776 622.4310263954092 28.666749640466932
0.824649 601.4141324432135 27.723045019710824
0.826521 581.1283094621161 26.809115748357257
0.828394 561.5469527676162 25.923994670338274
0.830266 542.6444751428992 25.06674759903418
0.832139 524.3962659248016 24.23647213170947
0.834011 506.7786518178087 23.432296508935835
0.835884 489.76885935957614 22.653378517204278
0.837756 473.344978964982 21.898904433002887
0.839629 457.4859304790891 21.16808800670826
0.841501 442.1714301726483 20.46016948471041
0.843373 427.38195911677025 19.7744146682539
0.845246 413.0987328763724 19.110114007544233
0.847118 399.30367246471076 18.466581729724965
0.848991 385.9793765040039 17.84315499939423
0.850863 373.1090945396319 17.23919311037926
0.852736 360.6767014577874 16.654076707543368
0.854608 348.6666729587629 16.087207037450636
0.856481 337.0640620401844 15.538005226759637
0.858353 325.8544764466174 15.005911587266645
0.860226 315.02405704389275 14.490384946560463
0.862098 304.5594570784189 13.990902003295881
0.86397 294.4478222835085 13.506956706131067
0.865843 284.67677179645364 13.038059655414596
0.867715 275.2343798517311 12.583737526744773
0.869588 266.10915821722955 12.143532515558054
0.87146 257.29003934190837 11.717001801940404
0.873333 248.7663601846661 11.30371703488467
0.875205 240.5278466955695 10.903263835250607
0.877078 232.5645989218569 10.515241316713599
0.87895 224.86707671234757 10.139261624016164
0.880823 217.4260859950709 9.774949487864443
0.882695 210.23276560401428 9.421941795837885
0.884567 203.2785746319737 9.079887178706057
0.88644 196.55528028747597 8.748445611569267
0.888312 190.05494623472902 8.427288029264764
0.890185 183.76992139646126 8.116095955501143
0.892057 177.6928292003912 7.814561145204587
0.89393 171.81655725091807 7.522385239582686
0.895802 166.13424740840443 7.2392794334286155
0.897675 160.6392862592075 6.964964154209602
0.899547 155.3252959603246 6.69916875249975
0.901419 150.18612544323057 6.441631203335457
0.903292 145.21584196214022 6.192097818087889
0.905164 140.40872297256468 5.9503229664626565
0.907037 135.75924832664458 5.71606880825244
0.908909 131.26209277230777 5.489105034482203
0.910782 126.9121187438708 5.269208617601361
0.912654 122.70436943221334 5.056163570389984
0.914527 118.63406212317483 4.849760713259416
0.916399 114.69658179329755 4.649797449639859
0.918272 110.88747495249966 4.45607754915928
0.920144 107.20244372371184 4.268410938329354
0.922016 103.63734014991992 4.086613498465082
0.923889 100.1881607194714 3.9105068705753183
0.925761 96.8510411008762 3.7399182669710873
0.927634 93.62225107871055 3.5746802893487466
0.929506 90.49818968257968 3.4146307531137676
0.931379 87.47538050142882 3.2596125177200808
0.933251 84.55046717582303 3.1094733228087357
0.935124 81.72020906111176 2.964065629936872
0.936996 78.98147705470102 2.823246469697196
0.938869 76.33124958092642 2.6868772940344003
0.940741 73.76660872729835 2.5548238335731943
0.942613 71.28473652614336 2.426955959779142
0.944486 68.88291137591287 2.303147551780043
0.946358 66.5585045966698 2.1832763676825833
0.948231 64.30897711448372 2.0672239202246043
0.950103 62.13187626968788 1.9548753566095396
0.951976 60.024832744151304 1.8461193423752231
0.953848 57.98555760292477 1.7408479491549027
0.955721 56.011839445800774 1.6389565461931621
0.957593 54.10154166451721 1.540343695485034
0.959465 52.2525998015023 1.444911050411151
0.961338 50.46301900622643 1.3525632577463158
0.96321 48.73087158538847 1.263207862923914
0.965083 47.05429464331155 1.176755218442291
0.966955 45.43148780907572 1.0931183953038133
0.968828 43.86071104704828 1.0122130973811165
0.9707 42.340282547612844 0.9339575786090482
0.972573 40.868576695022554 0.858272562904304
0.974445 39.44402210942667 0.7850811667184843
0.976318 38.06509976024048 0.7143088241337825
0.97819 36.730341148136475 0.645883214413459
0.980062 35.43832655304913 0.579734191922892
0.981935 34.18768334568316 0.5157937183396974
0.983807 32.977084360120294 0.45399579707447746
0.98568 31.805246325211062 0.39427640982656253
0.987552 30.67092835253093 0.33657345520184734
0.989425 29.572930478768843 0.2808266893223941
0.991297 28.510092260497558 0.22697766835996536
0.99317 27.4812914193593 0.1749696929282285
0.995042 26.48544253577395 0.1247477542704738
0.996915 25.521495789353917 0.07625848218207842
0.998787 24.588435744279806 0.029450094609162036
1.00066 23.685280177958216 -0.01572765113328245
1.00253 22.811078951350883 -0.059323505578194435
1.0044 21.96491291942424 -0.10138477281092584
1.00628 21.145892880231195 -0.14195735471209314
1.00815 20.353158561192842 -0.18108579378784384
1.01002 19.585877641204245 -0.21881331463476084
1.01189 18.843244807241653 -0.2551818640850465
1.01377 18.124480844198043 -0.2902321500759868
1.01564 17.428831756725767 -0.3240036792861418
1.01751 16.7555679219089 -0.35653479357929196
1.01938 16.10398327163557 -0.38786270529565225
1.02126 15.473394503581545 -0.41802353142859916
1.02313 14.863140319760568 -0.4470523267237203
1.025 14.272580691634497 -0.47498311573577023
1.02687 13.701096150816012 -0.5018489238779225
1.02875 13.148087104433175 -0.5276818074964233
1.03062 12.612973174259622 -0.5525128830027328
1.03249 12.0951925587502 -0.5763723550939996
1.03436 11.594201417151872 -0.5992895440917767
1.03624 11.109473274893018 -0.6212929124277897
1.03811 10.640498449483664 -0.6424100903045868
1.03998 10.186783496187275 -0.6626679005579925
1.04185 9.74785067275444 -0.6820923827473022
1.04373 9.323237422533314 -0.7007088164983322
1.0456 8.912495875299106 -0.7185417441235256
1.04747 8.515192365167723 -0.7356149925425801
1.04934 8.130906964984533 -0.7519516945261433
1.05122 7.7592330365998805 -0.7675743092844827
1.05309 7.399776796466207 -0.7825046424222162
1.05496 7.052156896012144 -0.7967638652794933
1.05683 6.716004016268779 -0.8103725336793777
1.05871 6.390960476243944 -0.8233506061004294
1.06058 6.076679854557436 -0.8357174612929372
1.06245 5.772826623869268 -0.8474919153565688
1.06432 5.479075797649854 -0.8586922382966402
1.0662 5.195112588857226 -0.8693361700756463
1.06807 4.920632080103415 -0.8794409361760798
1.06994 4.655338904906244 -0.8890232626901104
1.07181 4.398946939638513 -0.898099390951107
1.07369 4.151179005799872 -0.9066850917215534
1.07556 3.9117665822514147 -0.914795678951356
1.07743 3.6804495270650834 -0.9224460231201443
1.0793 3.456975808653291 -0.9296505641766724
1.08117 3.2411012458562034 -0.9364233240880095
1.08305 3.0325892566753683 -0.9427779190108017
1.08492 2.831210615354578 -0.9487275710964631
1.08679 2.6367432175186356 -0.9542851199417755
1.08866 2.448971853091779 -0.9594630336960046
1.09054 2.2676879867274735 -0.9642734198352605
1.09241 2.0926895454905408 -0.968728035614508
1.09428 1.9237807135424694 -0.9728382982072505
1.09615 1.7607717335892397 -0.9766152945426279
1.09803 1.603478714859878 -0.9800697908493248
1.0999 1.45172344739187 -0.9832122419153941
1.10177 1.3053332224081906 -0.9860528000727926
1.10364 1.1641406585777438 -0.9886013239151452
1.10552 1.0279835339586882 -0.9908673867570039
1.10739 0.8967046234313272 -0.9928602848425427
1.10926 0.7701515414339745 -0.9945890453114419
1.11113 0.6481765898216881 -0.996062433929416
1.11301 0.5306366106745335 -0.9972889625906178
1.11488 0.41739284388772946 -0.9982768965989248
1.11675 0.3083107893821401 -0.9990342617348793
1.11862 0.2032600737793586 -0.999568851114838
1.1205 0.1021143213907403 -0.9998882318486884
1.12237 0.004751029375564678 -0.9999997515022676
1.12424 -0.01080934584810786 -0.9999891891292765
1.12611 -0.0221476923120945 -0.9999544614342935
1.12799 -0.03344733658449621 -0.9998957888949698
1.12986 -0.044707929035531946 -0.999813174321371
1.13173 -0.05592912242574316 -0.9997066216702436
1.1336 -0.06711057191212526 -0.9995761360448259
1.13548 -0.07825193505418687 -0.9994217236946028
1.13735 -0.08935287181995628 -0.9992433920150074
1.13922 -0.10041304459190813 -0.9990411495470664
1.14109 -0.11143211817282994 -0.9988150059769904
1.14297 -0.12240975979162083 -0.9985649721357112
1.14484 -0.13334563910901642 -0.9982910599983623
1.14671 -0.14423942822325783 -0.9979932826837055
1.14858 -0.1550908016756793 -0.9976716544535027
1.15046 -0.16589943645623423 -0.9973261907118325
1.15233 -0.17666501200894405 -0.996956908004353
1.1542 -0.1873872102372896 -0.9965638240175089
1.15607 -0.1980657155095196 -0.9961469575776845
1.15795 -0.2087002146638942 -0.9957063286503024
1.15982 -0.21929039701385766 -0.9952419583388666
1.16169 -0.22983595435313303 -0.9947538688839526
1.16356 -0.2403365809607568 -0.9942420836621414
1.16544 -0.2507919736060293 -0.9937066271849003
1.16731 -0.26120183155339854 -0.9931475250974091
1.16918 -0.2715658565672696 -0.9925648041773314
1.17105 -0.2818837529167361 -0.9919584923335327
1.17293 -0.2921552273802489 -0.9913286186047431
1.1748 -0.30237998925019827 -0.9906752131581669
1.17667 -0.3125577503374295 -0.9899983072880376
1.17854 -0.3226882249756755 -0.9892979334141196
1.18041 -0.33277113002592656 -0.9885741250801546
1.18229 -0.34280618488071235 -0.9878269169522558
1.18416 -0.35279311146831416 -0.9870563448172467
1.18603 -0.36273163425690047 -0.9862624455809488
1.1879 -0.37262148025858033 -0.985445257266412
1.18978 -0.3824623790333916 -0.9846048190120952
1.19165 -0.3922540626932001 -0.9837411710699906
1.19352 -0.4019962659055272 -0.9828543548036965
1.19539 -0.4116887258972996 -0.9819444126864363
1.19727 -0.4213311824585156 -0.981011388299024
1.19914 -0.4309233779458438 -0.9800553263277768
1.20101 -0.4404650572861322 -0.9790762725623753
1.20288 -0.4499559679798457 -0.9780742738936701
1.20476 -0.45939586010441663 -0.9770493783114365
1.20663 -0.46878448631752767 -0.9760016349020753
1.2085 -0.4781216018603042 -0.9749310938462626
1.21037 -0.48740696456043187 -0.973837806416546
1.21225 -0.4966403348351941 -0.9727218249748892
1.21412 -0.5058214756944236 -0.971583202970164
1.21599 -0.5149501527433851 -0.9704219949355903
1.21786 -0.5240261341855649 -0.9692382564861248
1.21974 -0.5330491908253855 -0.9680320443157968
1.22161 -0.5420190960708393 -0.966803416194993
1.22348 -0.5509356259360356 -0.9655524309676913
1.22535 -0.559798559043675 -0.9642791485486415
1.22723 -0.5686076766274335 -0.9629836299204961
1.2291 -0.5773627625342691 -0.9616659371308903
1.23097 -0.5860636032266406 -0.9603261332894695
1.23284 -0.5947099877846552 -0.9589642825648665
1.23472 -0.6033017079081211 -0.9575804501816294
1.23659 -0.6118385579185242 -0.9561747024170963
1.23846 -0.6203203347609211 -0.954747106598222
1.24033 -0.6287468380057445 -0.9532977310983531
1.24221 -0.6371178698505341 -0.9518266453339534
1.24408 -0.6454332351215758 -0.9503339197612791
1.24595 -0.653692741275461 -0.9488196258730044
1.24782 -0.6618961984005626 -0.9472838361947975
1.2497 -0.6700434192184225 -0.9457266242818476
1.25157 -0.6781342190850643 -0.9441480647153409
1.25344 -0.686168415992213 -0.942548233098889
1.25531 -0.694145830568435 -0.9409272060549088
1.25719 -0.7020662860801898 -0.9392850612209519
1.25906 -0.7099296084328054 -0.9376218772459861
1.26093 -0.7177356261713589 -0.9359377337866293
1.2628 -0.7254841704814806 -0.9342327115033335
1.26468 -0.7331750751900686 -0.9325068920565224
1.26655 -0.740808176765918 -0.9307603581026804
1.26842 -0.7483833143202715 -0.9289931932903933
1.27029 -0.7559003296072782 -0.9272054822563423
1.27216 -0.7633590670243696 -0.92539731062125
1.27404 -0.7707593736125523 -0.9235687649857806
1.27591 -0.7781010990566093 -0.9217199329263916
1.27778 -0.7853840956852266 -0.9198509029911397
1.27965 -0.7926082184710245 -0.917961764695439
1.28153 -0.7997733250305084 -0.9160526085177749
1.2834 -0.8068792756239306 -0.9141235258953708
1.28527 -0.8139259331550732 -0.9121746092198071
1.28714 -0.8209131631709387 -0.9102059518325982
1.28902 -0.8278408338613572 -0.9082176480207207
1.29089 -0.8347088160585102 -0.9062097930120983
1.29276 -0.8415169832363638 -0.9041824829710408
1.29463 -0.8482652115100227 -0.902135814993638
1.29651 -0.8549533796349936 -0.90006988710311
1.29838 -0.8615813690063657 -0.8979847982451117
1.30025 -0.8681490636578999 -0.895880648282995
1.30212 -0.8746563502610432 -0.8937575379930248
1.304 -0.8811031181238458 -0.8916155690595531
1.30587 -0.8874892591898008 -0.8894548440701485
1.30774 -0.8938146680365932 -0.8872754665106832
1.30961 -0.9000792418747638 -0.885077540760377
1.31149 -0.9062828805462921 -0.882861172086797
1.31336 -0.9124254865230881 -0.880626466640817
1.31523 -0.9185069649054002 -0.8783735314515331
1.3171 -0.9245272234201399 -0.876102474421137
1.31898 -0.9304861724191152 -0.8738134043197501
1.32085 -0.936383724877187 -0.8715064307802116
1.32272 -0.9422197963903317 -0.8691816642928293
1.32459 -0.9479943051736247 -0.8668392162000871
1.32647 -0.9537071720591325 -0.864479198691313
1.32834 -0.9593583204937267 -0.8621017247973054
1.33021 -0.9649476765368072 -0.8597069083849194
1.33208 -0.970475168857942 -0.8572948641516138
1.33396 -0.9759407287344228 -0.8548657076199573
1.33583 -0.9813442900487327 -0.8524195551320966
1.3377 -0.9866857892859344 -0.8499565238441825
1.33957 -0.9919651655309677 -0.8474767317207608
1.34145 -0.9971823604658663 -0.8449802975291212
1.34332 -1.0023373183668878 -0.8424673408336091
1.34519 -1.0074299861015577 -0.8399379819899007
1.34706 -1.0124603131256358 -0.8373923421392364
1.34894 -1.0174282514799895 -0.8348305432026204
1.35081 -1.022333755787389 -0.8322527078749806
1.35268 -1.0271767832492136 -0.8296589596192936
1.35455 -1.0319572936420796 -0.8270494226606697
1.35643 -1.03667524931438 -0.8244242219804043
1.3583 -1.041330615182741 -0.8217834833099921
1.36017 -1.045923358728398 -0.8191273331251044
1.36204 -1.050453449993481 -0.8164558986395338
1.36392 -1.0549208615772268 -0.8137693077990986
1.36579 -1.0593255686320981 -0.8110676892755169
1.36766 -1.063667548859828 -0.8083511724602432
1.36953 -1.0679467825073732 -0.8056198874582716
1.3714 -1.0721632523627906 -0.802873965081905
1.37328 -1.0763169437510298 -0.8001135368444887
1.37515 -1.0804078445296428 -0.7973387349541128
1.37702 -1.0844359450844099 -0.7945496923072795
1.37889 -1.0884012383248851 -0.7917465424825394
1.38077 -1.0923037196798604 -0.7889294197340923
1.38264 -1.0961433870927468 -0.7860984589853577
1.38451 -1.0999202410168727 -0.7832537958225136
1.38638 -1.1036342844107045 -0.7803955664880013
1.38826 -1.1072855227329808 -0.7775239078740025
1.39013 -1.1108739639377714 -0.7746389575158801
1.392 -1.1143996184694507 -0.7717408535855927
1.39387 -1.1178624992575927 -0.7688297348850772
1.39575 -1.1212626217117854 -0.7659057408396001
1.39762 -1.1246000037163635 -0.7629690114910808
1.39949 -1.1278746656250636 -0.7600196874913839
1.40136 -1.1310866302555973 -0.7570579100955823
1.40324 -1.1342359228841459 -0.7540838211551927
1.40511 -1.1373225712397745 -0.7510975631113823
1.40698 -1.1403466054987692 -0.7480992789881451
1.40885 -1.1433080582788933 -0.7450891123854528
1.41073 -1.1462069646335649 -0.7420672074723778
1.4126 -1.149043362045957 -0.7390337089801864
1.41447 -1.1518172904230184 -0.7359887621954104
1.41634 -1.1545287920894183 -0.7329325129528852
1.41822 -1.1571779117814107 -0.729865107628767
1.42009 -1.1597646966406236 -0.7267866931335221
1.42196 -1.1622891962077688 -0.72369741690489
1.42383 -1.164751462416276 -0.7205974269008238
1.42571 -1.1671515495858502 -0.7174868715924021
1.42758 -1.169489514415953 -0.7143658999567182
1.42945 -1.1717654159792061 -0.7112346614697457
1.43132 -1.1739793157147194 -0.7080933060991803
1.4332 -1.1761312774213446 -0.7049419842972553
1.43507 -1.1782213672508532 -0.7017808469935367
1.43694 -1.1802496537010367 -0.6986100455876952
1.43881 -1.1822162076087364 -0.6954297319422535
1.44069 -1.1841211021427933 -0.6922400583753157
1.44256 -1.185964412796931 -0.6890411776532688
1.44443 -1.1877462173825553 -0.6858332429834687
1.4463 -1.1894665960214892 -0.6826164080069009
1.44818 -1.1911256311386278 -0.679390826790823
1.45005 -1.1927234074545243 -0.6761566538213857
1.45192 -1.1942600119778994 -0.6729140439962332
1.45379 -1.1957355339980844 -0.669663152617085
1.45567 -1.1971500650773836 -0.6664041353822971
1.45754 -1.1985036990433728 -0.6631371483794073
1.45941 -1.1997965319811208 -0.6598623480776565
1.46128 -1.201028662225343 -0.6565798913204963
1.46316 -1.202200190352482 -0.6532899353180773
1.46503 -1.2033112191727193 -0.6499926376397187
1.4669 -1.2043618537219145 -0.6466881562063638
1.46877 -1.2053522012534774 -0.6433766492830132
1.47064 -1.2062823712301682 -0.6400582754711479
1.47252 -1.2071524753158296 -0.6367331937011315
1.47439 -1.2079626273670498 -0.6334015632245985
1.47626 -1.2087129434247568 -0.6300635436068289
1.47813 -1.2094035417057443 -0.6267192947191029
1.48001 -1.2100345425941295 -0.623368976731047
1.48188 -1.2106060686327451 -0.6200127501029598
1.48375 -1.2111182445144617 -0.616650775578131
1.48562 -1.2115711970734448 -0.6132832141751383
1.4875 -1.2119650552763452 -0.6099102271801389
1.48937 -1.212299950213423 -0.6065319761391424
1.49124 -1.212576015089606 -0.6031486228502757
1.49311 -1.2127933852154826 -0.5997603293560334
1.49499 -1.21295219799823 -0.5963672579355157
1.49686 -1.213052592932478 -0.5929695710966573
1.49873 -1.2130947115911077 -0.589567431568444
1.5006 -1.213078697615986 -0.5861610022931187
1.50248 -1.2130046967086394 -0.5827504464183788
1.50435 -1.212872856620861 -0.5793359272895596
1.50622 -1.2126833271452575 -0.575917608441814
1.50809 -1.2124362601057312 -0.5724956535922776
1.50997 -1.212131809347904 -0.5690702266322305
1.51184 -1.2117701307294764 -0.5656414916192447
1.51371 -1.2113513821105248 -0.5622096127693292
1.51558 -1.2108757233437435 -0.5587747544490634
1.51746 -1.2103433162646184 -0.555337081167726
1.51933 -1.2097543246815485 -0.5518967575694158
1.5212 -1.2091089143659015 -0.5484539484251658
1.52307 -1.2084072530420145 -0.5450088186250516
1.52495 -1.207649510377134 -0.5415615331702948
1.52682 -1.206835857971298 -0.5381122571653592
1.52869 -1.20596646934716 -0.5346611558100458
1.53056 -1.2050415199397566 -0.5312083943915774
1.53244 -1.2040611870862155 -0.5277541382766849
1.53431 -1.2030256500154108 -0.5242985529036851
1.53618 -1.2019350898375578 -0.5208418037745604
1.53805 -1.200789689533754 -0.5173840564470281
1.53993 -1.1995896339454668 -0.5139254765266146
1.5418 -1.1983351097639614 -0.5104662296587216
1.54367 -1.1970263055196781 -0.507006481520694
1.54554 -1.1956634115715552 -0.5035463978138853
1.54742 -1.1942466200962967 -0.5000861442557201
1.54929 -1.1927761250775855 -0.4966258865717572
1.55116 -1.191252122295249 -0.4931657904877538
1.55303 -1.1896748093143683 -0.48970602172172795
1.55491 -1.1880443854743346 -0.4862467459760198
1.55678 -1.1863610518778582 -0.48278812892935785
1.55865 -1.1846250113799224 -0.47933033622892207
1.56052 -1.1828364685766894 -0.4758735334824111
1.5624 -1.1809956297943571 -0.4724178862501123
1.56427 -1.1791027030779624 -0.4689635600369684
1.56614 -1.1771578981801374 -0.4655107202846549
1.56801 -1.1751614265498191 -0.4620595323636537
1.56988 -1.1731135013209062 -0.4586101615653342
1.57176 -1.1710143373008737 -0.45516277309403685
1.57363 -1.168864150959334 -0.45171753205915965
1.5755 -1.1666631604165558 -0.4482746034672517
1.57737 -1.1644115854319343 -0.44483415221410905
1.57925 -1.1621096473924186 -0.44139634307687925
1.58112 -1.1597575693008872 -0.43796134070616777
1.58299 -1.1573555757644858 -0.4345293096181516
1.58486 -1.1549038929829152 -0.43110041418670253
1.58674 -1.152402748736679 -0.42767481863551127
1.58861 -1.1498523723752847 -0.424252687030226
1.59048 -1.1472529948054038 -0.4208341832705913
1.59235 -1.1446048484789877 -0.41741947108259925
1.59423 -1.1419081673813425 -0.414008714010649
1.5961 -1.1391631870191616 -0.41060207540971216
1.59797 -1.1363701444085195 -0.40719971843751135
1.59984 -1.133529278062819 -0.4038018060467041
1.60172 -1.130640827980705 -0.4004085009770785
1.60359 -1.127705035633934 -0.3970199657477592
1.60546 -1.1247221439552084 -0.3936363626494257
1.60733 -1.1216923973259663 -0.39025785373653554
1.60921 -1.1186160415641382 -0.3868846008195662
1.61108 -1.115493323911865 -0.383516765457264
1.61295 -1.1123244930231753 -0.38015450894890634
1.61482 -1.1091097989516328 -0.37679799232657774
1.6167 -1.105849493137938 -0.37344737634745506
1.61857 -1.1025438283975038 -0.3701028214861103
1.62044 -1.0991930589079888 -0.36676448792682337
1.62231 -1.0957974401967996 -0.3634325355559108
1.62419 -1.0923572291285584 -0.3601071239540695
1.62606 -1.0888726838925329 -0.3567884123887308
1.62793 -1.0853440639900411 -0.3534765598064349
1.6298 -1.081771630221814 -0.35017172482521697
1.63168 -1.0781556446753338 -0.34687406572701196
1.63355 -1.0744963707121344 -0.3435837404500719
1.63542 -1.0707940729550767 -0.3403009065814022
1.63729 -1.067049017275586 -0.33702572134921505
1.63917 -1.0632614707808654 -0.3337583416153974
1.64104 -1.059431701801079 -0.33049892386800084
1.64291 -1.0555599798764999 -0.3272476242137443
1.64478 -1.0516465757446367 -0.32400459837053786
1.64666 -1.0476917613273284 -0.32077000166002634
1.64853 -1.0436958097178117 -0.3175439890001477
1.6504 -1.0396589951677633 -0.314326714897717
1.65227 -1.0355815930743115 -0.31111833344102313
1.65415 -1.0314638799670264 -0.30791899829245006
1.65602 -1.0273061334948808 -0.30472886268111743
1.65789 -1.02310863241319 -0.30154807939554307
1.65976 -1.0188716565705223 -0.2983768007763221
1.66164 -1.0145954868955886 -0.2952151787088342
1.66351 -1.0102804053841092 -0.2920633646159665
1.66538 -1.0059266950856545 -0.28892150945086315
1.66725 -1.0015346400904668 -0.28578976368969555
1.66912 -0.997104525516257 -0.2826682773244531
1.671 -0.992636637494982 -0.2795571998557631
1.67287 -0.9881312631596014 -0.2764566802857269
1.67474 -0.9835886906308111 -0.27336686711078595
1.67661 -0.9790092090037635 -0.27028790831461025
1.67849 -0.974393108334758 -0.26721995136100785
1.68036 -0.9697406796279232 -0.26416314318686474
1.68223 -0.965052214821874 -0.2611176301951066
1.6841 -0.9603280067763573 -0.2580835582476875
1.68598 -0.9555683492588717 -0.25506107265860334
1.68785 -0.9507735369312784 -0.2520503181869318
1.68972 -0.9459438653363927 -0.2490514390299008
1.69159 -0.9410796308845606 -0.24606457881597998
1.69347 -0.9361811308402203 -0.24308988059800485
1.69534 -0.9312486633084477 -0.24012748684632257
1.69721 -0.9262825272214907 -0.2371775394419695
1.69908 -0.9212830223252878 -0.23424017966987676
1.70096 -0.9162504491659735 -0.23131554821210143
1.70283 -0.9111851090763765 -0.22840378514109183
1.7047 -0.9060873041624957 -0.22550502991297616
1.70657 -0.900957337289976 -0.22261942136088386
1.70845 -0.8957955120705647 -0.21974709768829714
1.71032 -0.8906021328485653 -0.2168881964624324
1.71219 -0.8853775046872736 -0.21404285460764982
1.71406 -0.8801219333554104 -0.21121120839889662
1.71594 -0.8748357253135428 -0.2083933934551795
1.71781 -0.8695191877004984 -0.20558954473307034
1.71968 -0.8641726283197739 -0.20279979652024294
1.72155 -0.8587963556259298 -0.20002428242903902
1.72343 -0.8533906787109861 -0.19726313539007134
1.7253 -0.8479559072908084 -0.1945164876458565
1.72717 -0.8424923516914886 -0.19178447074448035
1.72904 -0.837000322835724 -0.18906721553329997
1.73092 -0.8314801322291832 -0.1863648521526735
1.73279 -0.8259320919468789 -0.18367751002972998
1.73466 -0.820356514619531 -0.18100531787216934
1.73653 -0.8147537134199285 -0.1783484036620986
1.73841 -0.8091240020492878 -0.17570689464990152
1.74028 -0.8034676947236115 -0.1730809173481449
1.74215 -0.7977851061600439 -0.17047059752551874
1.74402 -0.7920765515632271 -0.1678760602008127
1.7459 -0.7863423466116578 -0.16529742963692962
1.74777 -0.78058280744404 -0.16273482933493244
1.74964 -0.7747982506456438 -0.16018838202813002
1.75151 -0.7689889932346639 -0.1576582096761987
1.75339 -0.7631553526485766 -0.15514443345934126
1.75526 -0.7572976467305078 -0.15264717377248394
1.75713 -0.7514161937155923 -0.15016655021950864
1.759 -0.7455113122173471 -0.14770268160752553
1.76087 -0.7395833212140407 -0.14525568594118266
1.76275 -0.7336325400350758 -0.1428256804170155
1.76462 -0.7276592883473668 -0.14041278141783098
1.76649 -0.7216638861417305 -0.13801710450713678
1.76836 -0.71564665371928 -0.13563876442360423
1.77024 -0.7096079116778259 -0.13327787507557343
1.77211 -0.7035479808982863 -0.13093454953559958
1.77398 -0.6974671825310979 -0.12860890003503433
1.77585 -0.6913658379826452 -0.1263010379586531
1.77773 -0.6852442689016905 -0.12401107383931897
1.7796 -0.6791027971658173 -0.12173911735268961
1.78147 -0.6729417448678827 -0.11948527731196501
1.78334 -0.6667614343024775 -0.1172496616626737
1.78522 -0.6605621879524012 -0.11503237747750528
1.78709 -0.6543443284751457 -0.11283353095118054
1.78896 -0.6481081786893931 -0.11065322739536732
1.79083 -0.6418540615615211 -0.10849157123363429
1.79271 -0.6355823001921279 -0.10634866599645143
1.79458 -0.6292932178025651 -0.10422461431623109
1.79645 -0.622987137721486 -0.10211951792241147
1.79832 -0.6166643833714129 -0.10003347763658688
1.8002 -0.6103252782553106 -0.09796659336767655
1.80207 -0.6039701459431822 -0.09591896410713985
1.80394 -0.5975993100586773 -0.09389068792423694
1.80581 -0.5912130942657219 -0.09188186196133019
1.80769 -0.5848118222551573 -0.08989258242923237
1.80956 -0.578395817731402 -0.0879229446025982
1.81143 -0.5719654043991304 -0.08597304281536133
1.8133 -0.565520905949969 -0.08404297045621689
1.81518 -0.5590626460492163 -0.08213281996414912
1.81705 -0.552590948322572 -0.08024268282400193
1.81892 -0.5461061363428968 -0.07837264956209955
1.82079 -0.5396085336169869 -0.07652280974190995
1.82267 -0.533098463572371 -0.07469325195975496
1.82454 -0.5265762495441313 -0.07288406384056867
1.82641 -0.5200422147617384 -0.071095332033698
1.82828 -0.5134966823359194 -0.06932714220875491
1.83016 -0.5069399752455411 -0.06757957905151257
1.83203 -0.5003724163245215 -0.06585272625984973
1.8339 -0.4937943282487599 -0.06414666653974144
1.83577 -0.4872060335230976 -0.062461481601298496
1.83765 -0.48060785446829896 -0.0607972521548541
1.83952 -0.47400011320805974 -0.059154057907097046
1.84139 -0.4673831316560424 -0.05753197755725681
1.84326 -0.46075723150293446 -0.05593108879333164
1.84514 -0.45412273420353705 -0.05435146828836923
1.84701 -0.44747996096387943 -0.052793191696794306
1.84888 -0.4408292327283593 -0.051256333650784525
1.85075 -0.4341708701669192 -0.049740967756697785
1.85263 -0.42750519366223977 -0.04824716659154482
1.8545 -0.4208325232969708 -0.04677500169951432
1.85637 -0.4141531788409902 -0.045324543588546096
1.85824 -0.40746747973869507 -0.04389586172695514
1.86011 -0.40077574509631647 -0.042489024540102505
1.86199 -0.3940782936692717 -0.04110409940712012
1.86386 -0.38737544384954853 -0.0397411526576823
1.86573 -0.38066751365311635 -0.0384002495688297
1.8676 -0.3739548207073778 -0.0370814543618434
1.86948 -0.3672376822386418 -0.03578483019916745
1.87135 -0.36051641505964216 -0.03451043918138552
1.87322 -0.3537913355570831 -0.03325834234424563
1.87509 -0.3470627596792202 -0.03202859965573712
1.87697 -0.34033100292347923 -0.030821270013218993
1.87884 -0.3335963803241045 -0.029636411240598126
1.88071 -0.326859206439849 -0.02847408008556085
1.88258 -0.32011979534169654 -0.027334332216854218
1.88446 -0.31337846060062413 -0.026217222221620706
1.88633 -0.306635515275397 -0.025122803602783073
1.8882 -0.2998912719004048 -0.02405112877648219
1.89007 -0.29314604247353526 -0.023002249069566494
1.89195 -0.28640013844408263 -0.021976214717133846
1.89382 -0.2796538707007039 -0.020973074860125673
1.89569 -0.27290754955940144 -0.019992877542973186
1.89756 -0.26616148475155715 -0.019035669711296332
1.89944 -0.25941598541199873 -0.018101497209655704
1.90131 -0.2526713600671119 -0.017190404779356294
1.90318 -0.24592791662299285 -0.016302436056305325
1.90505 -0.23918596235363693 -0.015437633568921805
1.90693 -0.2324458038891745 -0.014596038736099937
1.9088 -0.22570774720414885 -0.013777691865225372
1.91067 -0.21897209760583725 -0.012982632150244755
1.91254 -0.21223915972260918 -0.012210897669788223
1.91442 -0.20550923749233468 -0.011462525385346312
1.91629 -0.19878263415083586 -0.010737551139499035
1.91816 -0.1920596522203796 -0.010036009654199707
1.92003 -0.18534059349821916 -0.009357934529111933
1.92191 -0.17862575904517602 -0.008703358240000236
1.92378 -0.17191544917427212 -0.008072312137174298
1.92565 -0.1652099634394055 -0.007464826443988493
1.92752 -0.15850960062407277 -0.006880930255393158
1.9294 -0.15181465873014038 -0.0063206515365421545
1.93127 -0.14512543496665872 -0.0057840171214529335
1.93314 -0.1384422257387284 -0.005271052711721236
1.93501 -0.13176532663641186 -0.004781782875290519
1.93689 -0.1250950324236958 -0.004316231045275343
1.93876 -0.11843163702749843 -0.003874419518838379
1.94063 -0.11177543352673 -0.003456369456123598
1.9425 -0.1051267141414012 -0.003062100879241747
1.94438 -0.09848577022177911 -0.0026916326713120053
1.94625 -0.09185289223760174 -0.002344982575557708
1.94812 -0.08522836976733125 -0.002022167194455915
1.94999 -0.07861249148746653 -0.001723201988943046
1.95187 -0.07200554516190699 -0.0014481012776736968
1.95374 -0.06540781763136376 -0.001196878236335186
1.95561 -0.058819594802830076 -0.0009695448970169496
1.95748 -0.052241161639093064 -0.0007661121476332244
1.95935 -0.04567280214831126 -0.0005865897314023538
1.96123 -0.039114799373636044 -0.0004309862463802716
1.9631 -0.032567435382894416 -0.0002993091450480545
1.96497 -0.026030991258314717 -0.00019156473395565143
1.96684 -0.019505747086319414 -0.00010775817341901472
1.96872 -0.012991981947364189 -0.00004789347727407467
1.97059 -0.006489973905834574 -0.000011973512683560728
1.97246 3.0133315682020127e-16 0.
