#1001 0.10001 2.62246
0.10001 4.793282639232277e15 3.9951991209437056e12
0.102532 3.382066750707529e15 2.962943456601997e12
0.105055 2.4066465715945005e15 2.213418012685177e12
0.107577 1.7264291757123418e15 1.6649796031930627e12
0.1101 1.2480413576625005e15 1.2607253026752441e12
0.112622 9.088693285826919e14 9.606567454163636e11
0.115145 6.665377419906534e14 7.364291854191248e11
0.117667 4.9211503739607e14 5.678000003518456e11
0.12019 3.6568175827729425e14 4.4020532717902185e11
0.122712 2.7341266181795953e14 3.4309247179415955e11
0.125235 2.0563810759447372e14 2.68763092268176e11
0.127757 1.5554488310207603e14 2.1156448351404654e11
0.130279 1.1829830768618647e14 1.673200121745342e11
0.132802 9.044427393563672e13 1.3292512080338637e11
0.135324 6.949884156292091e13 1.0605880968000354e11
0.137847 5.366448364440323e13 8.497623305628835e10
0.140369 4.163251143932037e13 6.8358662263224434e10
0.142892 3.2444567649650145e13 5.520428771956566e10
0.145414 2.5394891813409004e13 4.4748278005098404e10
0.147937 1.9960919917702387e13 3.640392670537004e10
0.150459 1.5753703533627207e13 2.9719088247785004e10
0.152981 1.2482280069164982e13 2.4343761436227806e10
0.155504 9.927923178914836e12 2.0005845666535805e10
0.158026 7.92543147089596e12 1.6492920461436085e10
0.160549 6.349459583938417e12 1.3638486932447552e10
0.163071 5.104481584814629e12 1.1311530871337847e10
0.165594 4.117384864849795e12 9.40857041967432e9
0.168116 3.331978837408657e12 7.847570808782361e9
0.170639 2.704904416085796e12 6.563268428482278e9
0.173161 2.2025731934995015e12 5.50356332920357e9
0.175684 1.798867090423246e12 4.626725132673508e9
0.178206 1.4734021920446775e12 3.899220729367456e9
0.180728 1.2102129965541475e12 3.294019168128126e9
0.183251 9.967512816384233e11 2.7892641785645685e9
0.185773 8.23121396241823e11 2.3672309800325365e9
0.188296 6.814939362932191e11 2.0135037253422577e9
0.190818 5.656545406578306e11 1.7163247839027116e9
0.193341 4.706554273554976e11 1.4660783202753513e9
0.195863 3.925453398553594e11 1.2548791776003385e9
0.198386 3.281595513628252e11 1.0762446021452348e9
0.200908 2.749560323251353e11 9.248313435708834e8
0.203431 2.308872226840932e11 7.962245068437425e8
0.205953 1.9429935707476566e11 6.867674940124345e8
0.208475 1.6385318144823245e11 5.934246661121624e8
0.210998 1.3846133017306198e11 5.136701346956874e8
0.21352 1.1723871912946841e11 4.453974780378556e8
0.216043 9.946313824340727e10 3.8684625937707996e8
0.218565 8.454385993240677e10 3.3654207256176704e8
0.221088 7.199656550738107e10 2.9324750684899724e8
0.22361 6.142326522228823e10 2.559219477656693e8
0.226133 5.249617607492928e10 2.2368854597828445e8
0.228655 4.494474475439216e10 1.958070150211444e8
0.231178 3.8545176517085236e10 1.7165118007812777e8
0.2337 3.311196579638702e10 1.506904082215358e8
0.236222 2.8491029795431477e10 1.3247421681162645e8
0.238745 2.4554128885083637e10 1.1661948992040254e8
0.241267 2.1194322465216747e10 1.0279983952831203e8
0.24379 1.83222599910308e10 9.073673424285576e7
0.246312 1.5863147155064507e10 8.019208764662786e7
0.248835 1.3754259096033358e10 7.096205444773836e7
0.251357 1.1942897794894423e10 6.287182802736644e7
0.25388 1.0384710927857517e10 5.5771269858906925e7
0.256402 9.042305474326788e9 4.953123128170741e7
0.258924 7.8841021828407545e9 4.40404525814437e7
0.261447 6.883387251412032e9 3.920294432254513e7
0.263969 6.017525807046998e9 3.493577224749577e7
0.266492 5.267308386986819e9 3.1167180486766748e7
0.269014 4.616406958012326e9 2.783499886122398e7
0.271537 4.050921318130756e9 2.4885289149063673e7
0.274059 3.559000211570026e9 2.227119268940922e7
0.276582 3.1305243155465226e9 1.99519478941595e7
0.279104 2.756840554872428e9 1.7892051373291824e7
0.281627 2.4305390710789766e9 1.606054063734377e7
0.284149 2.1452656986111772e9 1.4430379879523493e7
0.286671 1.8955640476583571e9 1.2977933285495093e7
0.289194 1.6767423141635196e9 1.1682512774866045e7
0.291716 1.4847607749821951e9 1.052598912951187e7
0.294239 1.3161366142542002e9 9.492457179610137e6
0.296761 1.1678632934250565e9 8.567947155732216e6
0.299284 1.037342144336334e9 7.740175521555336e6
0.301806 9.223242504851168e8 6.998329615462966e6
0.304329 8.20861000612858e8 6.332881282499838e6
0.306851 7.312619631595086e8 5.735425397314457e6
0.309374 6.520589495320412e8 5.198539785789679e6
0.311896 5.819753165199966e8 4.715663566236478e6
0.314418 5.198997100275372e8 4.28099136543668e6
0.316941 4.6486357888987494e8 3.889381233063541e6
0.319463 4.160218932543842e8 3.5362743905867827e6
0.321986 3.7263659040860766e8 3.2176252164489515e6
0.324508 3.340623449700781e8 2.9298400954161515e6
0.327031 2.997343224401507e8 2.6697239526978615e6
0.329553 2.6915762726617104e8 2.4344334578479463e6
0.332076 2.418982004065047e8 2.2214360239257314e6
0.334598 2.1757495831989908e8 2.0284738475492813e6
0.33712 1.958529964388472e8 1.8535323383746715e6
0.339643 1.7643770647801605e8 1.694812374767507e6
0.342165 1.5906967915654838e8 1.5507058981760496e6
0.344688 1.4352028272913045e8 1.4197744238124553e6
0.34721 1.2958782366880837e8 1.3007301012597582e6
0.349733 1.1709420937842815e8 1.1924190068696463e6
0.352255 1.0588204430675659e8 1.093806391422016e6
0.354778 9.581210062739801e7 1.0039636424349493e6
0.3573 8.676111296981905e7 922056.7515542341
0.359823 7.861985379557264e7 847336.1043054193
0.362345 7.129145207696725e7 779127.4327476227
0.364867 6.468992311795552e7 716823.7917295769
0.36739 5.873888179103249e7 659878.4369442527
0.369912 5.337041526172469e7 607798.4981764748
0.372435 4.852409452861808e7 560139.3543529548
0.374957 4.41461069020052e7 516499.62850606476
0.37748 4.0188493945975296e7 476516.7307831053
0.380002 3.6608481474645905e7 439862.886370906
0.382525 3.336788997202794e7 406241.59283246123
0.385047 3.0432615338171847e7 375384.4580154486
0.38757 2.7772171187005226e7 347048.37551894784
0.390092 2.5359285063629027e7 321012.99980405724
0.392614 2.3169541936362848e7 297078.48750111455
0.395137 2.118106917331839e7 275063.47538267204
0.397659 1.93742579533579e7 254803.26890806842
0.400182 1.773151670287904e7 236148.2182637281
0.402704 1.6237052706578277e7 218962.26147632403
0.405227 1.4876678523852158e7 203121.61650985022
0.407749 1.363764026279875e7 188513.606312473
0.410272 1.2508465129469989e7 175035.6025896398
0.412794 1.1478825988472719e7 162594.07567656954
0.415317 1.053942094856577e7 151103.7392923829
0.417839 9.681866229010927e6 140486.78020266906
0.420361 8.898600773810353e6 130672.16391735227
0.422884 8.182801265658671e6 121595.00852381105
0.425406 7.528306352952532e6 113196.01961658603
0.427929 6.929549044560897e6 105420.98004812568
0.430451 6.381496350877703e6 98220.28890151619
0.432974 5.879595358219251e6 91548.54468633905
0.435496 5.419725018850677e6 85364.16829162648
0.438019 4.99815302252826e6 79629.06170328257
0.440541 4.611497188901873e6 74308.29891421125
0.443063 4.256690884713283e6 69369.84582980756
0.445586 3.930952026565136e6 64784.3063048193
0.448108 3.6317552800888736e6 60524.69174453849
0.450631 3.356807110450133e6 56566.21196801085
0.453153 3.104023378031282e6 52886.085267094735
0.455676 2.8715092074618554e6 49463.3658059867
0.458198 2.657540888487787e6 46278.786694109825
0.460721 2.460549593965885e6 43314.617233523706
0.463243 2.279106723967851e6 40554.532992507375
0.465766 2.111910705950221e6 37983.49749163365
0.468288 1.957775099519144e6 35587.65440923434
0.47081 1.8156178707774533e6 33354.22932119833
0.473333 1.6844517158361238e6 31271.44008689943
0.475855 1.5633753260228161e6 29328.41507993734
0.478378 1.4515654988189584e6 27515.118540359723
0.4809 1.3482700087733811e6 25822.282395067698
0.483423 1.252801161723443e6 24241.343956045945
0.485945 1.164529963734673e6 22764.388962640216
0.488468 1.0828808433625237e6 21384.099485014176
0.49099 1.0073268722460797e6 20093.706251735333
0.493513 937385.4347531971 18886.945005708956
0.496035 872614.3024880424 17758.01652986403
0.498557 812608.0740152441 16701.550017521375
0.50108 756994.944211126 15712.569492618064
0.503602 705433.7712761286 14786.463012258571
0.506125 657611.4126814869 13918.954408710728
0.508647 613240.304220131 13106.07735023656
0.51117 572056.2589240024 12344.151520277646
0.513692 533816.4649310714 11629.760732722034
0.516215 498297.6634646631 10959.732817454576
0.518737 465294.4899515292 10331.121125306796
0.521259 434617.96297663864 9741.187515032101
0.523782 406094.10727258184 9187.386697173935
0.526304 379562.698288085 8667.35182079368
0.528827 354876.11708973715 8178.88119909276
0.531349 331898.305438186 7719.926079100105
0.533872 310503.8118575649 7288.579368891136
0.536394 290576.9203963835 6883.065243339458
0.538917 272010.8545697156 6501.729556250181
0.541439 254707.0496854037 6143.030992949162
0.543962 238574.48739932766 5805.5329030654875
0.546484 223529.08692380073 5487.895758397381
0.549006 209493.1478353771 5188.870185443403
0.551529 196394.8398995626 4907.290526453481
0.554051 184167.73575530702 4642.068886747822
0.556574 172750.38268636438 4392.189629601028
0.559096 162085.91005377372 4156.704283225487
0.561619 152121.6692775725 3934.7268273412433
0.564141 142808.9035397039 3725.4293295148586
0.566664 134102.44463695257 3528.0379039113536
0.569186 125960.43464525008 3341.8289673512145
0.571709 118344.07026728762 3166.1257696195444
0.574231 111217.36792618374 3000.295176852642
0.576753 104546.94784091531 2843.744688545473
0.579276 98301.8354760792 2695.9196702953777
0.581798 92453.27890085784 2556.300785836305
0.584321 86974.58072123057 2424.4016132352335
0.586843 81840.94336675998 2299.7664313295068
0.589366 77029.32661982824 2181.968163589677
0.591888 72518.31637202752 2070.6064676063406
0.594411 68288.00368044357 1965.3059593293542
0.596933 64319.873276641505 1865.7145620407214
0.599456 60596.70075401941 1771.501970825366
0.601978 57102.45772552102 1682.3582240228313
0.6045 53822.22430408804 1597.9923738028792
0.607023 50742.10831325685 1518.1312486146612
0.609545 47849.17068544599 1442.5183008163597
0.612068 45131.35655119821 1370.9125333048103
0.61459 42577.43156433775 1303.0874994359526
0.617113 40176.923046048134 1238.830370960555
0.619635 37920.06556560294 1177.9410690989102
0.622158 35797.75060718999 1120.2314542455724
0.62468 33801.48000123559 1065.524570133776
0.627202 31923.322825100477 1013.6539386008267
0.629725 30155.8755022175 964.462901383342
0.632247 28492.224850862778 917.8040056359721
0.63477 26925.91385399403 873.5384301116695
0.637292 25450.90994011086 831.5354491669393
0.639815 24061.5755820476 791.6719319635263
0.642337 22752.641036136924 753.8318744300088
0.64486 21519.17905840678 717.9059617240619
0.647382 20356.58144750894 683.7911590999647
0.649905 19260.537276026873 651.3903292372248
0.652427 18227.012682769535 620.6118742261085
0.654949 17252.232108710097 591.3694005351479
0.657472 16332.660868453397 563.5814054053242
0.659994 15464.988957584555 537.1709832262915
0.662517 14646.11600402588 512.0655505523371
0.665039 13873.13727867357 488.1965885106574
0.667562 13143.330687147356 465.49940144220324
0.670084 12454.144670519756 443.91289069670137
0.672607 11803.18694843802 423.3793425787552
0.675129 11188.214043153555 403.8442295117312
0.677652 10607.121527667274 385.25602355085095
0.680174 10057.934945519093 367.56602143690975
0.682696 9538.8013537267 350.72818043770786
0.685219 9047.981444040824 334.69896427591317
0.687741 8583.842201058087 319.43719849000115
0.690264 8144.850058840991 304.9039346194282
0.692786 7729.5645205601595 291.0623226464762
0.695309 7336.63220831585 277.8774911656188
0.697831 6964.781312732241 265.31643478688545
0.700354 6612.816414166376 253.34790831284957
0.702876 6279.613649447731 241.9423272596688
0.705398 5964.116199979653 231.07167432124245
0.707921 5665.330078802042 220.70941140218832
0.710443 5382.320195847904 210.83039687013246
0.712966 5114.206682135386 201.41080770086003
0.715488 4860.161455031346 192.42806621134432
0.718011 4619.405008011648 183.86077109565895
0.720533 4391.203409535346 175.68863249738286
0.723056 4174.865496752564 167.892410869462
0.725578 3969.7402507857455 160.45385938862415
0.728101 3775.2143412681376 153.3556697065212
0.730623 3590.7098286971095 146.5814208337905
0.733145 3415.682013968974 140.1155309663234
0.735668 3249.6174252116584 133.9432120752336
0.73819 3092.0319327255065 128.05042709339938
0.740713 2942.46898348613 122.42384954208467
0.743235 2800.4979472594378 117.05082545105458
0.745758 2665.7125669319703 111.9193374348637
0.74828 2537.729506172387 107.01797079663544
0.750803 2416.1869880156555 102.33588153872506
0.753325 2300.7435184028536 97.86276616720542
0.755848 2191.0766891191097 93.5888331841567
0.75837 2086.8820549524953 89.50477616832939
0.760892 1987.8720802498124 85.60174835091428
0.763415 1893.7751503731595 81.87133859889965
0.765937 1804.334643865892 78.30554872389172
0.76846 1719.3080614197445 74.89677203930576
0.770982 1638.4662079979637 71.63777309354909
0.773505 1561.5924247141584 68.52166851123371
0.776027 1488.4818672939157 65.54190887857784
0.77855 1418.940828157995 62.692261613029125
0.781072 1352.786099362767 59.966794760757466
0.783595 1289.8443738168103 57.35986166906128
0.786117 1229.9516823631375 54.86608648390441
0.788639 1172.9528644753027 52.4803504257812
0.791162 1118.7010704635377 50.197778799897726
0.793684 1067.0572932247715 48.01372869927117
0.796207 1017.8899276987313 45.923777361804255
0.798729 971.0743563118973 43.92371114469351
0.801252 926.4925588025299 42.009515081684356
0.803774 884.0327449239285 40.17736299071548
0.806297 843.5890086199198 38.423608101391224
0.808819 805.0610023570227 36.74477417350616
0.811341 768.3536303819825 35.13754707952169
0.813864 733.3767597520678 33.59876682546222
0.816386 700.0449480589398 32.12541998618036
0.818909 668.2771868354448 30.71463253232396
0.821431 637.9966596986742 29.363663027642026
0.823954 609.1305143424023 28.069896176491177
0.826476 581.6096475478471 26.83083670255577
0.828999 555.3685024338425 25.644103540875363
0.831521 530.344877216269 24.50742432629169
0.834044 506.47974479213497 23.418630162383906
0.836566 483.7170825062947 22.375650655860085
0.839088 462.0037114986232 21.376509202220603
0.841611 441.2891450666854 20.419318509303572
0.844133 421.52544551382255 19.502276346075654
0.846656 402.6670889851313 18.623661504732713
0.849178 384.67083782434895 17.781829964843883
0.851701 367.4956200131921 16.975211248893643
0.854223 351.10241528143945 16.202304959169442
0.856746 335.4541475010685 15.461677486494942
0.859268 320.5155830012054 14.751958881832461
0.861791 306.2532344625991 14.071839882271773
0.864313 292.6352700709061 13.420069083384606
0.866835 279.6314276273512 12.795450250364677
0.869358 267.21293333339344 12.196839760782833
0.87188 255.35242498296873 11.623144172178154
0.874403 244.02387931176173 11.073317908071742
0.876925 233.20254326784465 10.546361056335861
0.879448 222.86486898200408 10.041317274178743
0.88197 212.98845222916745 9.557271794311912
0.884493 203.55197418464408 9.093349527159386
0.887015 194.53514629043434 8.64871325424048
0.889537 185.9186580576911 8.22256190811953
0.89206 177.68412764158546 7.814128934557903
0.894582 169.81405503437892 7.4226807327368505
0.897105 162.29177773146932 7.0475151696364975
0.899627 155.1014287336001 6.687960164863026
0.90215 148.22789675633882 6.34337234241092
0.904672 141.6567885253603 6.013135746030451
0.907195 135.37439304306272 5.6966606150457295
0.909717 129.36764771860973 5.393382217631555
0.91224 123.62410625966947 5.102759738714137
0.914762 118.13190822991965 4.824275219806247
0.917284 112.87975018186155 4.557432548228114
0.919807 107.8568582796066 4.30175649329473
0.922329 103.05296233114144 4.056791787176538
0.924852 98.45827115411797 3.822102248256601
0.927374 94.06344920349491 3.59726994491956
0.929897 89.85959439338357 3.3818943978127276
0.932419 85.83821704924058 3.175591818719277
0.934942 81.99121993012015 2.9779943842780803
0.937464 78.31087926405827 2.7887495428739744
0.939987 74.7898267428268 2.6075193531069836
0.942509 71.42103242527706 2.4339798523291325
0.945031 68.19778850130137 2.26782045381323
0.947554 65.11369387108856 2.1087433711903643
0.950076 62.16263949684143 1.9564630688604376
0.952599 59.338794486480154 1.8107057371451658
0.955121 56.636592871066775 1.6712087910138793
0.957644 54.05072103977965 1.537720391270411
0.960166 51.576105798235794 1.4099989871447134
0.962689 49.20790301781819 1.2878128792846466
0.965211 46.94148684541865 1.1709398021929394
0.967734 44.77243944466083 1.0591665252013343
0.970256 42.696541241228715 0.9522884711182913
0.972778 40.70976164639935 0.8501093517287659
0.975301 38.80825023426844 0.7524408193649998
0.977823 36.988328349469974 0.6591021338045833
0.980346 35.246481123430655 0.5699198437889121
0.982868 33.579349878369385 0.4847274824887231
0.985391 31.9837248993569 0.4033652762761992
0.987913 30.45653855579595 0.3256798661940685
0.990436 28.994858754666364 0.25152404154115704
0.992958 27.595882708812486 0.18075648502181973
0.99548 26.256931004430147 0.11324152893316697
0.998003 24.975441952742557 0.048848921888945185
1.00053 23.748966211640802 -0.012546394397139338
1.00305 22.575161663808277 -0.07106449872317144
1.00557 21.451788538551035 -0.126820694838925
1.00809 20.376704765221078 -0.1799257071264515
1.01062 19.347861546747673 -0.23048586791449255
1.01314 18.36329914238722 -0.27860329680132345
1.01566 17.421142849363882 -0.3243760723430964
1.01818 16.51959917360588 -0.36789839644799427
1.0207 15.65695218028567 -0.40926075180065213
1.02323 14.831560015349128 -0.44855005262612924
1.02575 14.04185158966968 -0.4858497890884146
1.02827 13.286323417890394 -0.5212401656046648
1.03079 12.563536604421465 -0.5547982333434613
1.03332 11.872113969443454 -0.5865980171628933
1.03584 11.210737308128527 -0.616710637232563
1.03836 10.578144776636412 -0.645204425572349
1.04088 9.97312839876585 -0.6721450377300586
1.04341 9.394531687451465 -0.6975955598100336
1.04593 8.84124737558718 -0.7216166110549529
1.04845 8.312215250934484 -0.7442664421739944
1.05097 7.806420090135764 -0.7656010296016418
1.0535 7.322889687101802 -0.7856741658630995
1.05602 6.860692971277309 -0.8045375462143562
1.05854 6.418938211513035 -0.8222408517172513
1.06106 5.996771301483659 -0.8388318289027685
1.06359 5.593374122792026 -0.8543563661688451
1.06611 5.207962982090774 -0.8688585670524307
1.06863 4.839787118733006 -0.88238082050927
1.07115 4.488127279635165 -0.8949638683289387
1.07368 4.152294358197844 -0.9066468698069499
1.0762 3.831628094284627 -0.917467463790365
1.07872 3.525495832405608 -0.9274618282081402
1.08124 3.2332913353910655 -0.9366647371925378
1.08377 2.9544336509728955 -0.9451096158932268
1.08629 2.6883660288166302 -0.9528285930812099
1.08881 2.434554885665713 -0.9598525516354399
1.09133 2.1924888163728116 -0.9662111770009263
1.09386 1.9616776487001204 -0.9719330037032161
1.09638 1.7416515398724117 -0.9770454600004368
1.0989 1.531960112963499 -0.9815749107505467
1.10142 1.3321716312886074 -0.9855466985680537
1.10395 1.1418722090625497 -0.9889851833412258
1.10647 0.9606650566665434 -0.9919137801777587
1.10899 0.7881697589454264 -0.9943549958439002
1.11151 0.6240215850319858 -0.9963304637592418
1.11404 0.46787082826633336 -0.9978609776066947
1.11656 0.3193821748460373 -0.9989665236146146
1.11908 0.17823409990709474 -0.9996663115655873
1.1216 0.04411828979712797 -0.9999788045840556
1.12413 -0.003245562580749811 -0.9999969654542504
1.12665 -0.008148655194818595 -0.9999807850398583
1.12917 -0.013029614865161552 -0.9999506500904618
1.13169 -0.017888453157848892 -0.9999065614471315
1.13422 -0.022725181546165412 -0.9998485203403878
1.13674 -0.027539811415430635 -0.9997765283901663
1.13926 -0.032332354067754476 -0.9996905876057725
1.14178 -0.037102820726729824 -0.999590700385826
1.14431 -0.0418512225420604 -0.9994768695181935
1.14683 -0.04657757059413095 -0.9993490981799105
1.14935 -0.05128187589851236 -0.9992073899370932
1.15187 -0.05596414941040869 -0.9990517487448393
1.15439 -0.06062440202904455 -0.9988821789471163
1.15692 -0.06526264460199391 -0.9986986852766415
1.15944 -0.06987888792945125 -0.9985012728547495
1.16196 -0.0744731427684457 -0.9982899471912492
1.16448 -0.07904541983699909 -0.9980647141842698
1.16701 -0.08359572981822845 -0.9978255801200966
1.16953 -0.08812408336439402 -0.9975725516729957
1.17205 -0.09263049110089293 -0.997305635905027
1.17457 -0.09711496363019997 -0.9970248402658477
1.1771 -0.10157751153575567 -0.996730172592504
1.17962 -0.1060181453858023 -0.9964216411092128
1.18214 -0.11043687573716898 -0.9960992544271318
1.18466 -0.11483371313900598 -0.9957630215441191
1.18719 -0.11920866813646938 -0.9954129518444826
1.18971 -0.12356175127435609 -0.9950490550987174
1.19223 -0.12789297310069073 -0.9946713414632338
1.19475 -0.13220234417026394 -0.994279821480073
1.19728 -0.1364898750481239 -0.9938745060766134
1.1998 -0.14075557631302055 -0.9934554065652661
1.20232 -0.14499945856080382 -0.993022534643158
1.20484 -0.14922153240777628 -0.9925759023918064
1.20737 -0.15342180849400042 -0.9921155222767807
1.20989 -0.15760029748656187 -0.9916414071473558
1.21241 -0.16175701008278867 -0.9911535702361526
1.21493 -0.16589195701342546 -0.9906520251587688
1.21746 -0.17000514904576838 -0.9901367859133992
1.21998 -0.17409659698675403 -0.9896078668804442
1.2225 -0.17816631168600824 -0.9890652828221098
1.22502 -0.1822143040388534 -0.9885090488819943
1.22755 -0.18624058498927487 -0.9879391805846663
1.23007 -0.19024516553284668 -0.9873556938352313
1.23259 -0.1942280567196181 -0.9867586049188874
1.23511 -0.19818926965695996 -0.9861479305004719
1.23764 -0.20212881551237288 -0.9855236876239946
1.24016 -0.20604670551625626 -0.984885893712163
1.24268 -0.20994295096464 -0.9842345665658964
1.2452 -0.21381756322187792 -0.9835697243638282
1.24773 -0.2176705537233047 -0.9828913856617992
1.25025 -0.22150193397785584 -0.9821995693923393
1.25277 -0.22531171557065108 -0.981494294864139
1.25529 -0.22909991016554254 -0.9807755817615111
1.25782 -0.23286652950762704 -0.9800434501438409
1.26034 -0.2366115854257232 -0.9792979204450261
1.26286 -0.24033508983481458 -0.9785390134729068
1.26538 -0.24403705473845771 -0.9777667504086849
1.26791 -0.2477174922311572 -0.9769811528063328
1.27043 -0.2513764145007063 -0.9761822425919915
1.27295 -0.2550138338304952 -0.9753700420633589
1.27547 -0.2586297626017865 -0.9745445738890677
1.278 -0.26222421329595763 -0.9737058611080522
1.28052 -0.265797198496712 -0.9728539271289058
1.28304 -0.26934873089225836 -0.9719887957292275
1.28556 -0.2728788232774586 -0.9711104910549577
1.28808 -0.27638748855594353 -0.9702190376197053
1.29061 -0.27987473974220134 -0.9693144603040629
1.29313 -0.2833405899636318 -0.968396784354912
1.29565 -0.2867850524625729 -0.9674660353847196
1.29817 -0.29020814059829675 -0.966522239370822
1.3007 -0.29360986784897686 -0.9655654226547006
1.30322 -0.29699024781362593 -0.9645956119412462
1.30574 -0.3003492942140047 -0.9636128342980143
1.30826 -0.30368702089650323 -0.9626171171544688
1.31079 -0.30700344183399286 -0.9616084883012175
1.31331 -0.3102985711276515 -0.9605869758892354
1.31583 -0.3135724230087604 -0.9595526084290794
1.31835 -0.3168250118404744 -0.958505414790093
1.32088 -0.32005635211956446 -0.9574454241995999
1.3234 -0.32326645847813423 -0.9563726662420886
1.32592 -0.32645534568530976 -0.9552871708583869
1.32844 -0.329623028648903 -0.9541889683448255
1.33097 -0.33276952241704966 -0.9530780893523931
1.33349 -0.3358948421798209 -0.9519545648858809
1.33601 -0.3389990032708108 -0.950818426303017
1.33853 -0.34208202116869685 -0.9496697053135912
1.34106 -0.3451439114987774 -0.9485084339785702
1.34358 -0.34818469003448327 -0.9473346447092025
1.3461 -0.3512043726988658 -0.9461483702661139
1.34862 -0.3542029755660596 -0.9449496437583933
1.35115 -0.35718051486272295 -0.9437384986426685
1.35367 -0.3601370069694527 -0.9425149687221724
1.35619 -0.3630724684221779 -0.9412790881457994
1.35871 -0.36598691591352744 -0.9400308914071529
1.36124 -0.3688803662941773 -0.9387704133435816
1.36376 -0.3717528365741742 -0.937497689135208
1.36628 -0.37460434392423486 -0.9362127543039465
1.3688 -0.37743490567702626 -0.9349156447125112
1.37133 -0.38024453932842045 -0.9336063965634158
1.37385 -0.3830332625387299 -0.9322850463979631
1.37637 -0.3858010931339195 -0.9309516310952242
1.37889 -0.3885480491067978 -0.9296061878710105
1.38142 -0.3912741486181874 -0.9282487542768343
1.38394 -0.39397940999807224 -0.9268793681988609
1.38646 -0.3966638517467266 -0.9254980678568507
1.38898 -0.39932749253582106 -0.9241048918030934
1.39151 -0.40197035120950964 -0.9226998789213313
1.39403 -0.4045924467854951 -0.9212830684256743
1.39655 -0.40719379845607534 -0.9198544998595053
1.39907 -0.409774425589169 -0.9184142130943767
1.4016 -0.4123343477293213 -0.9169622483288975
1.40412 -0.4148735845986903 -0.9154986460876113
1.40664 -0.4173921560980143 -0.9140234472198654
1.40916 -0.4198900823075585 -0.9125366928986707
1.41169 -0.4223673834880447 -0.911038424619552
1.41421 -0.42482408008155936 -0.9095286841993908
1.41673 -0.4272601927124451 -0.9080075137752575
1.41925 -0.4296757421881729 -0.9064749558032354
1.42177 -0.4320707495001949 -0.9049310530572363
1.4243 -0.4344452358247804 -0.9033758486278058
1.42682 -0.43679922252383246 -0.9018093859209214
1.42934 -0.43913273114568774 -0.9002317086567804
1.43186 -0.4414457834258962 -0.8986428608685804
1.43439 -0.4437384012879866 -0.8970428869012897
1.43691 -0.44601060684421145 -0.8954318314104099
1.43943 -0.44826242239627556 -0.8938097393607295
1.44195 -0.4504938704360485 -0.8921766560250688
1.44448 -0.4527049736462572 -0.8905326269830166
1.447 -0.454895754901165 -0.8888776981196578
1.44952 -0.4570662372672311 -0.8872119156242932
1.45204 -0.45921644400375466 -0.8855353259891496
1.45457 -0.4613463985635024 -0.8838479760080827
1.45709 -0.46345612459331925 -0.8821499127752713
1.45961 -0.46554564593472303 -0.8804411836839023
1.46213 -0.467614986624483 -0.8787218364248481
1.46466 -0.4696641708951825 -0.8769919189853362
1.46718 -0.4716932231757651 -0.8752514796476087
1.4697 -0.4737021680920665 -0.8735005669875759
1.47222 -0.47569103046732847 -0.8717392298734596
1.47475 -0.47765983532269973 -0.8699675174644301
1.47727 -0.47960860787772003 -0.8681854792092332
1.47979 -0.481537373550789 -0.8663931648448107
1.48231 -0.48344615795962076 -0.8645906243949121
1.48484 -0.4853349869216826 -0.8627779081686984
1.48736 -0.4872038864546192 -0.8609550667593379
1.48988 -0.4890528827766622 -0.8591221510425944
1.4924 -0.49088200230702467 -0.8572792121754067
1.49493 -0.49269127166628174 -0.8554263015944615
1.49745 -0.4944807176767362 -0.8535634710147575
1.49997 -0.49625036736276984 -0.8516907724281613
1.50249 -0.49800024795118036 -0.849808258101958
1.50502 -0.49973038687150595 -0.8479159805773907
1.50754 -0.501440811756333 -0.8460139926681951
1.51006 -0.5031315504415926 -0.8441023474591246
1.51258 -0.504802630966841 -0.8421810983044697
1.51511 -0.5064540815755284 -0.8402502988265685
1.51763 -0.5080859307152534 -0.8383100029143096
1.52015 -0.5096982070380028 -0.8363602647216285
1.52267 -0.5112909394003807 -0.8344011386659962
1.5252 -0.5128641568638219 -0.8324326794269005
1.52772 -0.5144178886947925 -0.830454941944319
1.53024 -0.5159521643649797 -0.8284679814171872
1.53276 -0.5174670135514653 -0.8264718533018567
1.53529 -0.518962466136889 -0.8244666133105478
1.53781 -0.5204385522095976 -0.8224523174097946
1.54033 -0.5218953020637818 -0.8204290218188828
1.54285 -0.5233327461996008 -0.818396783008281
1.54538 -0.5247509153232939 -0.8163556576980642
1.5479 -0.5261498403472797 -0.8143057028563306
1.55042 -0.5275295523902441 -0.8122469756976125
1.55294 -0.5288900827772143 -0.8101795336812783
1.55546 -0.5302314630396223 -0.8081034345099294
1.55799 -0.5315537249153554 -0.8060187361277897
1.56051 -0.5328569003487948 -0.8039254967190886
1.56303 -0.5341410214908437 -0.8018237747064363
1.56555 -0.5354061206989414 -0.7997136287491936
1.56808 -0.5366522305370672 -0.7975951177418354
1.5706 -0.5378793837757329 -0.795468300812306
1.57312 -0.539087613391963 -0.7933332373203689
1.57564 -0.540276952569263 -0.7911899868559509
1.57817 -0.5414474346975787 -0.7890386092374779
1.58069 -0.5425990933732414 -0.7868791645102061
1.58321 -0.5437319623989036 -0.7847117129445458
1.58573 -0.5448460757834633 -0.7825363150343791
1.58826 -0.5459414677419769 -0.7803530314953719
1.59078 -0.547018172695562 -0.7781619232632793
1.5933 -0.5480762252712876 -0.7759630514922442
1.59582 -0.5491156603020564 -0.7737564775530916
1.59835 -0.550136512826473 -0.7715422630316144
1.60087 -0.5511388180887045 -0.769320469726856
1.60339 -0.5521226115383279 -0.7670911596493841
1.60591 -0.5530879288301697 -0.7648543950195609
1.60844 -0.5540348058241328 -0.7626102382658062
1.61096 -0.5549632785850142 -0.7603587520228552
1.61348 -0.5558733833823122 -0.7580999991300095
1.616 -0.5567651566900237 -0.7558340426293848
1.61853 -0.5576386351864308 -0.7535609457641501
1.62105 -0.558493855753878 -0.7512807719767629
1.62357 -0.5593308554785388 -0.748993584907199
1.62609 -0.5601496716501735 -0.7466994483911753
1.62862 -0.560950341761875 -0.7443984264583693
1.63114 -0.5617329035098074 -0.7420905833306313
1.63366 -0.5624973947929336 -0.739775983420192
1.63618 -0.5632438537127332 -0.7374546913278648
1.63871 -0.5639723185729109 -0.7351267718412433
1.64123 -0.564682827879096 -0.7327922899328922
1.64375 -0.565375420338532 -0.7304513107585341
1.64627 -0.5660501348597569 -0.728103899655232
1.6488 -0.5667070105522738 -0.7257501221395646
1.65132 -0.5673460867262131 -0.7233900439057978
1.65384 -0.567967402891986 -0.7210237308240515
1.65636 -0.568570998759926 -0.7186512489384613
1.65889 -0.5691569142399256 -0.7162726644653352
1.66141 -0.5697251894410604 -0.7138880437913045
1.66393 -0.5702758646712066 -0.7114974534714728
1.66645 -0.5708089804366486 -0.7091009602275564
1.66898 -0.5713245774416779 -0.7066986309460237
1.6715 -0.5718226965881836 -0.7042905326762274
1.67402 -0.5723033789752343 -0.7018767326285337
1.67654 -0.5727666658986509 -0.6994572981724458
1.67906 -0.5732125988505711 -0.6970322968347249
1.68159 -0.5736412195190062 -0.6946017962975037
1.68411 -0.5740525697873881 -0.6921658643963988
1.68663 -0.5744466917341087 -0.6897245691186171
1.68915 -0.5748236276320519 -0.6872779786010577
1.69168 -0.5751834199481148 -0.6848261611284109
1.6942 -0.5755261113427244 -0.6823691851312521
1.69672 -0.5758517446693421 -0.6799071191841317
1.69924 -0.5761603629739637 -0.6774400320036612
1.70177 -0.5764520094946094 -0.6749679924465957
1.70429 -0.5767267276608065 -0.6724910695079118
1.70681 -0.5769845610930636 -0.6700093323188817
1.70933 -0.5772255536023382 -0.6675228501451445
1.71186 -0.5774497491894952 -0.665031692384772
1.71438 -0.5776571920447587 -0.6625359285663325
1.7169 -0.5778479265471556 -0.66003562834695
1.71942 -0.5780219972639512 -0.6575308615103606
1.72195 -0.5781794489500788 -0.6550216979649636
1.72447 -0.57832032654756 -0.6525082077418711
1.72699 -0.5784446751849186 -0.6499904609929541
1.72951 -0.5785525401765866 -0.6474685279888829
1.73204 -0.5786439670223035 -0.6449424791171675
1.73456 -0.5787190014065079 -0.6424123848801923
1.73708 -0.5787776891977217 -0.6398783158932478
1.7396 -0.5788200764479272 -0.637340342882561
1.74213 -0.578846209391938 -0.6347985366833206
1.74465 -0.5788561344467614 -0.6322529682377
1.74717 -0.5788498982109544 -0.6297037085928775
1.74969 -0.5788275474639734 -0.6271508288990533
1.75222 -0.5787891291655157 -0.6245944004074635
1.75474 -0.5787346904548554 -0.622034494468392
1.75726 -0.5786642786501717 -0.6194711825291785
1.75978 -0.5785779412478705 -0.616904536132225
1.76231 -0.5784757259218999 -0.6143346269129981
1.76483 -0.578357680523058 -0.6117615265980307
1.76735 -0.5782238530782955 -0.6091853070029196
1.76987 -0.5780742917900102 -0.6066060400303207
1.7724 -0.5779090450353362 -0.6040237976679435
1.77492 -0.5777281613654264 -0.6014386519865401
1.77744 -0.5775316895047274 -0.5988506751378952
1.77996 -0.5773196783502504 -0.5962599393528119
1.78249 -0.5770921769708338 -0.5936665169390951
1.78501 -0.5768492346063996 -0.5910704802795343
1.78753 -0.5765909006672053 -0.5884719018298827
1.79005 -0.5763172247330879 -0.5858708541168358
1.79258 -0.5760282565527023 -0.5832674097360057
1.7951 -0.5757240460427542 -0.5806616413498965
1.79762 -0.5754046432872258 -0.5780536216858755
1.80014 -0.5750700985365974 -0.5754434235341434
1.80267 -0.5747204622070609 -0.5728311197457024
1.80519 -0.5743557848797287 -0.5702167832303243
1.80771 -0.5739761172998372 -0.5676004869545138
1.81023 -0.5735815103759432 -0.5649823039394729
1.81275 -0.5731720151791148 -0.5623623072590631
1.81528 -0.5727476829421184 -0.5597405700377652
1.8178 -0.5723085650585978 -0.5571171654486389
1.82032 -0.5718547130822487 -0.5544921667112803
1.82284 -0.5713861787259876 -0.5518656470897788
1.82537 -0.5709030138611156 -0.5492376798906711
1.82789 -0.5704052705164756 -0.5466083384608968
1.83041 -0.5698930008776052 -0.54397769618575
1.83293 -0.5693662572858841 -0.5413458264868317
1.83546 -0.5688250922376755 -0.5387128028200006
1.83798 -0.5682695583834629 -0.5360786986733225
1.8405 -0.5676997085269814 -0.5334435875650198
1.84302 -0.5671155956243437 -0.5308075430414193
1.84555 -0.566517272783161 -0.5281706386748997
1.84807 -0.5659047932616598 -0.5255329480618376
1.85059 -0.5652782104677914 -0.5228945448205543
1.85311 -0.5646375779583389 -0.5202555025892606
1.85564 -0.5639829494380175 -0.5176158950240011
1.85816 -0.5633143787585708 -0.5149757957965995
1.86068 -0.5626319199178619 -0.5123352785926019
1.8632 -0.5619356270589588 -0.5096944171092199
1.86573 -0.5612255544692176 -0.507053285053274
1.86825 -0.5605017565793581 -0.5044119561391366
1.87077 -0.5597642879625353 -0.5017705040866741
1.87329 -0.5590132033334085 -0.49912900261919013
1.87582 -0.5582485575472029 -0.49648752546136743
1.87834 -0.5574704055987678 -0.4938461463372097
1.88086 -0.5566788026216312 -0.49120493896798534
1.88338 -0.5558738038870474 -0.4885639770701684
1.88591 -0.5550554648030439 -0.4859233343533822
1.88843 -0.5542238409134596 -0.48328308451834134
1.89095 -0.5533789878969826 -0.4806433012547955
1.89347 -0.5525209615661807 -0.4780040582394717
1.896 -0.5516498178665294 -0.4753654291340188
1.89852 -0.5507656128754352 -0.4727274875829517
1.90104 -0.549868402801254 -0.47009030721159484
1.90356 -0.5489582439823066 -0.46745396162402875
1.90609 -0.5480351928858889 -0.46481852440103455
1.90861 -0.5470993061072791 -0.4621840690980409
1.91113 -0.5461506403687405 -0.459550669243071
1.91365 -0.5451892525185191 -0.4569183983346905
1.91618 -0.5442151995298398 -0.45428732983995557
1.9187 -0.5432285384998963 -0.451657537192363
1.92122 -0.542229326648838 -0.44902909378980105
1.92374 -0.5412176213187544 -0.44640207299249934
1.92627 -0.5401934799726529 -0.443776548120983
1.92879 -0.5391569601934356 -0.4411525924540258
1.93131 -0.5381081196828708 -0.43853027922660437
1.93383 -0.5370470162605617 -0.43590968162785493
1.93636 -0.5359737078629104 -0.4332908727990301
1.93888 -0.53488825254208 -0.430673925831458
1.9414 -0.5337907084649512 -0.4280589137645012
1.94392 -0.5326811339120776 -0.4254459095835196
1.94644 -0.531559587276635 -0.42283498621783244
1.94897 -0.5304261270633697 -0.4202262165386832
1.95149 -0.5292808118875423 -0.4176196733572055
1.95401 -0.5281237004738676 -0.41501542942239145
1.95653 -0.5269548516554523 -0.4124135574190604
1.95906 -0.5257743243727293 -0.4098141299658309
1.96158 -0.5245821776723877 -0.4072172196130942
1.9641 -0.5233784707063013 -0.4046228988409881
1.96662 -0.5221632627304524 -0.40203124005737556
1.96915 -0.5209366131038536 -0.3994423155958229
1.97167 -0.5196985812874662 -0.3968561977135806
1.97419 -0.5184492268431146 -0.3942729585895678
1.97671 -0.5171886094324003 -0.3916926703223569
1.97924 -0.5159167888156098 -0.3891154049281611
1.98176 -0.5146338248506214 -0.38654123433882515
1.98428 -0.5133397774918101 -0.3839702303998175
1.9868 -0.5120347067889466 -0.38140246486822416
1.98933 -0.5107186728860962 -0.37883800941074774
1.99185 -0.5093917360205145 -0.3762769356017057
1.99437 -0.5080539565215392 -0.37371931492103294
1.99689 -0.5067053948094804 -0.3711652187522875
1.99942 -0.5053461113945081 -0.36861471838065785
2.00194 -0.5039761668755361 -0.36606788499097265
2.00446 -0.5025956219391056 -0.3635247896657152
2.00698 -0.5012045373582628 -0.3609855033830387
2.00951 -0.4998029739914379 -0.3584500970147856
2.01203 -0.4983909927813188 -0.35591864132450857
2.01455 -0.49696865475372376 -0.3533912069654974
2.01707 -0.49553602101647104 -0.35086786447880547
2.0196 -0.49409315275824695 -0.34834868429128096
2.02212 -0.49264011124747087 -0.3458337367136024
2.02464 -0.49117695783115833 -0.34332309193831545
2.02716 -0.4897037539337821 -0.3408168200378734
2.02969 -0.4882205610561305 -0.3383149909626826
2.03221 -0.48672744077416424 -0.33581767453914924
2.03473 -0.48522445473787096 -0.333324940467731
2.03725 -0.483711664670117 -0.33083685832099086
2.03978 -0.4821891323654988 -0.32835349754165666
2.0423 -0.48065691968918994 -0.3258749274406817
2.04482 -0.4791150885757888 -0.3234012171953109
2.04734 -0.477563701028162 -0.32093243584715037
2.04987 -0.4760028191162882 -0.3184686523002388
2.05239 -0.4744325049760974 -0.3160099353191268
2.05491 -0.4728528208083111 -0.3135563535269561
2.05743 -0.47126382887727897 -0.31110797540354385
2.05996 -0.46966559150981435 -0.3086648692834728
2.06248 -0.46805817109402803 -0.30622710335418335
2.065 -0.46644163007816036 -0.30379474565406994
2.06752 -0.464816030969412 -0.3013678640705829
2.07005 -0.463181436332772 -0.2989465263383335
2.07257 -0.461537908789846 -0.29653080003720267
2.07509 -0.45988551101768144 -0.294120752590456
2.07761 -0.458224305747593 -0.2917164512628616
2.08013 -0.45655435576398345 -0.28931796315881264
2.08266 -0.45487572390316716 -0.2869253552204538
2.08518 -0.4531884730521891 -0.2845386942258137
2.0877 -0.451492666147644 -0.2821580467869411
2.09022 -0.4497883661744935 -0.2797834793480458
2.09275 -0.4480756361648829 -0.2774150581836431
2.09527 -0.4463545391969556 -0.2750528493967057
2.09779 -0.4446251383936673 -0.2726969189168177
2.10031 -0.4428874969215982 -0.27034733249833454
2.10284 -0.44114167798976495 -0.2680041557185484
2.10536 -0.43938774484843085 -0.26566745397585734
2.10788 -0.437625760787915 -0.2633372924879399
2.1104 -0.43585578913740103 -0.26101373628993574
2.11293 -0.43407789326374446 -0.2586968502326298
2.11545 -0.4322921365702785 -0.2563866989806419
2.11797 -0.43049858249562023 -0.2540833470106232
2.12049 -0.4286972945124752 -0.2517868586094556
2.12302 -0.42688833612644056 -0.24949729787245767
2.12554 -0.4250717708748088 -0.24721472870159622
2.12806 -0.42324766232536937 -0.24493921480370218
2.13058 -0.4214160740752104 -0.24267081968869297
2.13311 -0.4195770697495199 -0.24040960666779965
2.13563 -0.4177307130003844 -0.23815563885180047
2.13815 -0.41587706750559017 -0.2359089791492579
2.14067 -0.41401619696742104 -0.23366969026476503
2.1432 -0.4121481651114566 -0.23143783469719392
2.14572 -0.4102730356853705 -0.2292134747379515
2.14824 -0.4083908724577273 -0.2269966724692416
2.15076 -0.4065017392167796 -0.22478748976233165
2.15329 -0.40460569976926364 -0.22258598827582587
2.15581 -0.40270281793919604 -0.22039222945394465
2.15833 -0.4007931575666694 -0.2182062745248099
2.16085 -0.3988767825066465 -0.21602818449873484
2.16338 -0.39695375662775667 -0.213858020166523
2.1659 -0.3950241438110894 -0.21169584209777037
2.16842 -0.3930880079489896 -0.20954171063917504
2.17094 -0.39114541294385097 -0.20739568591285318
2.17347 -0.389196422706911 -0.20525782781466084
2.17599 -0.38724110115704463 -0.20312819601252285
2.17851 -0.3852795122195576 -0.20100684994476592
2.18103 -0.38331171982498086 -0.19889384881846106
2.18356 -0.38133778790786504 -0.19678925160777183
2.18608 -0.37935778040557266 -0.1946931170523063
2.1886 -0.37737176125707256 -0.19260550365547846
2.19112 -0.37537979440173436 -0.19052646968287612
2.19365 -0.3733819437781222 -0.18845607316063384
2.19617 -0.37137827332278833 -0.1863943718738137
2.19869 -0.36936884696906813 -0.18434142336479264
2.20121 -0.3673537286458741 -0.18229728493165653
2.20374 -0.3653329822764912 -0.18026201362660021
2.20626 -0.36330667177737064 -0.17823566625433596
2.20878 -0.3612748610569269 -0.17621829937050815
2.2113 -0.359237614014332 -0.174209969280114
2.21382 -0.35719499453831205 -0.17221073203593285
2.21635 -0.35514706650594313 -0.1702206434369613
2.21887 -0.353093893781449 -0.16823975902685573
2.22139 -0.35103554021499783 -0.1662681340923825
2.22391 -0.3489720696414994 -0.16430582366187485
2.22644 -0.34690354587940453 -0.16235288250369662
2.22896 -0.3448300327295031 -0.16040936512471382
2.23148 -0.3427515939737239 -0.158475325768774
2.234 -0.3406682933739341 -0.15655081841519103
2.23653 -0.3385801946707405 -0.15463589677723966
2.23905 -0.33648736158229103 -0.15273061430065615
2.24157 -0.33438985780307556 -0.15083502416214567
2.24409 -0.33228774700273067 -0.1489491792678994
2.24662 -0.33018109282484165 -0.1470731322521175
2.24914 -0.32806995888574764 -0.14520693547553942
2.25166 -0.3259544087733465 -0.14335064102398332
2.25418 -0.3238345060459012 -0.14150430070689213
2.25671 -0.32171031423084695 -0.13966796605588727
2.25923 -0.31958189682359833 -0.1378416883233311
2.26175 -0.31744931728635917 -0.13602551848089506
2.26427 -0.31531263904693196 -0.13421950721813858
2.2668 -0.3131719254975287 -0.13242370494109346
2.26932 -0.3110272399935827 -0.13063816177085774
2.27184 -0.3088786458525623 -0.1288629275421953
2.27436 -0.3067262063527843 -0.12709805180214695
2.27689 -0.3045699847322291 -0.1253435838086463
2.27941 -0.3024100441873585 -0.123599572529145
2.28193 -0.30024644787193155 -0.1218660666392466
2.28445 -0.298079258895825 -0.12014311452134796
2.28698 -0.2959085403238519 -0.11843076426328802
2.2895 -0.29373435517458496 -0.11672906365700664
2.29202 -0.2915567664191777 -0.11503806019721075
2.29454 -0.2893758369801892 -0.11335780108004767
2.29707 -0.2871916297304098 -0.11168833320178906
2.29959 -0.2850042074916876 -0.1100297031575217
2.30211 -0.2828136330337574 -0.10838195723984634
2.30463 -0.28061996907306963 -0.10674514143758651
2.30716 -0.2784232782716227 -0.10511930143450476
2.30968 -0.2762236232357953 -0.10350448260802736
2.3122 -0.2740210665151806 -0.10190073002797806
2.31472 -0.27181567060142303 -0.10030808845532024
2.31725 -0.2696074979270552 -0.0987266023409068
2.31977 -0.26739661086433764 -0.09715631582424111
2.32229 -0.265183071724099 -0.09559727273224383
2.32481 -0.26296694275457955 -0.09404951657802929
2.32734 -0.260748286140276 -0.09251309055969337
2.32986 -0.25852716400078607 -0.09098803755910478
2.33238 -0.25630363838965703 -0.08947440014071029
2.3349 -0.25407777129323617 -0.08797222055034615
2.33742 -0.2518496246295219 -0.08648154071405911
2.33995 -0.24961926024701675 -0.08500240223693556
2.34247 -0.24738673992358362 -0.08353484640194175
2.34499 -0.24515212536530254 -0.08207891416876989
2.34751 -0.24291547820533016 -0.08063464617269656
2.35004 -0.24067686000276028 -0.0792020827234472
2.35256 -0.23843633224148839 -0.07778126380407213
2.35508 -0.2361939563290761 -0.07637222906982988
2.3576 -0.2339497935956182 -0.07497501784708094
2.36013 -0.2317039052926131 -0.07358966913218956
2.36265 -0.22945635259183375 -0.07221622159043606
2.36517 -0.2272071965842016 -0.07085471355493733
2.36769 -0.22495649827866204 -0.0695051830255764
2.37022 -0.22270431860106332 -0.06816766766794291
2.37274 -0.22045071839303662 -0.06684220481228142
2.37526 -0.21819575841087774 -0.06552883145244914
2.37778 -0.2159394993244336 -0.06422758424488362
2.38031 -0.21368200171598828 -0.06293849950758035
2.38283 -0.21142332607915304 -0.061661613219077704
2.38535 -0.20916353281775765 -0.0603969610174544
2.38787 -0.2069026822447457 -0.05914457819933361
2.3904 -0.2046408345810706 -0.05790449971889833
2.39292 -0.20237804995459457 -0.05667676018691581
2.39544 -0.20011438839899098 -0.05546139386977167
2.39796 -0.19784990985264803 -0.05425843468851288
2.40049 -0.19558467415757558 -0.053067916217901634
2.40301 -0.19331874105831381 -0.05188987168547854
2.40553 -0.191052170200846 -0.05072433397063414
2.40805 -0.1887850211315123 -0.049571335603692424
2.41058 -0.18651735329592634 -0.048430908765002334
2.4131 -0.18424922603789584 -0.04730308528403926
2.41562 -0.1819806985983443 -0.04618789663851752
2.41814 -0.17971183011423641 -0.04508537395351131
2.42067 -0.177442679617505 -0.043995548000585916
2.42319 -0.17517330603398287 -0.04291844919693899
2.42571 -0.17290376818233516 -0.04185410760455199
2.42823 -0.17063412477299536 -0.04080255292935031
2.43076 -0.16836443440710494 -0.03976381452037492
2.43328 -0.16609475557545464 -0.038737921368962924
2.4358 -0.16382514665742937 -0.03772490210793844
2.43832 -0.16155566591995515 -0.036724785010813665
2.44085 -0.15928637151645053 -0.03573759799099907
2.44337 -0.15701732148577968 -0.03476336860102547
2.44589 -0.1547485737512081 -0.03380212403177385
2.44841 -0.1524801861193631 -0.03285389111171744
2.45094 -0.1502122162791956 -0.031918696306171945
2.45346 -0.147944721800946 -0.030996565716557956
2.45598 -0.14567776013511186 -0.030087525079671718
2.4585 -0.14341138861142078 -0.029191599766966725
2.46103 -0.1411456644378044 -0.028308814783846614
2.46355 -0.13888064469937605 -0.027439194768966058
2.46607 -0.13661638635741266 -0.026582763993543423
2.46859 -0.134352946248338 -0.025739546360683763
2.47111 -0.13209038108271198 -0.024909565404711786
2.47364 -0.12982874744421852 -0.02409284429051428
2.47616 -0.12756810178866176 -0.02328940581289385
2.47868 -0.12530850044296257 -0.022499272395932968
2.4812 -0.12304999960415916 -0.021722466092368053
2.48373 -0.12079265533841037 -0.020959008582973615
2.48625 -0.11853652358000395 -0.02020892117595796
2.48877 -0.11628166013036656 -0.019472224806367233
2.49129 -0.11402812065707714 -0.018748940035502315
2.49382 -0.1117759606928855 -0.018039087050344182
2.49634 -0.1095252356347324 -0.01734268566299102
2.49886 -0.10727600074277414 -0.016659755310104885
2.50138 -0.10502831113940957 -0.01599031505236903
2.50391 -0.10278222180831256 -0.015334383573956778
2.50643 -0.10053778759346618 -0.014691979182009263
2.50895 -0.09829506319820042 -0.014063119806124291
2.51147 -0.09605410318423528 -0.013447822997857184
2.514 -0.09381496197072556 -0.012846105930229168
2.51652 -0.0915776938333102 -0.01225798539724976
2.51904 -0.08934235290316443 -0.011683477813446697
2.52156 -0.08710899316605708 -0.011122599213408524
2.52409 -0.08487766846141025 -0.010575365251337177
2.52661 -0.08264843248136244 -0.010041791200610328
2.52913 -0.0804213387698371 -0.009521891953355954
2.53165 -0.07819644072161312 -0.00901568202003622
2.53418 -0.07597379158140018 -0.00852317552904236
2.5367 -0.07375344444291668 -0.008044386226300881
2.53922 -0.0715354522479734 -0.007579327474889541
2.54174 -0.06931986778555936 -0.0071280122546643065
2.54427 -0.06710674369093134 -0.006690453161897425
2.54679 -0.06489613244470908 -0.006266662408925483
2.54931 -0.06268808637197246 -0.0058566518238087895
2.55183 -0.06048265764136364 -0.005460432850001418
2.55436 -0.05827989826419209 -0.00507801654603135
2.55688 -0.05607986009354535 -0.004709413585191946
2.5594 -0.05388259482340182 -0.004354634255244738
2.56192 -0.05168815398774884 -0.004013688458131215
2.56445 -0.04949658895970345 -0.0036865857096972654
2.56697 -0.04730795095063909 -0.0033733351394271693
2.56949 -0.04512229100931471 -0.003073945490189134
2.57201 -0.042939660021007825 -0.0027884251179908226
2.57454 -0.040760108706653385 -0.0025167819917466527
2.57706 -0.03858368762198485 -0.0022590236930548624
2.57958 -0.03641044715668049 -0.002015157415986457
2.5821 -0.03424043753351269 -0.0017851899668839266
2.58463 -0.032073708807503244 -0.0015691277641716184
2.58715 -0.029910310865081134 -0.001366976838176548
2.58967 -0.02775029342324453 -0.0011787428309595338
2.59219 -0.025593706028728572 -0.0010044309961588782
2.59472 -0.023440598057175608 -0.0008440461988425962
2.59724 -0.021291018712310664 -0.0006975929153733018
2.59976 -0.019145017025120184 -0.0005650752332829745
2.60228 -0.017002641853036727 -0.0004464968511590506
2.6048 -0.014863941879126423 -0.0003418610785411724
2.60733 -0.012728965611280653 -0.00025117083582848476
2.60985 -0.010597761381413716 -0.00017442865419869946
2.61237 -0.008470377344662628 -0.00011163667553715229
2.61489 -0.006346861478594177 -0.00006279665237673981
2.61742 -0.004227261582411663 -0.000027909947849513728
2.61994 -0.002111625276171403 -6.977535648378108e-6
2.62246 -4.890079441680835e-17 0.
