#1001 0.10001 2.42246
0.10001 4.793282639232277e15 3.9951991209437056e12
0.102332 3.4757910378289745e15 3.033185176942502e12
0.104655 2.538673065205317e15 2.3170980516099897e12
0.106977 1.8670453429605292e15 1.780561648003939e12
0.1093 1.382194847397781e15 1.3760254076703962e12
0.111622 1.0297444147434925e15 1.0691764975694113e12
0.113945 7.71831139336233e14 8.350816239288889e11
0.116267 5.818909113109029e14 6.555018963806765e11
0.11859 4.41151067469824e14 5.170098446737722e11
0.120912 3.362524437715499e14 4.0965930710743195e11
0.123235 2.57624500753396e14 3.2603927265990393e11
0.125557 1.9836666517190516e14 2.6059631253034644e11
0.127879 1.53472603337885e14 2.0914621586430823e11
0.130202 1.192885516022767e14 1.6851980548153616e11
0.132524 9.31325469984124e13 1.3630452814927051e11
0.134847 7.302503492102252e13 1.1065483303328326e11
0.137169 5.749708904219593e13 9.015225293631223e10
0.139492 4.545306352606555e13 7.370160639184235e10
0.141814 3.6071658146267e13 6.0453596945072815e10
0.144137 2.873425425383761e13 4.974680771983928e10
0.146459 2.297272376021778e13 4.106402097940223e10
0.148781 1.8431221010946137e13 3.3999171210912663e10
0.151104 1.4838069753506348e13 2.8232230031563652e10
0.153426 1.1984976624470945e13 2.3510035571175957e10
0.155749 9.71158888722423e12 1.963159728091883e10
0.158071 7.893969669480055e12 1.643678507841324e10
0.160394 6.4359585517671045e12 1.379758872336955e10
0.162716 5.262667133065069e12 1.1611337273331991e10
0.165039 4.3155614358029966e12 9.795419347055065e9
0.167361 3.548728880818919e12 8.283157038629283e9
0.169684 2.9260332804617236e12 7.02057000103032e9
0.172006 2.418938274157871e12 5.96382893236116e9
0.174328 2.0048359335749739e12 5.077244896053943e9
0.176651 1.6657586276615005e12 4.331676568906168e9
0.178973 1.3873827556662615e12 3.70326456218355e9
0.181296 1.1582555661665425e12 3.172422558080069e9
0.183618 9.691930991817241e11 2.7230307442776537e9
0.185941 8.128098491402896e11 2.3417891014386287e9
0.188263 6.831501629892158e11 2.017697389416091e9
0.190586 5.753984735362979e11 1.7416358527884033e9
0.192908 4.856508195163257e11 1.5060262253324358e9
0.195231 4.107341597591112e11 1.3045569340338616e9
0.197553 3.48063073486032e11 1.1319597724733908e9
0.199875 2.9552579267212665e11 9.838279486173686e8
0.202198 2.5139331460992856e11 8.564674792754089e8
0.20452 2.142467270463325e11 7.467755299132435e8
0.206843 1.8291894480583072e11 6.521405817713604e8
0.209165 1.564478810941022e11 5.703603235624832e8
0.211488 1.3403871563103604e11 4.995739705334279e8
0.21381 1.150334185076748e11 4.382063544329207e8
0.216133 9.888607595206973e10 3.849216389487894e8
0.218455 8.514286698597408e10 3.385849237674103e8
0.220778 7.342577733794206e10 2.982303279082214e8
0.2231 6.341932357719521e10 2.6303440612695047e8
0.225422 5.4859707494588554e10 2.32293964112556e8
0.227745 4.752593695565831e10 2.05407509287142e8
0.230067 4.123254149301346e10 1.8185971244206783e8
0.23239 3.5823583991705315e10 1.6120836769139275e8
0.234712 3.116772799482617e10 1.430734294439783e8
0.237035 2.715416656907662e10 1.2712777938541211e8
0.239357 2.3689255784416965e10 1.1308943708927111e8
0.24168 2.069372560784691e10 1.007149774576625e8
0.244002 1.8100364904422634e10 8.979395881818476e7
0.246324 1.5852096472002052e10 8.014419886064167e7
0.248647 1.3900373551539515e10 7.160776303622195e7
0.250969 1.220384179683269e10 6.404755265663175e7
0.253292 1.0727220846943539e10 5.734439860375982e7
0.255614 9.440367890234886e9 5.13945820069359e7
0.257937 8.317492314685208e9 4.6107716045087576e7
0.260259 7.336496003003784e9 4.140493365704491e7
0.262582 6.4784182914771e9 3.721733477939343e7
0.264904 5.726968259492579e9 3.3484654091515757e7
0.267227 5.068130005713148e9 3.0154116388470404e7
0.269549 4.489829020348964e9 2.717945183445535e7
0.271871 3.9816497803894315e9 2.4520047645394735e7
0.274194 3.5345963563897653e9 2.2140216350611452e7
0.276516 3.140889190484811e9 2.0008563807492238e7
0.278839 2.793792338456319e9 1.809744268597531e7
0.281161 2.4874664067303166e9 1.6382479281286871e7
0.283484 2.2168431929739513e9 1.484216331960888e7
0.285806 1.9775186848960524e9 1.3457491946976468e7
0.288129 1.7656616091230147e9 1.2211660382108543e7
0.290451 1.5779351695869272e9 1.1089792806852179e7
0.292774 1.4114299882651663e9 1.007870799494482e7
0.295096 1.2636065731003602e9 9.166714967123367e6
0.297418 1.1322458989876885e9 8.343434630177138e6
0.299741 1.0154069064702747e9 7.5996439277031915e6
0.302063 9.113899063475796e8 6.927139516463206e6
0.304386 8.187050326505525e8 6.318618397261507e6
0.306708 7.360450162301861e8 5.767573284013101e6
0.309031 6.622616605671568e8 5.268200798269081e6
0.311353 5.963454936781831e8 4.815320836605025e6
0.313676 5.374081479425905e8 4.404305681440379e6
0.315998 4.8466708560769e8 4.0310176175238485e6
0.31832 4.374323435756231e8 3.6917539811244067e6
0.320643 3.95095018430846e8 3.383198710836417e6
0.322965 3.571172528755579e8 3.102379591167713e6
0.325288 3.2302351892061067e8 2.8466304855580893e6
0.32761 2.92393022269986e8 2.613557946574326e6
0.329933 2.6485307712478688e8 2.4010116697905804e6
0.332255 2.400733217787659e8 2.207058326032986e6
0.334578 2.1776066343725133e8 2.029958365728956e6
0.3369 1.9765485613277575e8 1.8681454403255682e6
0.339223 1.7952462882797745e8 1.7202081302113282e6
0.341545 1.6316429212221643e8 1.5848737072213453e6
0.343867 1.4839076169390267e8 1.4609936934225888e6
0.34619 1.3504094495361868e8 1.347531007146353e6
0.348512 1.2296944455509938e8 1.2435485127455262e6
0.350835 1.1204653858279835e8 1.1481988128086426e6
0.353157 1.0215640255102867e8 1.0607151409944994e6
0.35548 9.319554293371122e7 980403.2306339748
0.357802 8.507141590034108e7 906634.0491014341
0.360125 7.770120835215671e7 838837.3009650107
0.362447 7.101076130870473e7 776495.6143229691
0.36477 6.493361825396895e7 719139.3347299995
0.367092 5.941018326844699e7 666341.8598927088
0.369414 5.438697569642143e7 617715.4560229852
0.371737 4.9815969766809806e7 572907.5035169981
0.374059 4.565400903616358e7 531597.125593021
0.376382 4.18622867834853e7 493492.15877534664
0.378704 3.8405884584151536e7 458326.4287426219
0.381027 3.5253362246405624e7 425857.2991441247
0.383349 3.2376393127550296e7 395863.46459402575
0.385672 2.9749439574452076e7 368142.9622400409
0.387994 2.7349463868313942e7 342511.37912019814
0.390317 2.5155670609017678e7 318800.23501433776
0.392639 2.3149276960146602e7 296855.52270438004
0.394961 2.131330760113058e7 276536.3895135898
0.397284 1.9632411605628047e7 257713.94572973478
0.399606 1.809269879205724e7 240270.18705649558
0.401929 1.668159337897647e7 224097.0196045838
0.404251 1.5387703029889273e7 209095.37714898316
0.406574 1.4200701593428358e7 195174.42145916005
0.408896 1.3111224039593456e7 182250.81747060776
0.411219 1.2110772264121579e7 170248.075922304
0.413541 1.119163058405373e7 159095.95684766915
0.415863 1.0346789880662235e7 148729.9279869698
0.418186 9.56987946331707e6 139090.67279617485
0.420508 8.855105831524074e6 130123.6432693164
0.422831 8.197197603935518e6 121778.6532756618
0.425153 7.591355964083382e6 114009.50854593303
0.427476 7.033210044195024e6 106773.6698290891
0.429798 6.518776731843622e6 100031.94608783463
0.432121 6.044424440339623e6 93748.21491150309
0.434443 5.606840433546224e6 87889.16760320628
0.436766 5.203001339953159e6 82424.07664765764
0.439088 4.830146530031637e6 77324.58348995689
0.44141 4.485754065697781e6 72564.5047566096
0.443733 4.167518961644e6 68119.65523061753
0.446055 3.8733335258039488e6 63967.68605475009
0.448378 3.6012695706934268e6 60087.936783056364
0.4507 3.349562309162423e6 56461.30003200493
0.453023 3.116595767509585e6 53070.097600870635
0.455345 2.90088956621868e6 49897.96703749914
0.457668 2.701086934015761e6 46929.757721578615
0.45999 2.5159438347252156e6 44151.4356241161
0.462313 2.3443190987086333e6 41549.995979930114
0.464635 2.1851654616661314e6 39113.383180480334
0.466957 2.0375214234109556e6 36830.41725804922
0.46928 1.900503848022636e6 34690.72638984148
0.471602 1.7733012346559318e6 32684.684902608697
0.473925 1.6551675953325266e6 30803.35630547912
0.476247 1.5454168823596388e6 29038.440921275705
0.47857 1.4434179136833993e6 27382.22772518727
0.480892 1.348589749565286e6 25827.55003460422
0.483215 1.2603974785298978e6 24367.744725610508
0.485537 1.1783483746270237e6 22996.61468034992
0.487859 1.1019883917299998e6 21708.39419554643
0.490182 1.0308989638994448e6 20497.717106115422
0.492504 964694.0838159351 19359.58739928366
0.494827 903017.6339616999 18289.35211415537
0.497149 845540.9476411284 17282.67633939986
0.499472 791960.579100382 16335.520137869098
0.501794 741996.2639625382 15444.117241629949
0.504117 695389.0529583414 14604.955374253546
0.506439 651899.6035236422 13814.758069368056
0.508762 611306.6152704357 13070.46786556029
0.511084 573405.3966349743 12369.230767811257
0.513406 538006.5511775955 11708.381874857185
0.515729 504934.7730674805 11085.432080265178
0.518051 474027.7422426632 10498.055762677215
0.520374 445135.11060147436 9944.079387671378
0.522696 418117.57136519847 9421.47095007869
0.525019 392846.0044612733 8928.330191432222
0.527341 369200.69141902524 8462.879532559684
0.529664 347070.59385243733 8023.455666210883
0.531986 326352.6901324939 7608.501759073887
0.534309 306951.3653306461 7216.560216617942
0.536631 288777.8499495831 6846.265967940612
0.538953 271749.7033520759 6496.340231220616
0.541276 255790.33815700767 6165.584723515192
0.543598 240828.58219731727 5852.876281516631
0.545921 226798.27493050598 5557.161862518433
0.548243 213637.89546150476 5277.453897260412
0.550566 201290.21958249947 5012.825968540554
0.552888 189702.00345712263 4762.408791518321
0.555211 178823.691779265 4525.386473504193
0.557533 168609.14842151286 4300.993032748121
0.559856 159015.40775657032 4088.509157318332
0.562178 150002.44498844992 3887.25918661275
0.5645 141532.96397015985 3696.6082993797563
0.566823 133572.2011122446 3515.959893352478
0.569145 126087.74410302092 3344.7531427301583
0.571468 119049.36426768918 3182.4607207799377
0.57379 112428.86149061438 3028.586675789638
0.576113 106199.92071379347 2882.66444948409
0.578435 100337.97910561823 2744.255027830189
0.580758 94820.10306817073 2612.945214904622
0.58308 89624.87431910289 2488.3460211891465
0.585402 84732.28434618445 2370.0911582950953
0.587725 80123.63658938486 2257.835632706614
0.590047 75781.45575734341 2151.2544316745366
0.59237 71689.40373269701 2050.0412948936673
0.594692 67832.20156436088 1953.9075660587546
0.597015 64195.5570848482 1862.5811188217797
0.599337 60766.0977273691 1775.805352067977
0.60166 57531.30815108112 1693.3382497931032
0.603982 54479.47231371078 1614.951501202048
0.606305 51599.61965908003 1540.4296769609616
0.608627 48881.47511306782 1469.5694578241319
0.610949 46315.41260540999 1402.1789121240395
0.613272 43892.41185667439 1338.076818860709
0.615594 41604.01818990459 1277.0920333555687
0.617917 39442.305144954225 1219.0628926474972
0.620239 37399.83969057678 1163.8366580054453
0.622562 35469.6498450057 1111.2689921144186
0.624884 33645.19453018728 1061.2234686606969
0.627207 31920.33549810289 1013.5711121990482
0.629529 30289.31117984087 968.1899663300826
0.631852 28746.712319338316 924.9646883509988
0.634174 27287.45926408404 883.7861686681987
0.636496 25906.780794635717 844.551173376653
0.638819 24600.194383613798 807.1620085189069
0.641141 23363.487782963985 771.5262046370102
0.643464 22192.701845774453 737.5562203239288
0.645786 21084.114495851056 705.1691635676742
0.648109 20034.225764637282 674.2865297619843
0.650431 19039.74382095954 644.8339553323513
0.652754 18097.571924520435 616.7409859959014
0.655076 17204.79623909189 589.9408587385178
0.657398 16358.674446003568 564.370296652946
0.659721 15556.625102818267 539.9693158378454
0.662043 14796.217696054542 516.6810436100819
0.664366 14075.163340488785 494.45154733129556
0.666688 13391.306080965402 473.229673195182
0.669011 12742.614755786004 452.9668943642669
0.671333 12127.175383657492 433.61716788435876
0.673656 11543.184038872101 415.13679984168266
0.675978 10988.940181885448 397.48431826194286
0.678301 10462.84041476954 380.6203532825954
0.680623 9963.37263315766 364.5075241594223
0.682945 9489.110548281633 349.1103326963657
0.685268 9038.708554541252 334.39506271358016
0.68759 8610.896919750583 320.32968519292297
0.689913 8204.477276787517 306.8837687627728
0.692235 7818.318396840705 294.0283952052629
0.694558 7451.352225808936 281.7360796887569
0.69688 7102.570166672771 269.9806954469216
0.699203 6771.019591831279 258.7374026430137
0.701525 6455.800570486768 247.9825811741596
0.703848 6156.062797172754 237.69376718551177
0.70617 5871.0027084609455 227.8495930783056
0.708492 5599.860775757577 218.42973080906663
0.710815 5341.9189629115435 209.41483828957192
0.713137 5096.498338112953 200.78650870877377
0.71546 4862.956830263194 192.52722260872767
0.717782 4640.687120651448 184.62030255670874
0.720105 4429.114661380926 177.04987026523378
0.722427 4227.695812554238 169.80080602058624
0.72475 4035.916090754331 162.8587102888082
0.727072 3853.2885218483616 156.20986737594552
0.729395 3679.3520915986005 149.8412110266436
0.731717 3513.6702879906225 143.74029185209662
0.734039 3355.829729585503 137.89524648477652
0.736362 3205.438874572638 132.2947683634277
0.738684 3062.126805544394 126.92808005748009
0.741007 2925.542085335242 121.78490704535965
0.743329 2795.3516795676614 116.85545286617315
0.745652 2671.2399418268233 112.13037556893086
0.747974 2552.907657646697 107.60076538787251
0.750297 2440.071143733872 103.2581235766037
0.752619 2332.4613990824696 99.09434233763083
0.754941 2229.8233048457 95.10168578752548
0.757264 2131.914870027734 91.27277190139095
0.759586 2038.5065202445398 87.60055538351325
0.761909 1949.3804269752118 84.07831141411381
0.764231 1864.3298748868856 80.69962022497322
0.766554 1783.1586649671378 77.45835245936038
0.768876 1705.6805513390368 74.34865527423582
0.771199 1631.7187097658468 71.36493914505465
0.773521 1561.1052359757941 68.50186533573117
0.775844 1493.6806720527013 65.75433399842288
0.778166 1429.2935592462604 63.117472869764384
0.780488 1367.8000156567814 60.58662653204476
0.782811 1309.0633373437172 58.15734620956637
0.785133 1252.9536214958787 55.82538007207807
0.787456 1199.3474103840688 53.58666401872237
0.789778 1148.1273548944805 51.43731291740183
0.792101 1099.1818965139162 49.37361227584758
0.794423 1052.4049667059621 47.39201032197026
0.796746 1007.695702681073 45.48911047229943
0.799068 964.9581786233566 43.66166416847173
0.801391 924.1011514928302 41.90656406281208
0.803713 885.0378205745698 40.220837535085295
0.806035 847.6855999953841 38.60164052345585
0.808358 811.96590347492 37.046251653613176
0.81068 777.8039406214282 35.55206665087606
0.813003 745.1285241231323 34.11659302090626
0.815325 713.8718872242927 32.737444985426265
0.817648 683.9695109109324 31.41233866006312
0.81997 655.3599602647716 30.139087462120912
0.822293 627.9847294755529 28.915597736733098
0.824615 601.7880950315812 27.73986459045412
0.826937 576.716976636146 26.60996792192666
0.82926 552.7208054236952 25.52406863980459
0.831582 529.7513990741885 24.480405058627255
0.833905 507.7628434471847 23.477289463824043
0.836227 486.71138037894417 22.51310483749213
0.83855 466.5553013062164 21.58630173701951
0.840872 447.2548463996144 20.695395319039946
0.843195 428.77210890751 19.838962501593226
0.845517 411.0709444283728 19.01563925773128
0.84784 394.116884845451 18.22411803415897
0.850162 377.87705667270967 17.463145288826013
0.852484 362.32010357511234 16.73151914169904
0.854807 347.4161128396044 16.028087133235104
0.857129 333.1365455857237 15.351744085358867
0.859452 319.4541705165399 14.701430060007015
0.861774 306.34300102174143 14.076128410556038
0.864097 293.77823545514616 13.474863921682598
0.866419 281.7362004187749 12.89670103343301
0.868742 270.194296894901 12.340742145487592
0.871064 259.1309490762524 11.806125997809225
0.873387 248.5255557527675 11.292026124053324
0.875709 238.3584441210966 10.797649374298869
0.878031 228.61082589035453 10.322234503830247
0.880354 219.26475556453963 9.865050824861559
0.882676 210.3030907885505 9.425396918249536
0.884999 201.70945465087013 9.002599402385854
0.887321 193.46819984178458 8.596011756598608
0.889644 185.56437457147226 8.205013196523849
0.891966 177.9836901574498 7.829007599031161
0.894289 170.71249019573753 7.467422474406785
0.896611 163.73772123469683 7.119707983608604
0.898934 157.0469048748312 6.785335998513769
0.901256 150.62811122193426 6.4637992031806375
0.903578 144.46993362484122 6.154610234242107
0.905901 138.5614646326815 5.85730085863826
0.908223 132.8922731099947 5.571421186982836
0.910546 127.45238245131296 5.296538920939145
0.912868 122.23224983990521 5.032238633059339
0.915191 117.2227464982824 4.7781210776149
0.917513 112.41513888081154 4.533802531015563
0.919836 107.80107076138789 4.29891416048165
0.922158 103.37254617156884 4.073101419696899
0.92448 99.12191314689998 3.85602347023021
0.926803 95.04184824135442 3.6473526275709105
0.929125 91.12534177189036 3.446773830677201
0.931448 87.36568375709282 3.2539841339886957
0.93377 83.75645051572559 3.0686922209033956
0.936093 80.29149189277945 2.890617937765949
0.938415 76.96491908226564 2.7194918474585332
0.940738 73.77109301757838 2.5550548017280335
0.94306 70.704613301745 2.397057531423319
0.945383 67.76030765128766 2.245260253854627
0.947705 64.93322182876224 2.099432296523581
0.950027 62.21861004030301 1.9593517365067923
0.95235 59.61192577570034 1.8248050548093362
0.954672 57.10881306967403 1.695586805035095
0.956995 54.70509816408012 1.571499295751651
0.959317 52.396781551807045 1.4523522859551274
0.96164 50.18003038408415 1.3379626930678414
0.963962 48.051171223837464 1.2281543129272796
0.966285 46.006683128596926 1.1227575512495092
0.968607 44.04319104728014 1.021609166073386
0.97093 42.15745951595667 0.9245520207144251
0.973252 40.34638663843611 0.8314348467782002
0.975574 38.606998338222766 0.7421120168034525
0.977897 36.93644286904444 0.6564433261243785
0.980219 35.3319855717941 0.5742937835598987
0.982542 33.79100386631803 0.49553341055519695
0.984864 32.31098246705401 0.4200370484174867
0.987187 30.889508812059507 0.34768417330398727
0.989509 29.524268695480806 0.278358718635098
0.991832 28.213042093998602 0.2119489046202867
0.994154 26.953699178245152 0.1483470745980604
0.996476 25.744196500625883 0.08744953790441379
0.998799 24.58257335139086 0.029156418996828748
1.00112 23.466948275197176 -0.02662848742724444
1.00344 22.395515740775597 -0.07999785556703198
1.00577 21.36654295667119 -0.13104096214882732
1.00809 20.378366826363127 -0.17984381477856903
1.01041 19.42939103639079 -0.2264892752348744
1.01273 18.518083271416888 -0.2710571779115103
1.01506 17.64297255044749 -0.313624443609156
1.01738 16.80264667870374 -0.35426518886767067
1.0197 15.995749809901461 -0.3930508310219256
1.02202 15.220980113942659 -0.4300501891562605
1.02435 14.477087545259337 -0.46532958112523115
1.02667 13.762871707274169 -0.49895291680106757
1.02899 13.077179808656062 -0.5309817877014136
1.03131 12.41890470725099 -0.5614755531444127
1.03364 11.786983037762944 -0.5904914230718679
1.03596 11.180393419440948 -0.6180845376753306
1.03828 10.598154740204912 -0.6443080439541622
1.0406 10.039324513807971 -0.6692131693292231
1.04293 9.502997306791215 -0.6928492924305836
1.04525 8.98830323213725 -0.7152640111726929
1.04757 8.494406506671972 -0.7365032082256557
1.04989 8.020504069400081 -0.7566111139867306
1.05222 7.565824258089775 -0.7756303671517779
1.05454 7.129625541545129 -0.7936020729822464
1.05686 6.711195305122408 -0.8105658593592944
1.05918 6.309848687158441 -0.826559930712814
1.06151 5.924927464085491 -0.8416211199095149
1.06383 5.555798982108839 -0.8557849381807161
1.06615 5.201855133419721 -0.8690856231671542
1.06847 4.862511375008286 -0.8815561851549538
1.07079 4.537205788229427 -0.8932284515738085
1.07312 4.225398177356937 -0.90413310982556
1.07544 3.9265692054421284 -0.9142997485085003
1.07776 3.640219565868183 -0.9237568971000989
1.08008 3.3658691880642038 -0.9325320641582724
1.08241 3.1030564759115804 -0.9406517740988518
1.08473 2.85133757744131 -0.9481416026045904
1.08705 2.610285684483256 -0.9550262107187719
1.08937 2.3794903609881177 -0.9613293776743457
1.0917 2.1585568988000543 -0.9670740325074485
1.09402 1.9471056997117895 -0.9722822845022081
1.09634 1.7447716826862536 -0.9769754525118215
1.09866 1.55120371517785 -0.9811740931990949
1.10099 1.366064067533829 -0.9848980282379072
1.10331 1.189027889500903 -0.9881663705153831
1.10563 1.0197827079056314 -0.9909975493729726
1.10795 0.8580279446172626 -0.9934093349231281
1.11028 0.7034744539415215 -0.9954188614767738
1.1126 0.5558440786306462 -0.9970426501153955
1.11492 0.41486922373068197 -0.9982966304402121
1.11724 0.2802924475209528 -0.9991961615296181
1.11957 0.15186606883314935 -0.9997560521348476
1.12189 0.02935179006819516 -0.9999905801426205
1.12421 -0.004543591945065195 -0.9999955323054313
1.12653 -0.010553916757993574 -0.9999757945445964
1.12886 -0.01653917913089614 -0.9999403077326755
1.13118 -0.0224993446037911 -0.9998890729874896
1.1335 -0.028434379015461156 -0.9998220919229144
1.13582 -0.034344248506324546 -0.999739366648828
1.13815 -0.04022891952126733 -0.999640899771046
1.14047 -0.04608835881244082 -0.9995266943912383
1.14279 -0.0519225334420238 -0.9993967541068318
1.14511 -0.057731410784949935 -0.9992510830108968
1.14744 -0.06351495853160051 -0.9990896856920187
1.14976 -0.06927314469046306 -0.9989125672341528
1.15208 -0.07500593759075591 -0.9987197332164646
1.1544 -0.08071330588501925 -0.9985111897131534
1.15673 -0.08639521855167258 -0.9982869432932622
1.15905 -0.09205164489753934 -0.9980470010204694
1.16137 -0.09768255456033863 -0.997791370452867
1.16369 -0.10328791751114379 -0.9975200596427228
1.16602 -0.10886770405681148 -0.9972330771362261
1.16834 -0.11442188484237363 -0.9969304319732186
1.17066 -0.11995043085340255 -0.9966121336869105
1.17298 -0.1254533134183424 -0.9962781923035786
1.17531 -0.13093050421080968 -0.9959286183422524
1.17763 -0.13638197525186288 -0.9955634228143811
1.17995 -0.14180769891224143 -0.9951826172234878
1.18227 -0.14720764791457433 -0.9947862135648065
1.1846 -0.15258179533555813 -0.9943742243249045
1.18692 -0.15793011460810524 -0.9939466624812894
1.18924 -0.16325257952346298 -0.9935035415019997
1.19156 -0.16854916423330185 -0.9930448753451813
1.19388 -0.17381984325177582 -0.9925706784586468
1.19621 -0.17906459145755277 -0.9920809657794214
1.19853 -0.18428338409581635 -0.991575752733272
1.20085 -0.1894761967802387 -0.991055055234221
1.20317 -0.1946430054949271 -0.9905188896840454
1.2055 -0.19978378659633778 -0.9899672729717603
1.20782 -0.20489851681516624 -0.9894002224730862
1.21014 -0.2099871732582077 -0.9888177560499026
1.21246 -0.21504973341019015 -0.9882198920496845
1.21479 -0.22008617513558018 -0.9876066493049249
1.21711 -0.22509647668036156 -0.9869780471325418
1.21943 -0.2300806166737869 -0.9863341053332688
1.22175 -0.23503857413010235 -0.9856748441910329
1.22408 -0.2399703284502455 -0.985000284472314
1.2264 -0.24487585942351756 -0.9843104474254918
1.22872 -0.2497551472292284 -0.9836053547801761
1.23104 -0.2546081724383158 -0.9828850287465221
1.23337 -0.25943491601493934 -0.9821494920145313
1.23569 -0.26423535931804726 -0.9813987677533366
1.23801 -0.2690094841029205 -0.9806328796104721
1.24033 -0.27375727252268695 -0.9798518517111288
1.24266 -0.2784787071298144 -0.9790557086573943
1.24498 -0.2831737708775768 -0.978244475527478
1.2473 -0.2878424471214958 -0.9774181778749207
1.24962 -0.29248471962075806 -0.9765768417277905
1.25195 -0.2971005725396065 -0.9757204935878623
1.25427 -0.30168999044870914 -0.9748491604297832
1.25659 -0.30625295832650246 -0.9739628697002227
1.25891 -0.31078946156051024 -0.9730616493170083
1.26124 -0.3152994859486403 -0.972145527668246
1.26356 -0.3197830177004554 -0.9712145336114262
1.26588 -0.3242400434384214 -0.9702686964725145
1.2682 -0.3286705501991319 -0.9693080460450278
1.27053 -0.33307452543450977 -0.9683326125890968
1.27285 -0.33745195701298436 -0.9673424268305113
1.27517 -0.341802833220648 -0.9663375199597535
1.27749 -0.34612714276238554 -0.9653179236310151
1.27982 -0.3504248747629853 -0.9642836699612003
1.28214 -0.35469601876822476 -0.9632347915289139
1.28446 -0.35894056474593455 -0.9621713213734355
1.28678 -0.3631585030870405 -0.9610932929936786
1.28911 -0.36734982460658167 -0.9600007403471348
1.29143 -0.3715145205447084 -0.9588936978488052
1.29375 -0.37565258256765693 -0.9577722003701158
1.29607 -0.37976400276870237 -0.9566362832378188
1.2984 -0.38384877366909054 -0.9554859822328804
1.30072 -0.3879068882189469 -0.9543213335893532
1.30304 -0.39193833979816545 -0.9531423739932353
1.30536 -0.3959431222172748 -0.9519491405813143
1.30769 -0.3999212297182837 -0.9507416709399977
1.31001 -0.40387265697550656 -0.9495200031041289
1.31233 -0.4077973990963643 -0.9482841755557891
1.31465 -0.4116954516221686 -0.9470342272230854
1.31697 -0.4155668105288821 -0.9457701974789241
1.3193 -0.41941147222786 -0.9444921261397707
1.32162 -0.4232294335665692 -0.9432000534643961
1.32394 -0.42702069182928903 -0.9418940201526071
1.32626 -0.4307852447377893 -0.9405740673439668
1.32859 -0.4345230904519897 -0.9392402366164959
1.33091 -0.43823422757059877 -0.9378925699853652
1.33323 -0.4419186551317323 -0.9365311099015708
1.33555 -0.44557637261351196 -0.9351558992505979
1.33788 -0.4492073799346441 -0.9337669813510692
1.3402 -0.4528116774549795 -0.9323643999533802
1.34252 -0.45638926597605173 -0.9309481992383223
1.34484 -0.45994014674159733 -0.9295184238156899
1.34717 -0.4634643214380576 -0.9280751187228755
1.34949 -0.46696179219505735 -0.9266183294234513
1.35181 -0.4704325615858682 -0.9251481018057371
1.35413 -0.4738766326278509 -0.9236644821813547
1.35646 -0.47729400878287864 -0.9221675172837687
1.35878 -0.4806846939577421 -0.9206572542668153
1.3611 -0.4840486925045347 -0.9191337407032165
1.36342 -0.48738600922101966 -0.9175970245830813
1.36575 -0.4906966493509785 -0.9160471543123945
1.36807 -0.49398061858454045 -0.9144841787114916
1.37039 -0.4972379230584935 -0.9129081470135212
1.37271 -0.5004685693565775 -0.9113191088628941
1.37504 -0.5036725645097576 -0.9097171143137195
1.37736 -0.5068499159964819 -0.9081022138282284
1.37968 -0.5100006317429175 -0.906474458275184
1.382 -0.5131247201231735 -0.9048338989282787
1.38433 -0.5162221899594992 -0.9031805874645207
1.38665 -0.5192930505224707 -0.9015145759626042
1.38897 -0.5223373115311561 -0.8998359169012706
1.39129 -0.5253549831532649 -0.8981446631576542
1.39362 -0.5283460760052782 -0.8964408680056171
1.39594 -0.5313106011525622 -0.8947245851140714
1.39826 -0.5342485701094644 -0.8929958685452882
1.40058 -0.5371599948393915 -0.8912547727531948
1.40291 -0.5400448877548714 -0.8895013525816593
1.40523 -0.5429032617175964 -0.8877356632627631
1.40755 -0.5457351300384509 -0.8859577604150617
1.40987 -0.5485405064775202 -0.8841677000418315
1.4122 -0.5513194052440842 -0.882365538529307
1.41452 -0.5540718409965926 -0.8805513326449035
1.41684 -0.5567978288426243 -0.8787251395354303
1.41916 -0.5594973843388302 -0.8768870167252889
1.42149 -0.5621705234908579 -0.8750370221146625
1.42381 -0.5648172627532615 -0.8731752139776916
1.42613 -0.5674376190293935 -0.8713016509606379
1.42845 -0.5700316096712817 -0.8694163920800383
1.43078 -0.5725992524794887 -0.8675194967208442
1.4331 -0.5751405657029549 -0.8656110246345521
1.43542 -0.5776555680388265 -0.863691035937321
1.43774 -0.5801442786322659 -0.8617595911080791
1.44006 -0.5826067170762478 -0.859816750986618
1.44239 -0.5850429034113369 -0.8578625767716772
1.44471 -0.5874528581254522 -0.8558971300190158
1.44703 -0.589836602153614 -0.8539204726394736
1.44935 -0.5921941568776752 -0.8519326668970206
1.45168 -0.5945255441260372 -0.8499337754067972
1.454 -0.596830786173351 -0.847923861133139
1.45632 -0.5991099057402005 -0.8459029873875967
1.45864 -0.6013629259927725 -0.8438712178269396
1.46097 -0.6035898705425107 -0.8418286164511513
1.46329 -0.6057907634457537 -0.8397752476014133
1.46561 -0.6079656292033581 -0.8377111759580786
1.46793 -0.610114492760307 -0.8356364665386344
1.47026 -0.612237379505303 -0.8335511846956536
1.47258 -0.6143343152703447 -0.8314553961147368
1.4749 -0.6164053263302912 -0.8293491668124429
1.47722 -0.6184504394024087 -0.8272325631342092
1.47955 -0.6204696816459045 -0.8251056517522626
1.48187 -0.6224630806614445 -0.8229684996635181
1.48419 -0.6244306644906571 -0.8208211741874699
1.48651 -0.626372461615622 -0.8186637429640696
1.48884 -0.6282885009583445 -0.8164962739515965
1.49116 -0.6301788118802162 -0.8143188354245158
1.49348 -0.6320434241814581 -0.8121314959713293
1.4958 -0.6338823681005542 -0.809934324492414
1.49813 -0.6356956743136662 -0.8077273901978524
1.50045 -0.637483373934037 -0.8055107626052518
1.50277 -0.6392454985113785 -0.8032845115375544
1.50509 -0.6409820800312459 -0.8010487071208392
1.50742 -0.6426931509143977 -0.7988034197821113
1.50974 -0.644378744016142 -0.7965487202470847
1.51206 -0.646038892625668 -0.7942846795379537
1.51438 -0.6476736304653654 -0.7920113689711568
1.51671 -0.6492829916901282 -0.7897288601551287
1.51903 -0.6508670108866454 -0.7874372249880462
1.52135 -0.6524257230726793 -0.7851365356555626
1.52367 -0.6539591636963269 -0.7828268646285339
1.526 -0.6554673686352732 -0.7805082846607359
1.52832 -0.6569503741960244 -0.7781808687865732
1.53064 -0.6584082171131334 -0.7758446903187779
1.53296 -0.6598409345484085 -0.7734998228461005
1.53529 -0.6612485640901108 -0.7711463402309922
1.53761 -0.6626311437521372 -0.7687843166072774
1.53993 -0.6639887119731901 -0.7664138263778197
1.54225 -0.665321307615936 -0.7640349442121774
1.54458 -0.6666289699661483 -0.7616477450442517
1.5469 -0.6679117387318393 -0.7592523040699259
1.54922 -0.6691696540423782 -0.7568486967446976
1.55154 -0.6704027564475964 -0.7544369987813011
1.55386 -0.6716110869168811 -0.7520172861473232
1.55619 -0.6727946868382543 -0.7495896350628094
1.55851 -0.6739535980174409 -0.7471541219978635
1.56083 -0.6750878626769234 -0.7447108236702391
1.56315 -0.6761975234549844 -0.7422598170429221
1.56548 -0.6772826234047358 -0.7398011793217073
1.5678 -0.6783432059931368 -0.7373349879527662
1.57012 -0.6793793150999997 -0.7348613206202073
1.57244 -0.6803909950169816 -0.7323802552436292
1.57477 -0.6813782904465661 -0.7298918699756657
1.57709 -0.682341246501031 -0.7273962431995253
1.57941 -0.6832799087014059 -0.7248934535265205
1.58173 -0.6841943229764159 -0.7223835797935929
1.58406 -0.6850845356614148 -0.7198667010608291
1.58638 -0.6859505934973048 -0.7173428966089704
1.5887 -0.6867925436294465 -0.7148122459369163
1.59102 -0.6876104336065554 -0.712274828759219
1.59335 -0.6884043113795869 -0.7097307250035735
1.59567 -0.6891742253006111 -0.7071800148082996
1.59799 -0.6899202241216743 -0.7046227785198169
1.60031 -0.6906423569936495 -0.7020590966901149
1.60264 -0.6913406734650761 -0.6994890500742155
1.60496 -0.6920152234809878 -0.6969127196276286
1.60728 -0.6926660573817278 -0.6943301865038024
1.6096 -0.6932932259017567 -0.6917415320515676
1.61193 -0.693896780168443 -0.6891468378125739
1.61425 -0.6944767717008492 -0.6865461855187225
1.61657 -0.6950332524085016 -0.6839396570895906
1.61889 -0.6955662745901517 -0.6813273346298516
1.62122 -0.6960758909325262 -0.6787093004266893
1.62354 -0.6965621545090656 -0.6760856369472046
1.62586 -0.6970251187786525 -0.6734564268358186
1.62818 -0.6974648375843281 -0.6708217529116697
1.63051 -0.6978813651520003 -0.6681816981660037
1.63283 -0.6982747560891382 -0.665536345759561
1.63515 -0.6986450653834584 -0.6628857790199555
1.63747 -0.698992348401599 -0.6602300814390513
1.6398 -0.6993166608877841 -0.6575693366703317
1.64212 -0.6996180589624786 -0.654903628526265
1.64444 -0.6998965991210309 -0.6522330409756638
1.64676 -0.7001523382323056 -0.6495576581410396
1.64909 -0.7003853335373083 -0.6468775642959543
1.65141 -0.7005956426477972 -0.6441928438623648
1.65373 -0.7007833235448858 -0.6415035814079633
1.65605 -0.7009484345776368 -0.6388098616435144
1.65838 -0.7010910344616437 -0.6361117694201861
1.6607 -0.7012111822776039 -0.6334093897268775
1.66302 -0.7013089374698823 -0.6307028076875412
1.66534 -0.7013843598450639 -0.627992108558502
1.66767 -0.7014375095704971 -0.625277377725772
1.66999 -0.7014684471728285 -0.6225587007023595
1.67231 -0.7014772335365258 -0.6198361631255771
1.67463 -0.7014639299023933 -0.6171098507543435
1.67695 -0.7014285978660767 -0.6143798494664818
1.67928 -0.7013712993765586 -0.6116462452560142
1.6816 -0.7012920967346455 -0.6089091242304542
1.68392 -0.701191052591444 -0.6061685726080933
1.68624 -0.7010682299468294 -0.6034246767152858
1.68857 -0.7009236921479033 -0.600677522983729
1.69089 -0.7007575028874444 -0.597927197947741
1.69321 -0.7005697262023476 -0.595173788241535
1.69553 -0.7003604264720561 -0.5924173805964899
1.69786 -0.7001296684169841 -0.5896580618384184
1.70018 -0.6998775170969296 -0.5868959188848328
1.7025 -0.6996040379094801 -0.5841310387422058
1.70482 -0.6993092965884078 -0.5813635085032316
1.70715 -0.6989933592020575 -0.5785934153440797
1.70947 -0.6986562921517251 -0.5758208465216522
1.71179 -0.698298162170028 -0.5730458893708329
1.71411 -0.697919036319266 -0.5702686313017374
1.71644 -0.6975189819897752 -0.5674891597969594
1.71876 -0.697098066898273 -0.5647075624088144
1.72108 -0.6966563590861936 -0.5619239267565832
1.7234 -0.6961939269180167 -0.5591383405237507
1.72573 -0.6957108390795882 -0.5563508914552445
1.72805 -0.6952071645764307 -0.5535616673546708
1.73037 -0.6946829727320484 -0.5507707560815487
1.73269 -0.6941383331862224 -0.5479782455485426
1.73502 -0.6935733158932991 -0.5451842237186927
1.73734 -0.6929879911204687 -0.542388778602645
1.73966 -0.6923824294460392 -0.5395919982558786
1.74198 -0.6917567017576992 -0.5367939707759307
1.74431 -0.6911108792507757 -0.5339947842996239
1.74663 -0.6904450334264817 -0.5311945270002885
1.74895 -0.6897592360901593 -0.528393287084985
1.75127 -0.6890535593495118 -0.5255911527917261
1.7536 -0.6883280756128317 -0.5227882123866975
1.75592 -0.6875828575872192 -0.5199845541614764
1.75824 -0.6868179782767924 -0.5171802664302514
1.76056 -0.6860335109808944 -0.5143754375270405
1.76289 -0.6852295292922886 -0.511570155802908
1.76521 -0.684406107095349 -0.5087645096231823
1.76753 -0.6835633185642437 -0.5059585873646719
1.76985 -0.6827012381611105 -0.5031524774128813
1.77218 -0.6818199406342258 -0.5003462681592278
1.7745 -0.680919501016167 -0.4975400479982566
1.77682 -0.6799999946219676 -0.49473390532485617
1.77914 -0.6790614970472648 -0.49192792853147416
1.78147 -0.6781040841664425 -0.48912220600533307
1.78379 -0.6771278321307663 -0.48631682612564675
1.78611 -0.6761328173665108 -0.4835118772608348
1.78843 -0.6751191165730828 -0.4807074477657407
1.79076 -0.6740868067211359 -0.47790362597884783
1.79308 -0.6730359650506801 -0.4751005002194968
1.7954 -0.6719666690691848 -0.47229815878510384
1.79772 -0.6708789965496742 -0.469496689948379
1.80004 -0.6697730255288191 -0.4666961819545462
1.80237 -0.6686488343050194 -0.46389672301856244
1.80469 -0.6675065014364829 -0.46109840132234103
1.80701 -0.6663461057392976 -0.4583013050119713
1.80933 -0.6651677262854968 -0.4555055221949442
1.81166 -0.6639714424011202 -0.4527111409373761
1.81398 -0.6627573336642667 -0.449918249261234
1.8163 -0.6615254799031447 -0.44712693514156476
1.81862 -0.6602759611941131 -0.44433728650372195
1.82095 -0.6590088578597201 -0.4415493912205978
1.82327 -0.6577242504667329 -0.4387633371098535
1.82559 -0.6564222198241652 -0.4359792119311551
1.82791 -0.6551028469812964 -0.43319710338340767
1.83024 -0.6537662132256877 -0.4304170991019922
1.83256 -0.6524124000811915 -0.4276392866560079
1.83488 -0.6510414893059553 -0.4248637535455103
1.8372 -0.6496535628904219 -0.4220905871987577
1.83953 -0.6482487030553229 -0.41931987496945555
1.84185 -0.6468269922496676 -0.4165517041340062
1.84417 -0.6453885131487269 -0.4137861618887585
1.84649 -0.643933348652013 -0.4110233353472621
1.84882 -0.642461581881253 -0.40826331153752293
1.85114 -0.6409732961783574 -0.4055061773992613
1.85346 -0.6394685751033855 -0.4027520197811748
1.85578 -0.6379475024325052 -0.40000092543820087
1.85811 -0.6364101621559474 -0.39725298102878603
1.86043 -0.6348566384759569 -0.3945082731121543
1.86275 -0.6332870158047378 -0.39176688814558125
1.86507 -0.6317013787623961 -0.3890289124816715
1.8674 -0.6300998121748753 -0.3862944323656372
1.86972 -0.6284824010718905 -0.38356353393258225
1.87204 -0.6268492306848555 -0.380836303204789
1.87436 -0.6252003864448082 -0.37811282608900865
1.87669 -0.6235359539803301 -0.37539318837375435
1.87901 -0.621856019115462 -0.37267747572660037
1.88133 -0.6201606678676164 -0.36996577369148187
1.88365 -0.6184499864454855 -0.3672581676860025
1.88598 -0.6167240612469447 -0.36455474299874124
1.8883 -0.6149829788569533 -0.36185558478656743
1.89062 -0.6132268260454505 -0.35916077807195856
1.89294 -0.6114556897652494 -0.35647040774032146
1.89527 -0.609669657149924 -0.35378455853731783
1.89759 -0.6078688155116957 -0.3511033150661964
1.89991 -0.606053252339316 -0.34842676178512644
1.90223 -0.6042230552959432 -0.34575498300453833
1.90456 -0.6023783122170193 -0.34308806288446725
1.90688 -0.6005191111081405 -0.3404260854319028
1.9092 -0.5986455401429255 -0.3377691344981415
1.91152 -0.5967576876608818 -0.33511729377614763
1.91385 -0.5948556421652668 -0.3324706467979144
1.91617 -0.5929394923209468 -0.3298292769318353
1.91849 -0.5910093269522537 -0.3271932673800757
1.92081 -0.5890652350408372 -0.32456270117595387
1.92313 -0.5871073057235144 -0.32193766118132383
1.92546 -0.5851356282901186 -0.319318230083967
1.92778 -0.5831502921813421 -0.3167044903949857
1.9301 -0.5811513869865786 -0.31409652444620595
1.93242 -0.5791390024417628 -0.3114944143875822
1.93475 -0.577113228427205 -0.30889824218461115
1.93707 -0.5750741549654275 -0.3063080896157492
1.93939 -0.5730218722189937 -0.3037240382698363
1.94171 -0.5709564704883384 -0.301146169543526
1.94404 -0.5688780402095948 -0.29857456463872234
1.94636 -0.5667866719524173 -0.2960093045600205
1.94868 -0.5646824564178055 -0.2934504701121565
1.951 -0.5625654844359226 -0.2908981418974612
1.95333 -0.5604358469639147 -0.2883524003133219
1.95565 -0.5582936350837258 -0.28581332554964844
1.95797 -0.5561389399999115 -0.28328099758635017
1.96029 -0.5539718530374518 -0.28075549619081264
1.96262 -0.5517924656395606 -0.27823690091538855
1.96494 -0.5496008693654941 -0.2757252910948895
1.96726 -0.5473971558883577 -0.2732207458440886
1.96958 -0.5451814169929107 -0.27072334405522724
1.97191 -0.5429537445733692 -0.26823316439553047
1.97423 -0.5407142306312092 -0.2657502853047289
1.97655 -0.5384629672729653 -0.26327478499258794
1.97887 -0.5362000467080305 -0.26080674143644444
1.9812 -0.5339255612464535 -0.2583462323787503
1.98352 -0.5316396032967353 -0.2558933353246229
1.98584 -0.5293422653636234 -0.25344812753940515
1.98816 -0.5270336400459065 -0.25101068604623
1.99049 -0.524713820034206 -0.24858108762359565
1.99281 -0.5223828981087695 -0.24615940880294707
1.99513 -0.5200409671372591 -0.24374572586626342
1.99745 -0.5176881200725437 -0.24134011484365692
1.99978 -0.5153244499504854 -0.23894265151097827
2.0021 -0.5129500498877295 -0.23655341138742814
2.00442 -0.5105650130794905 -0.23417246973317973
2.00674 -0.5081694327973397 -0.23179990154700714
2.00907 -0.5057634023869901 -0.2294357815639233
2.01139 -0.5033470152660833 -0.22708018425282628
2.01371 -0.5009203649219723 -0.2247331838141533
2.01603 -0.4984835449095086 -0.22239485417754234
2.01836 -0.4960366488488242 -0.22006526899950551
2.02068 -0.4935797704231164 -0.21774450166110682
2.023 -0.49111300337643077 -0.2154326252656522
2.02532 -0.4886364415114451 -0.21312971263638592
2.02765 -0.4861501786872523 -0.2108358363141971
2.02997 -0.4836543088171429 -0.2085510685553349
2.03229 -0.48114892586638913 -0.20627548132913098
2.03461 -0.4786341238500277 -0.20400914631573475
2.03694 -0.47610999683064265 -0.20175213490385413
2.03926 -0.4735766389161489 -0.1995045181885069
2.04158 -0.4710341442575761 -0.1972663669687813
2.0439 -0.4684826070468526 -0.19503775174560634
2.04622 -0.4659221215145892 -0.19281874271953026
2.04855 -0.46335278192786383 -0.19060940978851004
2.05087 -0.46077468258800713 -0.18840982254570915
2.05319 -0.4581879178283879 -0.18622005027730548
2.05551 -0.45559258201219854 -0.18404016196030903
2.05784 -0.45298876953024314 -0.18187022626038862
2.06016 -0.45037657479872384 -0.17971031152970984
2.06248 -0.44775609225703017 -0.17756048580478134
2.0648 -0.4451274163655271 -0.1754208168043121
2.06713 -0.4424906416033452 -0.17329137192707678
2.06945 -0.4398458624661724 -0.17117221824979567
2.07177 -0.4371931734640452 -0.16906342252501916
2.07409 -0.43453266911914157 -0.16696505117902616
2.07642 -0.43186444396357554 -0.16487717030973148
2.07874 -0.42918859253719144 -0.16279984568460437
2.08106 -0.4265052093853615 -0.1607331427385954
2.08338 -0.42381438905678287 -0.1586771265720771
2.08571 -0.4211162261012767 -0.15663186194879164
2.08803 -0.4184108150675891 -0.15459741329381227
2.09035 -0.4156982505011927 -0.1525738446915128
2.09267 -0.4129786269420903 -0.15056121988354954
2.095 -0.4102520389226194 -0.14855960226685383
2.09732 -0.40751858096525984 -0.14656905489163385
2.09964 -0.40477834758044157 -0.1445896404593897
2.10196 -0.40203143326435425 -0.14262142132093758
2.10429 -0.39927793249676047 -0.14066445947444706
2.10661 -0.3965179397388082 -0.13871881656348606
2.10893 -0.39375154943084784 -0.13678455387508093
2.11125 -0.39097885599024823 -0.13486173233778498
2.11358 -0.388199953809218 -0.13295041251975948
2.1159 -0.38541493725262654 -0.13105065462686616
2.11822 -0.3826239006558283 -0.12916251850077032
2.12054 -0.37982693832248804 -0.12728606361705563
2.12287 -0.37702414452241084 -0.12542134908335112
2.12519 -0.374215613489372 -0.1235684336374695
2.12751 -0.37140143941894943 -0.12172737564555614
2.12983 -0.36858171646636073 -0.1198982331002516
2.13216 -0.36575653874430003 -0.11808106361886361
2.13448 -0.36292600032077943 -0.11627592444155344
2.1368 -0.3600901952169713 -0.1144828724295317
2.13912 -0.3572492174050549 -0.11270196406326838
2.14145 -0.3544031608060647 -0.11093325544071297
2.14377 -0.35155211928774166 -0.1091768022755275
2.14609 -0.34869618666238705 -0.10743265989533146
2.14841 -0.3458354566847202 -0.10570088323995974
2.15074 -0.34297002304973795 -0.10398152685973083
2.15306 -0.34009997939057746 -0.10227464491372995
2.15538 -0.3372254192763832 -0.10058029116810219
2.1577 -0.33434643621017357 -0.09889851899435764
2.16002 -0.33146312362671654 -0.09722938136769366
2.16235 -0.32857557489040273 -0.09557293086532237
2.16467 -0.3256838832931251 -0.09392921966481738
2.16699 -0.3227881420521597 -0.09229829954246815
2.16931 -0.3198884443080532 -0.0906802218716507
2.17164 -0.3169848831225098 -0.08907503762120816
2.17396 -0.31407755147628386 -0.0874827973538459
2.17628 -0.3111665422670768 -0.08590355122453841
2.1786 -0.3082519483074352 -0.08433734897895007
2.18093 -0.30533386232265486 -0.08278423995186746
2.18325 -0.3024123769486862 -0.08124427306564586
2.18557 -0.2994875847300464 -0.0797174968286678
2.18789 -0.2965595781177323 -0.07820395933381563
2.19022 -0.29362844946713934 -0.07670370825695572
2.19254 -0.2906942910359828 -0.07521679085543775
2.19486 -0.2877571949822245 -0.07374325396660542
2.19718 -0.28481725336200275 -0.07228314400632108
2.19951 -0.2818745581275651 -0.07083650696750432
2.20183 -0.27892920112520864 -0.06940338841868199
2.20415 -0.2759812740932204 -0.06798383350255421
2.20647 -0.2730308686598249 -0.06657788693457145
2.2088 -0.2700780763411342 -0.06518559300152638
2.21112 -0.26712298853910377 -0.06380699556015856
2.21344 -0.2641656965394915 -0.06244213803577359
2.21576 -0.2612062915098217 -0.061091063420874114
2.21809 -0.25824486449735307 -0.05975381427380677
2.22041 -0.2552815064270519 -0.05843043271742143
2.22273 -0.2523163080995702 -0.05712096043774317
2.22505 -0.24934936018922574 -0.055825438682660766
2.22738 -0.24638075324199177 -0.054543908260626495
2.2297 -0.2434105776734845 -0.05327640953937052
2.23202 -0.24043892376696344 -0.05202298244462966
2.23434 -0.23746588167132993 -0.05078366645889054
2.23667 -0.23449154139913395 -0.04955850062014422
2.23899 -0.23151599282458396 -0.048347523520657965
2.24131 -0.22853932568156415 -0.047150773305758675
2.24363 -0.2255616295616542 -0.04596828767263195
2.24596 -0.22258299391215575 -0.044800103869134134
2.24828 -0.21960350803412232 -0.04364625869261962
2.2506 -0.21662326108039703 -0.04250678848878109
2.25292 -0.2136423420536532 -0.04138172915050509
2.25525 -0.21066083980444023 -0.04027111611674117
2.25757 -0.2076788430292368 -0.03917498437138578
2.25989 -0.20469644026850767 -0.03809336844218014
2.26221 -0.2017137199047663 -0.03702630239962268
2.26454 -0.19873077016064244 -0.035973819855896094
2.26686 -0.195747679096957 -0.03493595396380744
2.26918 -0.19276453461080054 -0.033912737415745964
2.2715 -0.1897814244336174 -0.0329042024426508
2.27383 -0.1867984361292975 -0.03191038081299791
2.27615 -0.1838156570922714 -0.030931303831797985
2.27847 -0.1808331745456127 -0.029967002339610582
2.28079 -0.17785107553914475 -0.029017506711573327
2.28311 -0.17486944694755538 -0.028082846856444355
2.28544 -0.17188837546851518 -0.02716305221566062
2.28776 -0.16890794762080344 -0.02625815176241031
2.29008 -0.16592824974243814 -0.025368174000720223
2.2924 -0.16294936798881457 -0.024493146964557955
2.29473 -0.15997138833084792 -0.023633098216948922
2.29705 -0.15699439655312192 -0.022788054849107953
2.29937 -0.15401847825204618 -0.021958043479586076
2.30169 -0.15104371883401427 -0.02114309025343175
2.30402 -0.14807020351357608 -0.020343220841367637
2.30634 -0.14509801731160887 -0.01955846043898224
2.30866 -0.142127245053499 -0.01878883376593543
2.31098 -0.1391579713673274 -0.018034365065180413
2.31331 -0.13619028068206468 -0.01729507810219988
2.31563 -0.13322425722576922 -0.0165709961642575
2.31795 -0.13025998502379432 -0.01586214205966452
2.32027 -0.12729754789699962 -0.015168538117060537
2.3226 -0.12433702945997187 -0.014490206184711418
2.32492 -0.12137851311924991 -0.013827167629819836
2.32724 -0.11842208207155677 -0.013179443337853147
2.32956 -0.11546781930203993 -0.012547053711885026
2.33189 -0.11251580758251659 -0.011930018671952869
2.33421 -0.10956612946972671 -0.011328357654430299
2.33653 -0.10661886730359176 -0.010742089611414984
2.33885 -0.10367410320548233 -0.010171233010131675
2.34118 -0.10073191907649069 -0.009615805832350555
2.3435 -0.09779239659571141 -0.009075825573820473
2.34582 -0.09485561721852777 -0.008551309243718164
2.34814 -0.0919216621749073 -0.008042273364112562
2.35047 -0.08899061246770251 -0.007548733969443999
2.35279 -0.08606254887095857 -0.0070707066060196055
2.35511 -0.08313755192823037 -0.0066082063315224815
2.35743 -0.08021570195090422 -0.0061612477145394084
2.35976 -0.07729707901652844 -0.005729844834099884
2.36208 -0.07438176296714957 -0.00531401127923381
2.3644 -0.0714698334076584 -0.004913760148542945
2.36672 -0.06856136970414113 -0.00452910404978879
2.36905 -0.06565645098223792 -0.00416005509949513
2.37137 -0.06275515612551137 -0.0038066249225663373
2.37369 -0.05985756377381824 -0.0034688246519207766
2.37601 -0.056963752321693026 -0.0031466649281413073
2.37834 -0.05407379991673672 -0.0028401558991389964
2.38066 -0.051187784458013176 -0.0025493072198340405
2.38298 -0.048305783594452915 -0.002274128051851343
2.3853 -0.045427874723266266 -0.0020146270632320773
2.38763 -0.042554134988362136 -0.001770812428160573
2.38995 -0.039684641278775835 -0.0015426918267070766
2.39227 -0.03681947022710316 -0.0013302724445852787
2.39459 -0.03395869820794469 -0.001133560972926606
2.39692 -0.0311024013363557 -0.0009525636080689459
2.39924 -0.028250655466304037 -0.0007872860513620239
2.40156 -0.025403536189137897 -0.0006377335089869929
2.40388 -0.022561118832059218 -0.0005039106917933411
2.4062 -0.019723478456606425 -0.0003858218151497894
2.40853 -0.016890689857143797 -0.0002834705988120634
2.41085 -0.014062827559361118 -0.00019686026680520996
2.41317 -0.01123996581877911 -0.00012599354732234502
2.41549 -0.008422178619264342 -0.0000708726726387221
2.41782 -0.005609539671550885 -0.00003149937904145528
2.42014 -0.002802122411772384 -7.874906774452128e-6
2.42246 -2.8259057174376546e-16 0.
