#1001 0.1 2.57246
0.1 4.799997599999998e15 3.999996e12
0.102472 3.4098917614838535e15 2.9838256151945054e12
0.104945 2.442197703308954e15 2.241414400833406e12
0.107417 1.7627745870818025e15 1.6949791554245894e12
0.10989 1.2818429730365468e15 1.2899365406285674e12
0.112362 9.387534810204291e14 9.876684874324785e11
0.114835 6.921702827388636e14 7.606380255292975e11
0.117307 5.136810316460951e14 5.89062408810269e11
0.11978 3.835974268468621e14 4.586276284588842e11
0.122252 2.881701643298744e14 3.5890550058124567e11
0.124725 2.1772572439217984e14 2.8224877317923047e11
0.127197 1.654094109692704e14 2.2301411424335242e11
0.12967 1.2633055602616095e14 1.770117519231391e11
0.132142 9.697672576731723e13 1.4111296256363052e11
0.134614 7.480929568305928e13 1.1296827846029703e11
0.137087 5.798224865881098e13 9.080389395404634e10
0.139559 4.514530972062386e13 7.327366738058998e10
0.142032 3.5305212841736586e13 5.935090185188543e10
0.144504 2.7727311585734355e13 4.824876285665277e10
0.146977 2.1865373171021676e13 3.936143375023598e10
0.149449 1.7311186162831549e13 3.2220374841293392e10
0.151922 1.3758183132138602e13 2.6461643266290802e10
0.154394 1.0975035421770354e13 2.1801356152279293e10
0.156867 8.786384032951374e12 1.8017179985993904e10
0.159339 7.058705455323313e12 1.493430170427823e10
0.161812 5.689892244838301e12 1.2414748916021288e10
0.164284 4.601534877121232e12 1.034922455247505e10
0.166756 3.7331777659035933e12 8.65083779742237e9
0.169229 3.03802507317873e12 7.250271369817521e9
0.171701 2.47971624137779e12 6.092041396337539e9
0.174174 2.029894424682291e12 5.131591801824904e9
0.176646 1.6663652408872034e12 4.33302864617466e9
0.179119 1.3716969154563145e12 3.667347102319807e9
0.181591 1.1321518423227295e12 3.1110391039827642e9
0.184064 9.368679984356146e11 2.644996216723751e9
0.186536 7.772294661860758e11 2.2536422788530765e9
0.189009 6.463806365509978e11 1.9242454881223998e9
0.191481 5.388499861470775e11 1.6463711030237749e9
0.193954 4.502577214881634e11 1.4114446907323935e9
0.196426 3.7708784191162067e11 1.2124025599106822e9
0.198898 3.165098532549503e11 1.043411166802439e9
0.201371 2.6623887840148633e11 8.996412519616942e8
0.203843 2.2442555879758026e11 7.770855338223269e8
0.206316 1.8956914361777084e11 6.724111660106306e8
0.208788 1.60448683056122e11 5.828400180499256e8
0.211261 1.3606839959217891e11 5.060512854761308e8
0.213733 1.156141953974847e11 4.4010206794101244e8
0.216206 9.841893193894353e10 3.8336244334171116e8
0.218678 8.393463914044006e10 3.3446226658157855e8
0.221151 7.171021360035982e10 2.922474749132452e8
0.223623 6.137347651381246e10 2.5574412008369458e8
0.226096 5.261670341448781e10 2.2412869556073976e8
0.228568 4.51849257819451e10 1.9670360426638997e8
0.23104 3.886645123939309e10 1.7287683349112338e8
0.233513 3.3485163866655575e10 1.521450807324544e8
0.235985 2.889425624516717e10 1.3407971626185821e8
0.238458 2.4971115741408203e10 1.1831508247199264e8
0.24093 2.1613143459650295e10 1.0453872215287496e8
0.243403 1.87343285253263e10 9.248320225703536e7
0.245875 1.6262435428868176e10 8.191925997147438e7
0.248348 1.4136690031844288e10 7.265004681830563e7
0.25082 1.230587204222389e10 6.450628628136887e7
0.253293 1.0726739497061113e10 5.734219287538968e7
0.255765 9.362724982414894e9 5.103202705266534e7
0.258238 8.182854704043066e9 4.546718201247183e7
0.26071 7.160850673877113e9 4.055371624882695e7
0.263182 6.274383650041104e9 3.6210260273200825e7
0.265655 5.504450420461862e9 3.2366237968512803e7
0.268127 4.834853835531986e9 2.89603529441737e7
0.2706 4.251767898875375e9 2.5939298453230012e7
0.273072 3.7433733959739633e9 2.3256656213199425e7
0.275545 3.299552120869065e9 2.0871955094909184e7
0.278017 2.911629865251625e9 1.8749865314357895e7
0.28049 2.572160053163928e9 1.6859507649145283e7
0.282962 2.2747413113593388e9 1.5173860440436121e7
0.285435 2.0138634188529677e9 1.3669249845923077e7
0.287907 1.7847770266507401e9 1.2324911070826966e7
0.29038 1.5833833182257285e9 1.1122610198148748e7
0.292852 1.4061404238662295e9 1.0046317828337077e7
0.295325 1.249983932527392e9 9.081927073480498e6
0.297797 1.11225928354237e9 8.217009574369188e6
0.300269 9.90664183960977e8 7.440604155274177e6
0.302742 8.831994987931399e8 6.743033530025921e6
0.305214 7.88127311980466e8 6.115745147979825e6
0.307687 7.039350644373506e8 5.55117283969602e6
0.310159 6.293048493082724e8 5.042616406259924e6
0.312632 5.630870896755601e8 4.584136706976793e6
0.315104 5.042779452454443e8 4.170464149252503e6
0.317577 4.5199989608889484e8 3.796918781489724e6
0.320049 4.05485036652657e8 3.4593404428743115e6
0.322522 3.6406068473738456e8 3.1540276397879906e6
0.324994 3.2713697023709697e8 2.8776840029529785e6
0.327467 2.941961190293968e8 2.627371337082865e6
0.329939 2.6478319005821085e8 2.40046840981149e6
0.332411 2.3849805965461764e8 2.194634742396592e6
0.334884 2.1498847757242155e8 2.0077787640160392e6
0.337356 1.939440449688167e8 1.8380297768149108e6
0.339829 1.7509098638329008e8 1.6837132522747326e6
0.342301 1.5818760628256854e8 1.54332904269849e6
0.344774 1.4302033646671715e8 1.4155321461126588e6
0.347246 1.2940029400708093e8 1.299115709932722e6
0.349719 1.1716028077577758e8 1.1929959993865462e6
0.352191 1.0615216533530717e8 1.096199091848615e6
0.354664 9.624459624286214e7 1.0078490886793708e6
0.357136 8.732100290374693e7 927157.662549265
0.359609 7.927784616418521e7 853414.7811190385
0.362081 7.202308601961264e7 785980.4678294699
0.364553 6.547483826009115e7 724277.4778379065
0.367026 5.956019568950914e7 667784.7821792475
0.369498 5.421419283267147e7 616031.766330024
0.371971 4.9378895862864986e7 568593.0607759714
0.374443 4.500260190883579e7 525083.931151334
0.376916 4.103913399095197e7 485156.1642244977
0.379388 3.744721963989423e7 448494.39361652144
0.381861 3.418994280849318e7 414812.81579985964
0.384333 3.123426003326606e7 383852.25275831984
0.386806 2.8550572966611777e7 355377.52280317934
0.389278 2.6112350408914026e7 329175.08552692947
0.391751 2.3895793843755975e7 305050.9308159375
0.394223 2.1879541237637285e7 282828.6853055731
0.396695 2.0044404523962706e7 262347.91270681523
0.399168 1.8373136763281215e7 243462.5871141101
0.40164 1.6850225469518244e7 226039.72076604792
0.404113 1.5461709025335114e7 209958.12981283135
0.406585 1.419501348740701e7 195107.3234819764
0.409058 1.303880741179888e7 181386.50365637388
0.41153 1.1982872617135044e7 168703.66331285637
0.414003 1.1017989054447725e7 156974.77353775527
0.416475 1.0135832172215424e7 146123.0499585068
0.418948 9.328881357288165e6 136078.29042469084
0.42142 8.59033820071112e6 126776.27665327673
0.423893 7.914053484976024e6 118158.23333464714
0.426365 7.29446191863035e6 110170.33888999633
0.428837 6.726523757763222e6 102763.28268715202
0.43131 6.205672553679219e6 95891.86406990112
0.433782 5.72776835380514e6 89514.6290433496
0.436255 5.2890557600657875e6 83593.54089177368
0.438727 4.886126316932726e6 78093.6813919241
0.4412 4.515884761236353e6 72982.97962924809
0.443672 4.17551871864035e6 68231.96573177731
0.446145 3.8624714782739067e6 63813.54711065862
0.448617 3.574417518164914e6 59702.80504123375
0.45109 3.3092404904764486e6 55876.80963743975
0.453562 3.065013407699637e6 52314.45146801437
0.456035 2.8399807994060423e6 48996.28823811504
0.458507 2.632542634352759e6 45904.40511673818
0.460979 2.4412398250545985e6 43022.28743078978
0.463452 2.264741151727437e6 40334.70457255854
0.465924 2.1018314600654836e6 37827.60408027297
0.468397 1.9514010029034924e6 35488.01495277394
0.470869 1.812435809662714e6 33303.95935033903
0.473342 1.6840089797897874e6 31264.371915470354
0.475814 1.5652728073468336e6 29359.02602096624
0.478287 1.4554516536569323e6 27578.466318728726
0.480759 1.3538354935880075e6 25913.947022267366
0.483232 1.2597740687925958e6 24357.375409458782
0.485704 1.1726715881172747e6 22901.260080408363
0.488177 1.0919819215482047e6 21538.663548789846
0.490649 1.0172042395522309e6 20263.158784308842
0.493121 947879.0545790287 19068.789359363254
0.495594 883584.6258750659 17950.03288497699
0.498066 823933.6926812683 16901.767449979416
0.500539 768570.5043952028 15919.240803533958
0.503011 717168.119419628 14998.042044741578
0.505484 669425.9472331833 14134.075604421469
0.507956 625067.5107408374 13323.537323521929
0.510429 583838.4082231132 12562.892450136975
0.512901 545504.456232271 11848.85539298614
0.515374 509849.99660496606 11178.371083607719
0.517846 476676.3523970132 10548.597812574275
0.520319 445800.4190159578 9956.891416885192
0.522791 417053.3781490623 9400.7907064479
0.525263 390279.52327338 8878.004027328127
0.527736 365335.18660475523 8386.396868326086
0.530208 342087.7583063361 7923.98042550661
0.532681 320414.7896453212 7488.901046649613
0.535153 300203.17256929865 7079.4304842673955
0.537626 281348.38887920335 6693.956891913566
0.540098 263753.82281268673 6330.976504046005
0.542571 247330.13142645094 5989.085944751004
0.545043 231994.66768514414 5666.9751152334065
0.547516 217670.95163343867 5363.420614171447
0.549988 204288.1854518201 5077.2796488597905
0.552461 191780.80858004632 4807.484398555991
0.554933 180088.08943909375 4553.036794632827
0.557405 169153.75059642651 4313.003685051046
0.559878 158925.6245037777 4086.5123533276837
0.56235 149355.3371942383 3872.746364607045
0.564823 140398.01755898644 3670.9417136665247
0.567295 132012.03003570385 3480.383251723865
0.569768 124158.72873284399 3300.401370775636
0.57224 116802.23118822843 3130.368925901716
0.574713 109909.21011875487 2969.698377533025
0.577185 103448.70166177709 2817.839137111025
0.579658 97391.92873936507 2674.2751008794644
0.58213 91712.13829545147 2538.5223577524225
0.584603 86384.45126387762 2410.1270583060323
0.587075 81385.72422365916 2288.6634329546437
0.589547 76694.4217872372 2173.7319483016427
0.59202 72290.49884895427 2064.9575915094356
0.594492 68155.29189519756 1961.98827331754
0.596965 64271.41864527145 1864.4933410586223
0.599437 60622.685353720546 1772.1621936853987
0.60191 57194.00116103703 1684.7029914306959
0.604382 53971.29893099441 1601.8414532840138
0.606855 50941.46205965715 1523.3197359838712
0.609327 48092.25678387252 1448.8953887005996
0.6118 45412.269556086634 1378.3403780216313
0.614272 42890.84908801081 1311.4401782546881
0.616745 40518.0526982678 1247.9929224356322
0.619217 38284.59662896948 1187.8086097702999
0.621689 36181.810023453814 1130.7083655555132
0.624162 34201.59228236349 1076.523749915681
0.626634 32336.373538101336 1025.0961119604058
0.629107 30579.078008612287 976.2759862165327
0.631579 28923.090010611504 929.9225284173127
0.634052 27362.22242993422 885.9029879429438
0.636524 25890.687462783084 844.092214402306
0.638997 24503.06945640964 804.3721960264916
0.641469 23194.299691303855 766.6316277116963
0.643942 21959.632959393533 730.7655067037286
0.646414 20794.625804155643 696.6747540591418
0.648887 19695.116299016703 664.2658601504587
0.651359 18657.205250033894 633.4505526052417
0.653831 17677.238717688073 604.1454851821967
0.656304 16751.791760741562 576.2719461925194
0.658776 15877.653312579725 549.7555851718764
0.661249 15051.812107325915 524.5261565986615
0.663721 14271.443579334626 500.51727953763174
0.666194 13533.897665485389 477.66621216561066
0.668666 12836.687445050056 455.9136402077141
0.671139 12177.478556836866 435.2034783793042
0.673611 11554.079337854637 415.48268399072856
0.676084 10964.431631922938 396.7010819293173
0.678556 10406.60222051177 378.81120028650304
0.681029 9878.774831647213 361.7681159473986
0.683501 9379.242686000009 345.529309506258
0.685974 8906.401542296957 330.05452891395726
0.688446 8458.743206986985 315.3056613034323
0.690918 8034.849475669845 301.24661247594673
0.693391 7633.386476173404 287.8431935654589
0.695863 7253.0993853636055 275.0630144303353
0.698336 6892.807493799454 262.875383351403
0.700808 6551.399594222387 251.25121264306875
0.703281 6227.829671601912 240.16292980997767
0.705753 5921.112874063294 229.58439390572823
0.708226 5630.321745505649 219.4908167725295
0.710698 5354.582702089983 209.8586888615052
0.713171 5093.0727360469 200.6657093528033
0.715643 4845.016331427792 191.89072031274355
0.718116 4609.6825775120915 183.51364464215203
0.720588 4386.382466589964 175.5154275857367
0.72306 4174.466363773713 167.87798158708046
0.725533 3973.3216373559912 160.58413428750893
0.728005 3782.37043903425 153.6175794798855
0.730478 3601.067624064683 146.9628308403352
0.73295 3428.898802097515 140.6051782720257
0.735423 3265.378510085445 134.53064670557353
0.737895 3110.048499249741 128.72595721034298
0.740368 2962.476128639341 123.17849028000819
0.74284 2822.2528583293333 117.876251164244
0.745313 2688.992835779495 112.8078371263378
0.747785 2562.331569314671 107.96240651395652
0.750258 2441.924683097796 103.32964953722511
0.75273 2327.446748347238 98.89976065478945
0.755202 2218.5901859033547 94.6634124745963
0.757675 2115.0642355781715 90.61173108181596
0.760147 2016.5939880277065 86.73627271166062
0.76262 1922.9194751706837 83.02900168982609
0.765092 1833.7948154421124 79.48226956796164
0.767565 1748.9874104161042 76.08879538593393
0.770037 1668.277189561671 72.84164699675677
0.77251 1591.455900108301 69.73422339388755
0.774982 1518.3264391968955 66.76023798419108
0.777455 1448.7022256766104 63.91370275324731
0.779927 1382.4066090804022 61.18891327283198
0.7824 1319.2723134728471 58.58043450337338
0.784872 1259.1409140132955 56.08308734696251
0.787344 1201.8623442171586 53.69193590910746
0.789817 1147.2944320280753 51.402275429869576
0.792289 1095.3024629351812 49.209620847317055
0.794762 1045.758768482879 47.10969595838978
0.797234 998.5423386260969 45.09842314429383
0.799707 953.5384564826978 43.17191362944838
0.802179 910.638354126621 41.32645824479161
0.804652 869.7388881513739 39.55851866793519
0.807124 830.7422338136179 37.86471911423058
0.809597 793.5555966416282 36.24183845429462
0.812069 758.0909404634019 34.686802734938894
0.814542 724.2647308745813 33.19667808175026
0.817014 691.9976932275998 31.768663962811637
0.819486 661.2145842805312 30.400086794202867
0.821959 631.843976697671 29.088393869018823
0.824431 603.8180556438018 27.831147592662468
0.826904 577.0724267608941 26.626020008139676
0.829376 551.5459348597582 25.470787595991325
0.831849 527.1804927000567 24.36332633435064
0.834321 503.9209192704743 23.30160700542423
0.836794 481.71478701664984 22.283690735449632
0.839266 460.51227749812784 21.307724755900132
0.841739 440.2660449869918 20.37193837437882
0.844211 420.9310875503434 19.474639144279607
0.846684 402.46462518639225 18.614209222889897
0.849156 384.8259846097652 17.789101908174267
0.851628 367.9764903059349 16.99783834500918
0.854101 351.87936149734185 16.239004392138874
0.856573 336.4996146851451 15.511247641598217
0.859046 321.80397145047664 14.81327458278931
0.861518 307.76077121784255 14.143847903823731
0.863991 294.33988870089536 13.501783923135518
0.866463 281.5126557672784 12.885950144746834
0.868936 269.2517874747578 12.295262930919634
0.871408 257.5313120453533 11.728685286261662
0.873881 246.326504557856 11.185224747669997
0.876353 235.61382415190002 10.66393137479136
0.878826 225.3708545488022 10.163895835961233
0.881298 215.57624770568555 9.684247584848237
0.88377 206.2096704299955 9.224153123280454
0.886243 197.25175379152222 8.78281434596853
0.888715 188.68404517838545 8.359466963063126
0.891188 180.48896285227596 7.953378996696706
0.89366 172.6497528665042 7.563849347859174
0.896133 165.15044821822028 7.190206430146672
0.898605 157.97583011346984 6.831806867100778
0.901078 151.11139123065394 6.488034250025689
0.90355 144.54330087444012 6.158297953330202
0.906023 138.25837191825812 5.84203200459291
0.908495 132.24402943926805 5.538694006692742
0.910968 126.48828095507282 5.247764109481853
0.91344 120.97968817654618 4.968744028606949
0.915912 115.70734019591906 4.701156109206004
0.918385 110.66082803378603 4.444542432322995
0.920857 105.83022047293427 4.1984639619916075
0.92333 101.20604111089203 3.962499731042504
0.925802 96.77924656686996 3.7362460637861474
0.928275 92.5412057823079 3.5193158338161874
0.930747 88.48368035759512 3.3113377552653773
0.93322 84.5988058706764 3.1119557059301197
0.935692 80.87907412623349 2.920828080757526
0.938165 77.31731628693647 2.737627174264418
0.940637 73.906686840893 2.5620385905276093
0.94311 70.64064836192932 2.3937606794530417
0.945582 67.5129570216744 2.232503998093688
0.948054 64.5176488146493 2.077990795847744
0.950527 61.649026459646244 1.9299545224249064
0.952999 58.901646942664925 1.7881393575236464
0.955472 56.2703096685347 1.6522997612132695
0.957944 53.75004519010921 1.522200044063922
0.960417 51.33610448558777 1.3976139561139211
0.962889 49.02394875607819 1.2783242938078256
0.965362 46.80923971700735 1.164122524080601
0.967834 44.68783035837599 1.0548084248028893
0.970307 42.655756150182995 0.9501897408399858
0.972779 40.70922667059207 0.8500818550131912
0.975252 38.84461763559061 0.7543074732858885
0.977724 37.0584633100129 0.662696323529377
0.980196 35.347449280846895 0.5750848672537829
0.982669 33.70840557474728 0.4913160237188734
0.985141 32.13830010261505 0.4112389058671626
0.987614 30.634232414998028 0.33470856754792067
0.990086 29.19342775290932 0.2615857615260859
0.992559 27.813231379455868 0.19173670779338714
0.995031 26.49110317842751 0.12503287172216737
0.997504 25.224612506705576 0.0613507516233156
0.999976 24.011433288030283 0.0005716752907698464
1.00245 22.849339336301533 -0.05741839486593392
1.00492 21.736199897194037 -0.11272904848092846
1.00739 20.669975397441437 -0.1654656060451929
1.00987 19.648713391683508 -0.21572929021927534
1.01234 18.670544697286477 -0.26361738997500694
1.01481 17.733679708030778 -0.30922341788064234
1.01728 16.836404878022957 -0.35263726082924984
1.01976 15.977079367621704 -0.3939453244966362
1.02223 15.154131843584366 -0.4332306718018377
1.0247 14.366057426029567 -0.47057315563078905
1.02717 13.611414775183208 -0.5060495460719969
1.02965 12.888823311227869 -0.5397336524015985
1.03212 12.196960560906385 -0.5716964400445779
1.03459 11.534559624848958 -0.602006142728551
1.03706 10.900406759891268 -0.6307283700367963
1.03954 10.293339070934993 -0.6579262105579406
1.04201 9.712242307172831 -0.6836603308207563
1.04448 9.1560487577536 -0.7079890701941856
1.04695 8.623735242207243 -0.7309685319245647
1.04943 8.114321191177917 -0.7526526704743852
1.0519 7.6268668132331845 -0.7730933753195948
1.05437 7.160471343722223 -0.7923405513554909
1.05684 6.714271371854019 -0.8104421960545833
1.05932 6.287439242352655 -0.8274444735134439
1.06179 5.87918152822294 -0.8433917855195656
1.06426 5.488737571329021 -0.8583268397634107
1.06673 5.115378087646624 -0.8722907153153983
1.06921 4.758403834202433 -0.8853229254822585
1.07168 4.417144334857048 -0.8974614781522274
1.07415 4.090956662224968 -0.9087429337337438
1.07662 3.779224273155128 -0.9192024607877447
1.07909 3.4813558953180044 -0.92887388944933
1.08157 3.196784462563416 -0.9377897627303777
1.08404 2.924966096823784 -0.9459813857907453
1.08651 2.6653791344439517 -0.9534788732618853
1.08898 2.417523194918669 -0.9603111947031142
1.09146 2.1809182901149287 -0.966506218267291
1.09393 1.9551039721469723 -0.9720907526493807
1.0964 1.7396385181581158 -0.9770905873882216
1.09887 1.5340981503461402 -0.9815305315888081
1.10135 1.3380762896463445 -0.9854344511295323
1.10382 1.1511828415614989 -0.9888253044160655
1.10629 0.9730435126979808 -0.991725176740955
1.10876 0.8032991566350656 -0.9941553133054943
1.11124 0.6416051478178799 -0.9961361509580338
1.11371 0.48763078222587775 -0.9976873487005975
1.11618 0.3410587036261189 -0.9988278170135134
1.11865 0.20158435427611088 -0.9995757460456205
1.12113 0.06891544899321952 -0.9999486327156777
1.1236 -0.002375602967156953 -0.9999984822244692
1.12607 -0.007523753757513582 -0.9999847087082926
1.12854 -0.012649131549085079 -0.9999565876108713
1.13102 -0.017751738462297828 -0.9999141197391692
1.13349 -0.022831576609449244 -0.9998573063118462
1.13596 -0.027888648098999637 -0.9997861489592227
1.13843 -0.032922955039812386 -0.9997006497232328
1.14091 -0.03793449954533608 -0.9996008110573662
1.14338 -0.04292328373773183 -0.999486635826597
1.14585 -0.047889309751948515 -0.9993581273073024
1.14832 -0.05283257973974015 -0.9992152891871682
1.1508 -0.057753095873634794 -0.9990581255650823
1.15327 -0.06265086035084869 -0.9988866409510186
1.15574 -0.06752587539715153 -0.9987008402659066
1.15821 -0.0723781432706765 -0.99850072884149
1.16069 -0.07720766626568452 -0.9982863124201743
1.16316 -0.08201444671627672 -0.9980575971548618
1.16563 -0.08679848700005788 -0.9978145896087747
1.1681 -0.09155978954175387 -0.9975572967552675
1.17058 -0.09629835681677681 -0.9972857259776262
1.17305 -0.10101419135474765 -0.9969998850688568
1.17552 -0.10570729574296966 -0.9966997822314614
1.17799 -0.11037767262985629 -0.9963854260772029
1.18047 -0.11502532472831542 -0.9960568256268583
1.18294 -0.11965025481908456 -0.9957139903099592
1.18541 -0.12425246575402608 -0.9953569299645216
1.18788 -0.12883196045937573 -0.9949856548367636
1.19036 -0.13338874193895067 -0.994600175580811
1.19283 -0.13792281327731043 -0.994200503258392
1.1953 -0.14243417764287974 -0.9937866493385199
1.19777 -0.1469228382910275 -0.9933586256971629
1.20025 -0.15138879856710452 -0.9929164446169048
1.20272 -0.15583206190944215 -0.9924601187865916
1.20519 -0.1602526318523071 -0.9919896613009677
1.20766 -0.16465051202881997 -0.9915050856602998
1.21014 -0.16902570617383247 -0.9910064057699899
1.21261 -0.17337821812676557 -0.9904936359401764
1.21508 -0.17770805183441155 -0.9899667908853226
1.21755 -0.18201521135369325 -0.9894258857237954
1.22003 -0.1862997008543903 -0.988870935977431
1.2225 -0.1905615246218255 -0.9883019575710897
1.22497 -0.19480068705951661 -0.9877189668321985
1.22744 -0.19901719269178803 -0.9871219804902831
1.22992 -0.20321104616635013 -0.9865110156764874
1.23239 -0.20738225225684148 -0.9858860899230821
1.23486 -0.21153081586533523 -0.9852472211629622
1.23733 -0.21565674202481325 -0.9845944277291305
1.23981 -0.21976003590160129 -0.9839277283541741
1.24228 -0.22384070279777446 -0.9832471421697249
1.24475 -0.22789874815352715 -0.9825526887059111
1.24722 -0.23193417754950857 -0.9818443878907973
1.24969 -0.23594699670912878 -0.9811222600498121
1.25217 -0.23993721150082684 -0.9803863259051648
1.25464 -0.24390482794031149 -0.9796366065752514
1.25711 -0.24784985219276678 -0.9788731235740478
1.25958 -0.2517722905750292 -0.9780958988104926
1.26206 -0.25567214955772855 -0.9773049545878589
1.26453 -0.25954943576740314 -0.9765003136031137
1.267 -0.2634041559885811 -0.9756819989462672
1.26947 -0.26723631716583196 -0.9748500340997095
1.27195 -0.2710459264057902 -0.974004442937537
1.27442 -0.2748329909791451 -0.9731452497248678
1.27689 -0.2785975183226046 -0.9722724791171448
1.27936 -0.2823395160408289 -0.9713861561594281
1.28184 -0.28605899190833467 -0.9704863062856772
1.28431 -0.28975595387137293 -0.9695729553180197
1.28678 -0.29343041004977444 -0.968646129466012
1.28925 -0.29708236873877136 -0.9677058553258856
1.29173 -0.30071183841078875 -0.9667521598797852
1.2942 -0.30431882771721064 -0.9657850704949933
1.29667 -0.30790334549011567 -0.9648046149231457
1.29914 -0.31146540074398943 -0.963810821299435
1.30162 -0.31500500267740783 -0.9628037181418025
1.30409 -0.3185221606746946 -0.9617833343501212
1.30656 -0.32201688430755415 -0.960749699205365
1.30903 -0.3254891833366755 -0.9597028423687697
1.31151 -0.32893906771331316 -0.9586427938809806
1.31398 -0.3323665475808416 -0.9575695841611921
1.31645 -0.33577163327628484 -0.9564832440062732
1.31892 -0.3391543353318212 -0.9553838045898844
1.3214 -0.34251466447626233 -0.9542712974615832
1.32387 -0.34585263163650903 -0.953145754545919
1.32634 -0.34916824793898216 -0.9520072081415163
1.32881 -0.3524615247110304 -0.9508556909201484
1.33129 -0.3557324734823126 -0.9496912359257996
1.33376 -0.35898110598615757 -0.9485138765737172
1.33623 -0.362207434160901 -0.9473236466494523
1.3387 -0.36541147015119774 -0.9461205803078905
1.34118 -0.36859322630931307 -0.9449047120722718
1.34365 -0.3717527151963892 -0.9436760768331998
1.34612 -0.37488994958369 -0.9424347098476407
1.34859 -0.3780049424538241 -0.9411806467379109
1.35107 -0.38109770700194506 -0.9399139234906562
1.35354 -0.38416825663693016 -0.9386345764558174
1.35601 -0.3872166049825357 -0.9373426423455882
1.35848 -0.39024276587853307 -0.9360381582333619
1.36096 -0.39324675338182236 -0.9347211615526667
1.36343 -0.39622858176752473 -0.9333916900960921
1.3659 -0.39918826553005293 -0.9320497820142044
1.36837 -0.4021258193841631 -0.9306954758144517
1.37085 -0.4050412582659832 -0.929328810360059
1.37332 -0.40793459733402343 -0.9279498248689131
1.37579 -0.41080585197016545 -0.9265585589124368
1.37826 -0.41365503778062984 -0.9251550524144536
1.38074 -0.4164821705969254 -0.9237393456500425
1.38321 -0.419287266476779 -0.9223114792443815
1.38568 -0.4220703417050443 -0.9208714941715821
1.38815 -0.4248314127945916 -0.9194194317535138
1.39063 -0.42757049648717754 -0.9179553336586178
1.3931 -0.43028760975429814 -0.916479241900712
1.39557 -0.4329827697980191 -0.9149911988377846
1.39804 -0.4356559940517909 -0.9134912471707787
1.40052 -0.43830730018124203 -0.9119794299423676
1.40299 -0.4409367060849559 -0.9104557905357192
1.40546 -0.443544229895228 -0.908920372673251
1.40793 -0.44612988997880526 -0.9073732204153755
1.4104 -0.4486937049376083 -0.9058143781592359
1.41288 -0.45123569360943255 -0.904243890637432
1.41535 -0.45375587506863546 -0.9026618029167368
1.41782 -0.45625426862680313 -0.901068160396803
1.42029 -0.4587308938334012 -0.89946300880886
1.42277 -0.46118577047640613 -0.8978463942144024
1.42524 -0.4636189185829218 -0.8962183630038671
1.42771 -0.46603035841977686 -0.8945789618953033
1.43018 -0.46842011049410587 -0.8929282379330308
1.43266 -0.4707881955539141 -0.8912662384862905
1.43513 -0.4731346345886239 -0.8895930112478853
1.4376 -0.475459448829606 -0.8879086042328109
1.44007 -0.4777626597506937 -0.8862130657768788
1.44255 -0.48004428906868013 -0.8845064445353286
1.44502 -0.48230435874380073 -0.8827887894814314
1.44749 -0.4845428909801974 -0.8810601499050856
1.44996 -0.48675990822636833 -0.8793205754114022
1.45244 -0.4889554331756013 -0.8775701159192804
1.45491 -0.49112948876639134 -0.8758088216599755
1.45738 -0.4932820981828423 -0.8740367431756588
1.45985 -0.4954132848550529 -0.8722539313179651
1.46233 -0.4975230724594881 -0.8704604372465352
1.4648 -0.4996114849193341 -0.868656312427547
1.46727 -0.5016785464048391 -0.8668416086322384
1.46974 -0.5037242813336371 -0.8650163779354221
1.47222 -0.5057487143710593 -0.8631806727139915
1.47469 -0.5077518704304286 -0.8613345456454173
1.47716 -0.5097337746733398 -0.859478049706236
1.47963 -0.5116944525099258 -0.8576112381705292
1.48211 -0.513633929599108 -0.8557341646083956
1.48458 -0.515552231848833 -0.8538468828844135
1.48705 -0.5174493854162947 -0.8519494471560951
1.48952 -0.5193254167081425 -0.8500419118723317
1.492 -0.5211803523806746 -0.8481243317718324
1.49447 -0.5230142193400176 -0.8461967618815529
1.49694 -0.5248270447422922 -0.8442592575151158
1.49941 -0.5266188559937646 -0.8423118742712242
1.50189 -0.528389680750985 -0.8403546680320657
1.50436 -0.5301395469209113 -0.8383876949617088
1.50683 -0.5318684826610192 -0.8364110115044918
1.5093 -0.5335765163794007 -0.8344246743834024
1.51178 -0.5352636767348462 -0.8324287405984504
1.51425 -0.5369299926369162 -0.8304232674250314
1.51672 -0.5385754932459972 -0.8284083124122841
1.51919 -0.5402002079733464 -0.8263839333814385
1.52167 -0.541804166481122 -0.8243501884241562
1.52414 -0.5433873986824023 -0.822307135900864
1.52661 -0.544949934741189 -0.8202548344390792
1.52908 -0.5464918050724009 -0.8181933429317267
1.53156 -0.5480130403418532 -0.8161227205354495
1.53403 -0.5495136714662232 -0.8140430266689109
1.5365 -0.5509937296130072 -0.8119543210110894
1.53897 -0.5524532462004598 -0.8098566634995663
1.54145 -0.5538922528975251 -0.8077501143288057
1.54392 -0.5553107816237534 -0.8056347339484269
1.54639 -0.5567088645492067 -0.8035105830614706
1.54886 -0.5580865340943514 -0.801377722622655
1.55134 -0.5594438229299394 -0.7992362138366294
1.55381 -0.5607807639768775 -0.7970861181562152
1.55628 -0.5620973904060828 -0.794927497280645
1.55875 -0.5633937356383308 -0.7927604131537895
1.56123 -0.564669833344087 -0.7905849279623817
1.5637 -0.5659257174433293 -0.7884011041342318
1.56617 -0.5671614221053584 -0.786209004336436
1.56864 -0.5683769817485973 -0.7840086914735784
1.57111 -0.5695724310403782 -0.7818002286859245
1.57359 -0.5707478048967188 -0.7795836793476112
1.57606 -0.5719031384820875 -0.7773591070648271
1.57853 -0.5730384672091565 -0.7751265756739878
1.581 -0.574153826738545 -0.7728861492399035
1.58348 -0.5752492529785508 -0.770637892053941
1.58595 -0.5763247820848706 -0.7683818686321785
1.58842 -0.5773804504603096 -0.7661181437135547
1.59089 -0.5784162947544808 -0.7638467822580106
1.59337 -0.5794323518634931 -0.7615678494446254
1.59584 -0.5804286589296284 -0.7592814106697469
1.59831 -0.5814052533410087 -0.7569875315451133
1.60078 -0.5823621727312525 -0.7546862778959722
1.60326 -0.5832994549791202 -0.7523777157591908
1.60573 -0.5842171382081505 -0.7500619113813602
1.6082 -0.5851152607862841 -0.747738931216896
1.61067 -0.5859938613254795 -0.7454088419261301
1.61315 -0.5868529786813179 -0.7430717103733981
1.61562 -0.5876926519525965 -0.7407276036251211
1.61809 -0.588512920480914 -0.7383765889478797
1.62056 -0.5893138238502447 -0.7360187338064856
1.62304 -0.5900954018865028 -0.7336541058620447
1.62551 -0.590857694657097 -0.7312827729700151
1.62798 -0.5916007424704766 -0.7289048031782606
1.63045 -0.5923245858756637 -0.7265202647250973
1.63293 -0.5930292656617824 -0.7241292260373366
1.6354 -0.5937148228575709 -0.7217317557283206
1.63787 -0.5943812987308907 -0.7193279225959534
1.64034 -0.5950287347882216 -0.7169177956207267
1.64282 -0.5956571727741496 -0.7145014439637407
1.64529 -0.5962666546708452 -0.7120789369647198
1.64776 -0.5968572226975312 -0.7096503441400218
1.65023 -0.5974289193099432 -0.7072157351806438
1.65271 -0.5979817871997793 -0.7047751799502221
1.65518 -0.5985158692941417 -0.7023287484830272
1.65765 -0.5990312087549675 -0.6998765109819547
1.66012 -0.5995278489784538 -0.6974185378165105
1.6626 -0.6000058335944704 -0.6949548995207907
1.66507 -0.6004652064659657 -0.6924856667914587
1.66754 -0.6009060116883633 -0.6900109104857161
1.67001 -0.6013282935889493 -0.6875307016192689
1.67249 -0.6017320967262515 -0.6850451113642902
1.67496 -0.6021174658894103 -0.6825542110473775
1.67743 -0.6024844460975397 -0.6800580721475062
1.6799 -0.6028330825990814 -0.6775567662939782
1.68238 -0.6031634208711493 -0.6750503652643669
1.68485 -0.6034755066188657 -0.6725389409824563
1.68732 -0.6037693857746901 -0.6700225655161782
1.68979 -0.604045104497738 -0.6675013110755441
1.69227 -0.6043027091730933 -0.6649752500105726
1.69474 -0.6045422464111118 -0.6624444548092132
1.69721 -0.6047637630467153 -0.6599089980952664
1.69968 -0.6049673061386804 -0.6573689526262996
1.70216 -0.6051529229689163 -0.6548243912915594
1.70463 -0.605320661041737 -0.6522753871098801
1.7071 -0.6054705680831239 -0.6497220132275879
1.70957 -0.6056026920399821 -0.6471643429164018
1.71205 -0.6057170810793875 -0.6446024495713318
1.71452 -0.6058137835878264 -0.642036406708572
1.71699 -0.6058928481704292 -0.6394662879633914
1.71946 -0.6059543236501935 -0.6368921670880201
1.72194 -0.6059982590672021 -0.6343141179495343
1.72441 -0.606024703677832 -0.6317322145277353
1.72688 -0.6060337069539573 -0.6291465309130272
1.72935 -0.6060253185821428 -0.6265571413042911
1.73182 -0.6059995884628325 -0.6239641200067543
1.7343 -0.6059565667095281 -0.6213675414298601
1.73677 -0.6058963036479638 -0.6187674800851316
1.73924 -0.6058188498152698 -0.6161640105840334
1.74171 -0.6057242559591318 -0.6135572076358309
1.74419 -0.6056125730369424 -0.6109471460454454
1.74666 -0.6054838522149446 -0.6083339007113093
1.74913 -0.6053381448673701 -0.6057175466232154
1.7516 -0.6051755025755685 -0.6030981588601656
1.75408 -0.6049959771271316 -0.6004758125882161
1.75655 -0.6047996205150096 -0.5978505830583205
1.75902 -0.6045864849366205 -0.5952225456041708
1.76149 -0.6043566227929543 -0.5925917756400352
1.76397 -0.6041100866876684 -0.5899583486585939
1.76644 -0.6038469294261776 -0.587322340228773
1.76891 -0.603567204014737 -0.5846838259935764
1.77138 -0.603270963659519 -0.5820428816679142
1.77386 -0.6029582617656837 -0.5793995830364307
1.77633 -0.6026291519364415 -0.5767540059513295
1.7788 -0.6022836879721115 -0.5741062263301964
1.78127 -0.6019219238691718 -0.5714563201538216
1.78375 -0.6015439138193043 -0.5688043634640192
1.78622 -0.6011497122084336 -0.5661504323614448
1.78869 -0.6007393736157584 -0.5634946030034111
1.79116 -0.6003129528127783 -0.5608369516017043
1.79364 -0.5998705047623134 -0.5581775544203954
1.79611 -0.5994120846175189 -0.5555164877736526
1.79858 -0.5989377477208919 -0.5528538280235513
1.80105 -0.5984475496032744 -0.550189651577882
1.80353 -0.5979415459828494 -0.547524034887959
1.806 -0.5974197927641305 -0.5448570544464256
1.80847 -0.5968823460369473 -0.5421887867850596
1.81094 -0.5963292620754235 -0.5395193084725769
1.81342 -0.5957605973369495 -0.5368486961124338
1.81589 -0.5951764084611513 -0.5341770263406298
1.81836 -0.5945767522688504 -0.531504375823508
1.82083 -0.5939616857610215 -0.5288308212555546
1.82331 -0.5933312661177422 -0.5261564393571985
1.82578 -0.5926855506971386 -0.52348130687261
1.82825 -0.5920245970343254 -0.5208055005674982
1.83072 -0.5913484628403394 -0.518129097226908
1.8332 -0.5906572060010697 -0.5154521736530173
1.83567 -0.5899508845761811 -0.5127748066629317
1.83814 -0.5892295567980317 -0.5100970730864821
1.84061 -0.5884932810705882 -0.5074190497640183
1.84309 -0.5877421159683327 -0.5047408135442051
1.84556 -0.5869761202351662 -0.5020624412818167
1.84803 -0.5861953527833071 -0.4993840098355302
1.8505 -0.5853998726921842 -0.49670559606572207
1.85298 -0.5845897392073237 -0.49402727683226166
1.85545 -0.583765011739235 -0.49134912899230465
1.85792 -0.5829257498622866 -0.4886712293980888
1.86039 -0.5820720133135809 -0.4859936548947281
1.86287 -0.5812038619918228 -0.4833164823180083
1.86534 -0.5803213559561841 -0.4806397884921807
1.86781 -0.579424555425162 -0.47796365022775866
1.87028 -0.5785135207754353 -0.4752881443193129
1.87276 -0.5775883125407126 -0.47261334754326856
1.87523 -0.5766489914105806 -0.469939336655701
1.8777 -0.5756956182293426 -0.4672661883901339
1.88017 -0.5747282539948573 -0.4645939794553372
1.88265 -0.5737469598573695 -0.461922786533125
1.88512 -0.5727517971183389 -0.45925268627615723
1.88759 -0.5717428272292641 -0.45658375530573725
1.89006 -0.5707201117905009 -0.4539160702096161
1.89253 -0.5696837125500778 -0.4512497075397913
1.89501 -0.5686336914025076 -0.4485847438103131
1.89748 -0.5675701103875936 -0.445921255495088
1.89995 -0.5664930316892324 -0.44325931902568283
1.90242 -0.5654025176342121 -0.440599010789134
1.9049 -0.5642986306910079 -0.43794040712575266
1.90737 -0.5631814334685725 -0.43528358432693626
1.90984 -0.5620509887151222 -0.4326286186329784
1.91231 -0.5609073593169208 -0.42997558623088095
1.91479 -0.5597506082970582 -0.4273245632521686
1.91726 -0.5585807988142251 -0.4246756257707025
1.91973 -0.5573979941614862 -0.4220288498004987
1.9222 -0.5562022577650465 -0.4193843112935469
1.92468 -0.5549936531830159 -0.4167420861376304
1.92715 -0.5537722441041705 -0.41410225015414726
1.92962 -0.5525380943467088 -0.41146487909593743
1.93209 -0.5512912678570058 -0.4088300486451062
1.93457 -0.5500318287083625 -0.4061978344108541
1.93704 -0.5487598410997536 -0.40356831192730636
1.93951 -0.547475369354569 -0.4009415566513449
1.94198 -0.5461784779193549 -0.3983176439604452
1.94446 -0.5448692313625505 -0.3956966491505104
1.94693 -0.5435476943732209 -0.39307864743371335
1.9494 -0.5422139317597867 -0.3904637139363357
1.95187 -0.5408680084487519 -0.38785192369661414
1.95435 -0.5395099894834272 -0.38524335166258616
1.95682 -0.5381399400226503 -0.382638072689939
1.95929 -0.5367579253395048 -0.3800361615398632
1.96176 -0.535364010820033 -0.37743769287690476
1.96424 -0.5339582619619493 -0.37484274126682493
1.96671 -0.5325407443733482 -0.3722513811744591
1.96918 -0.5311115237714102 -0.3696636869615805
1.97165 -0.5296706659811052 -0.3670797328847659
1.97413 -0.5282182369338918 -0.36449959309326485
1.9766 -0.5267543026664163 -0.36192334162687256
1.97907 -0.5252789293192064 -0.35935105241380416
1.98154 -0.5237921831353638 -0.35678279926857404
1.98402 -0.5222941304592538 -0.3542186558898779
1.98649 -0.5207848377351912 -0.3516586958584762
1.98896 -0.5192643715061271 -0.34910299263508504
1.99143 -0.5177327984123281 -0.3465516195582663
1.99391 -0.5161901851900577 -0.3440046498423247
1.99638 -0.514636598670252 -0.3414621565752046
1.99885 -0.5130721057771954 -0.33892421271639495
2.00132 -0.5114967735271927 -0.33639089109483467
2.0038 -0.5099106690272387 -0.3338622644068223
2.00627 -0.5083138594736866 -0.33133840521393076
2.00874 -0.5067064121509132 -0.3288193859409245
2.01121 -0.5050883944299828 -0.3263052788736819
2.01369 -0.5034598737673078 -0.3237961561571199
2.01616 -0.5018209177033092 -0.32129208979312485
2.01863 -0.5001715938610718 -0.318793151638485
2.0211 -0.4985119699450017 -0.31629941340282997
2.02358 -0.49684211373947834 -0.3138109466465724
2.02605 -0.4951620931075057 -0.3113278227788536
2.02852 -0.4934719759893623 -0.30885011305549637
2.03099 -0.4917718304012486 -0.3063778885769576
2.03347 -0.49006172443393287 -0.30391122028629036
2.03594 -0.48834172625139527 -0.3014501789671067
2.03841 -0.48661190408947036 -0.29899483524154713
2.04088 -0.48487232625448784 -0.29654525956825384
2.04336 -0.4831230611219109 -0.2941015222403478
2.04583 -0.48136417713497487 -0.2916636933834137
2.0483 -0.47959574280332273 -0.28923184295348636
2.05077 -0.4778178267016393 -0.2868060407350428
2.05325 -0.4760304974682841 -0.2843863563390012
2.05572 -0.4742338238039234 -0.28197285920072157
2.05819 -0.4724278744701605 -0.279565618578015
2.06066 -0.47061271828816353 -0.27716470354915423
2.06313 -0.46878842413729443 -0.2747701830108943
2.06561 -0.46695506095373324 -0.27238212567649156
2.06808 -0.46511269772910524 -0.27000060007373516
2.07055 -0.4632614035091035 -0.2676256745429795
2.07302 -0.46140124739211186 -0.2652574172351827
2.0755 -0.4595322985278265 -0.26289589610995134
2.07797 -0.45765462611587643 -0.2605411789335905
2.08044 -0.4557682994044429 -0.25819333327715854
2.08291 -0.45387338768887847 -0.2558524265145288
2.08539 -0.45196996031032366 -0.25351852582045553
2.08786 -0.4500580866543235 -0.25119169816864595
2.09033 -0.44813783614944463 -0.2488720103298404
2.0928 -0.44620927826588913 -0.2465595288698934
2.09528 -0.4442724825141087 -0.24425432014786663
2.09775 -0.4423275184434188 -0.24195645031412083
2.10022 -0.44037445564061023 -0.23966598530842198
2.10269 -0.438413363728562 -0.2373829908580447
2.10517 -0.4364443123648524 -0.23510753247589
2.10764 -0.4344673712403698 -0.23283967545860262
2.11011 -0.4324826100779229 -0.23057948488469826
2.11258 -0.43049009863085036 -0.22832702561269635
2.11506 -0.42848990668163023 -0.22608236227925893
2.11753 -0.4264821040404879 -0.22384555929733407
2.12 -0.4244667605440058 -0.22161668085431052
2.12247 -0.42244394605373065 -0.21939579091017292
2.12495 -0.4204137304547813 -0.2171829531956686
2.12742 -0.4183761836544559 -0.214978231210477
2.12989 -0.4163313755808395 -0.212781688221389
2.13236 -0.41427937618141053 -0.2105933872604896
2.13484 -0.4122202554216479 -0.20841339112335167
2.13731 -0.410154083283638 -0.20624176236723168
2.13978 -0.4080809297646795 -0.20407856330927476
2.14225 -0.40600086487589254 -0.2019238560247283
2.14473 -0.4039139586408231 -0.1997777023451588
2.1472 -0.4018202810940502 -0.19764016385667826
2.14967 -0.3997199022797928 -0.1955113018981769
2.15214 -0.3976128922505158 -0.19339117755956292
2.15462 -0.3954993210655368 -0.19127985168000916
2.15709 -0.3933792587896336 -0.18917738484620783
2.15956 -0.3912527754916512 -0.1870838373906316
2.16203 -0.38911994124310917 -0.18499926938980216
2.16451 -0.38698082611680806 -0.182923740662566
2.16698 -0.3848355001854397 -0.18085731076837885
2.16945 -0.38268403352019403 -0.17880003900559605
2.17192 -0.38052649618936807 -0.17675198440977036
2.1744 -0.37836295825697513 -0.1747132057519587
2.17687 -0.3761934897813545 -0.1726837615370349
2.17934 -0.37401816081378153 -0.17066371000201197
2.18181 -0.3718370413970784 -0.16865310911436937
2.18429 -0.36965020156422573 -0.1666520165703913
2.18676 -0.36745771133697247 -0.16466048979350878
2.18923 -0.36525964072445133 -0.16267858593265472
2.1917 -0.36305605972179056 -0.16070636186062115
2.19418 -0.36084703830872716 -0.15874387417242986
2.19665 -0.35863264644822285 -0.15679117918370555
2.19912 -0.3564129540850787 -0.1548483329290622
2.20159 -0.35418803114455194 -0.1529153911604939
2.20407 -0.3519579475309726 -0.15099240934577496
2.20654 -0.34972277312636246 -0.14907944266686912
2.20901 -0.34748257778905234 -0.14717654601834407
2.21148 -0.3452374313523043 -0.14528377400579862
2.21396 -0.3429874036229313 -0.14340118094429455
2.21643 -0.3407325643799193 -0.14152882085679752
2.2189 -0.3384729833730509 -0.13966674747262808
2.22137 -0.33620873032152887 -0.13781501422591824
2.22384 -0.33393987491260235 -0.13597367425408002
2.22632 -0.33166648680019284 -0.13414278039627825
2.22879 -0.32938863560352233 -0.13232238519191752
2.23126 -0.32710639090574245 -0.130512540879131
2.23373 -0.3248198222525636 -0.12871329939328346
2.23621 -0.3225289991508888 -0.12692471236548086
2.23868 -0.3202339910674452 -0.12514683112108838
2.24115 -0.3179348674274188 -0.12337970667825748
2.24362 -0.3156316976130906 -0.12162338974646203
2.2461 -0.3133245509624739 -0.11987793072504282
2.24857 -0.31101349676795276 -0.11814337970176225
2.25104 -0.30869860427492296 -0.11641978645136586
2.25351 -0.30637994268043406 -0.11470720043415505
2.25599 -0.3040575811318309 -0.11300567079456636
2.25846 -0.3017315887254024 -0.1113152463597622
2.26093 -0.29940203450502556 -0.1096359756382308
2.2634 -0.2970689874608153 -0.1079679068183913
2.26588 -0.2947325165277745 -0.10631108776721421
2.26835 -0.29239269058444595 -0.10466556602884458
2.27082 -0.29004957845156637 -0.10303138882324103
2.27329 -0.2877032488907222 -0.10140860304481758
2.27577 -0.2853537706030076 -0.09979725526110039
2.27824 -0.28300121222768254 -0.09819739171138964
2.28071 -0.28064564234083644 -0.09660905830543409
2.28318 -0.27828712945404993 -0.09503230062211276
2.28566 -0.275925742013061 -0.0934671639081277
2.28813 -0.2735615483964325 -0.09191369307670416
2.2906 -0.27119461691422136 -0.09037193270630395
2.29307 -0.26882501580665097 -0.08884192703934402
2.29555 -0.2664528132427841 -0.08732371998092892
2.29802 -0.26407807731919963 -0.08581735509758848
2.30049 -0.26170087605867076 -0.0843228756160308
2.30296 -0.25932127740884414 -0.08284032442189804
2.30544 -0.2569393492409247 -0.08136974405853903
2.30791 -0.25455515934835926 -0.07991117672578696
2.31038 -0.2521687754455243 -0.07846466427874821
2.31285 -0.24978026516641544 -0.07703024822660232
2.31533 -0.24738969606333988 -0.07560796973140937
2.3178 -0.24499713560561076 -0.07419786960693053
2.32027 -0.24260265117824442 -0.07279998831745527
2.32274 -0.24020631008065962 -0.07141436597664141
2.32522 -0.23780817952537883 -0.07004104234636266
2.32769 -0.2354083266367348 -0.06868005683556944
2.33016 -0.2330068184495763 -0.06733144849915607
2.33263 -0.23060372190797812 -0.06599525603684175
2.33511 -0.22819910386395367 -0.06467151779205893
2.33758 -0.22579303107616996 -0.06336027175085324
2.34005 -0.2233855702086658 -0.062061555540793734
2.34252 -0.22097678782957206 -0.060775406429892764
2.345 -0.21856675040983542 -0.05950186132553714
2.34747 -0.2161555243219433 -0.058240956773427666
2.34994 -0.21374317583865504 -0.05699272895653207
2.35241 -0.2113297711317318 -0.05575721369404607
2.35489 -0.20891537627067253 -0.05453444644036498
2.35736 -0.20650005722145118 -0.053324462284066954
2.35983 -0.20408387984525744 -0.052127295946905905
2.3623 -0.2016669098972403 -0.05094298178281498
2.36478 -0.19924921302525495 -0.049771553776920774
2.36725 -0.1968308547686126 -0.04861304554456902
2.36972 -0.1944119005568319 -0.047467490330357354
2.37219 -0.1919924157083972 -0.046334921007184726
2.37467 -0.18957246542951578 -0.04521537007530574
2.37714 -0.1871521148128807 -0.04410886966139871
2.37961 -0.18473142883643612 -0.043015451517643966
2.38208 -0.18231047236214573 -0.04193514702081247
2.38455 -0.1798893101347649 -0.040867987171365305
2.38703 -0.17746800678061572 -0.03981400259256418
2.3895 -0.17504662680636504 -0.038773223529593004
2.39197 -0.1726252345978074 -0.037745679848689484
2.39444 -0.17020389441864822 -0.036731401036288025
2.39692 -0.16778267040929457 -0.03573041619817441
2.39939 -0.16536162658564588 -0.03474275405864935
2.40186 -0.16294082683788955 -0.0337684429597056
2.40433 -0.16052033492929996 -0.032807510860213274
2.40681 -0.15810021449504083 -0.03185998533511836
2.40928 -0.1556805290409713 -0.030925893574651364
2.41175 -0.15326134194245516 -0.03000526238354695
2.41422 -0.15084271644317493 -0.029098118180274857
2.4167 -0.14842471565394588 -0.028204486996281197
2.41917 -0.14600740255154016 -0.027324394475242153
2.42164 -0.14359083997750838 -0.026457865872328457
2.42411 -0.14117509063700795 -0.025604926053479193
2.42659 -0.13876021709763467 -0.024765599494690038
2.42906 -0.13634628178825772 -0.02393991028130893
2.43153 -0.1339333469978589 -0.023127882107347286
2.434 -0.13152147487437524 -0.02232953827479789
2.43648 -0.12911072742354618 -0.02154490169296741
2.43895 -0.12670116650776256 -0.020773994877818502
2.44142 -0.12429285384492307 -0.020016839951324084
2.44389 -0.12188585100729132 -0.019273458640832297
2.44637 -0.11948021942035826 -0.01854387227844312
2.44884 -0.11707602036170846 -0.017828101800395957
2.45131 -0.11467331495989051 -0.017126167746469245
2.45378 -0.11227216419329049 -0.01643809025939058
2.45626 -0.10987262888901121 -0.015763889084259297
2.45873 -0.10747476972175404 -0.01510358356797914
2.4612 -0.1050786472127056 -0.014457192658703932
2.46367 -0.10268432172842694 -0.013824734905292901
2.46615 -0.10029185347975045 -0.013206228456779101
2.46862 -0.09790130252067722 -0.012601691061848497
2.47109 -0.09551272874728033 -0.012011140068330373
2.47356 -0.0931261918966122 -0.01143459242269973
2.47604 -0.09074175154561608 -0.010872064669590786
2.47851 -0.08835946711004167 -0.01032357295132258
2.48098 -0.08597939784336533 -0.009789133007435558
2.48345 -0.0836016028357149 -0.00926876017423961
2.48593 -0.08122614101279609 -0.008762469384374527
2.4884 -0.07885307113482902 -0.008270275166381014
2.49087 -0.07648245179548334 -0.00779219164428413
2.49334 -0.07411434142082066 -0.00732823253718784
2.49582 -0.07174879826824078 -0.006878411158881104
2.49829 -0.06938588042543245 -0.006442740417456516
2.50076 -0.06702564580932864 -0.006021232814938937
2.50323 -0.06466815216506609 -0.0056139004469275555
2.50571 -0.062313457064950124 -0.0052207550022481675
2.50818 -0.05996161790742171 -0.004841807762618222
2.51065 -0.05761269191603322 -0.0044770696023230805
2.51312 -0.05526673613842486 -0.004126550987903377
2.5156 -0.05292380744530752 -0.0037902619778555913
2.51807 -0.05058396252945024 -0.003468212222342393
2.52054 -0.04824725790467123 -0.0031604109629166377
2.52301 -0.04591374990483559 -0.0028668670322555823
2.52549 -0.043583494682855786 -0.00258758885390753
2.52796 -0.04125654820969777 -0.002322584442050357
2.53043 -0.03893296627339211 -0.0020718614012613656
2.5329 -0.036612804478047864 -0.0018354269262987888
2.53538 -0.03429611824287523 -0.0016132878018959573
2.53785 -0.031982962801209006 -0.0014054504025660108
2.54032 -0.029673393199538937 -0.001211920692419266
2.54279 -0.0273674642965444 -0.0010327042249922425
2.54526 -0.025065230762134093 -0.0008678061430875683
2.54774 -0.022766747076490512 -0.000717231178627431
2.55021 -0.020472067529119415 -0.0005809836525170198
2.55268 -0.018181246217904734 -0.00045906747452084673
2.55515 -0.015894337048165612 -0.0003514861431503924
2.55763 -0.01361139373172414 -0.0002582427455637415
2.5601 -0.011332469785972334 -0.0001793399574772092
2.56257 -0.009057618532947028 -0.00011478004308851375
2.56504 -0.006786893098409197 -0.00006456485501149523
2.56752 -0.004520346410928345 -0.000028695834223047
2.56999 -0.002258031200971956 -7.1740100222594805e-6
2.57246 -5.1570270204041856e-17 0.
