#1001 0.1 2.47246
0.1 4.799997599999998e15 3.999996e12
0.102372 3.456821172182483e15 3.0189902717131484e12
0.104745 2.508298053889806e15 2.293314310712972e12
0.107117 1.8331642422993478e15 1.7528297527240166e12
0.10949 1.3489843538221722e15 1.3476372277714814e12
0.111862 9.99235444371574e14 1.0419664319889115e12
0.114235 7.44842193208141e14 8.099891142738817e11
0.116607 5.585779164292298e14 6.329260339566045e11
0.11898 4.2132830134293244e14 4.970321517521641e11
0.121352 3.195769659334673e14 3.921827977527892e11
0.123725 2.4369949769344666e14 3.1087433530678204e11
0.126097 1.8679696885406525e14 2.4751286817449863e11
0.12847 1.4389234066639638e14 1.97904570475483e11
0.130842 1.1137286823992919e14 1.588881325657922e11
0.133214 8.660051338153842e13 1.2806805117318958e11
0.135587 6.763792438407884e13 1.0361993991878821e11
0.137959 5.305446042750559e13 8.41475948317615e10
0.140332 4.178802656508514e13 6.857747470564651e10
0.142704 3.3046072447680773e13 5.608038578042194e10
0.145077 2.623424373256318e13 4.601305697688665e10
0.147449 2.0904675397701418e13 3.787433648151103e10
0.149822 1.6718317565826945e13 3.127219224420736e10
0.152194 1.3417342457269195e13 2.5898735770354683e10
0.154567 1.0804832925707326e13 2.151123321556619e10
0.156939 8.729758000572695e12 1.7917605472234703e10
0.159312 7.075806671936949e12 1.4965309223285412e10
0.161684 5.753051088357701e12 1.2532775675604412e10
0.164056 4.691694557730063e12 1.0522792440727736e10
0.166429 3.837362787375658e12 8.8573678094812e9
0.168801 3.147542594563137e12 7.473730472409124e9
0.171174 2.5888775223846855e12 6.321202337966169e9
0.173546 2.1351060736317642e12 5.358745264153919e9
0.175919 1.7654838378341753e12 4.553029877669987e9
0.178291 1.4635714427732603e12 3.876910308498493e9
0.180664 1.216300141416253e12 3.3082156171099663e9
0.183036 1.0132488986570459e12 2.828789140281722e9
0.185409 8.460831870064978e11 2.423722556517002e9
0.187781 7.081178631651177e11 2.0807433783631701e9
0.190154 5.93975583849705e11 1.7897237132803442e9
0.192526 4.9931903345002856e11 1.5422851668390818e9
0.194898 4.2064036534827106e11 1.3314801940969284e9
0.197271 3.5509513371954285e11 1.1515344149480085e9
0.199643 3.003709304317852e11 9.976376825197942e8
0.202016 2.5458317663756265e11 8.657742466925807e8
0.204388 2.161922246695005e11 7.525843521316159e8
0.206761 1.8393723238578647e11 6.552511774674412e8
0.209133 1.5678327591673965e11 5.714082556252373e8
0.211506 1.3387894039752943e11 4.990634886792784e8
0.213878 1.1452222633693202e11 4.36536640933626e8
0.216251 9.813307299257085e10 3.824078052165456e8
0.218623 8.423116072676634e10 3.3547482374454266e8
0.220996 7.241793553371446e10 2.9471803289266115e8
0.223368 6.236201884679536e10 2.592710114874314e8
0.22574 5.378733818487129e10 2.2839626099355948e8
0.228113 4.646344978472012e10 2.0146494587791935e8
0.230485 4.019763125066952e10 1.7793998347540113e8
0.232858 3.482840672387462e10 1.5736190270980313e8
0.23523 3.0220233998991886e10 1.3933699624969116e8
0.237603 2.6259136169504425e10 1.235273760239892e8
0.239975 2.2849102699689312e10 1.0964261139209601e8
0.242348 1.9909118589557743e10 9.743268576893687e7
0.24472 1.7370707307811523e10 8.668205362821834e7
0.247093 1.5175894818690145e10 7.72046175321238e7
0.249465 1.3275519422693266e10 6.883947575362806e7
0.251838 1.1627826135677816e10 6.1447316446596906e7
0.25421 1.0197295630180426e10 5.490735520772963e7
0.256582 8.953666898498203e9 4.911473009330602e7
0.258955 7.871120198445873e9 4.397828237368313e7
0.261327 6.927592851024305e9 3.941866307320935e7
0.2637 6.104205346254917e9 3.536671509396745e7
0.266072 5.384779196073337e9 3.176208881743468e7
0.268445 4.755431224930779e9 2.85520558112341e7
0.270817 4.2042316486802306e9 2.5690490877424557e7
0.27319 3.7209154721024303e9 2.3136997359543312e7
0.275562 3.296638524926332e9 2.0856154537936147e7
0.277935 2.9237709278741913e9 1.8816869218141466e7
0.280307 2.595721992654217e9 1.699181636330662e7
0.28268 2.3067915603035483e9 1.535695592778001e7
0.285052 2.0520436092714136e9 1.3891114988606928e7
0.287425 1.827198649327671e9 1.2575625905340947e7
0.289797 1.6285419851841547e9 1.1394012616638808e7
0.292169 1.452845405323997e9 1.0331718346193919e7
0.294542 1.297300243855847e9 9.375868975303e6
0.296914 1.159460090073042e9 8.51506717353781e6
0.299287 1.0371916931345414e9 7.739213086597185e6
0.301659 9.286328371943452e8 7.039347981456476e6
0.304032 8.32156153034299e8 6.4075177601359235e6
0.306404 7.463379920961909e8 5.836653688769271e6
0.308777 6.699316229537054e8 5.320468059898037e6
0.311149 6.018441230003341e8 4.853362822886233e6
0.313522 5.411164330018272e8 4.430349488314575e6
0.315894 4.869061221092911e8 4.0469788441358544e6
0.318267 4.384724783881592e8 3.699279220112989e6
0.320639 3.9516359691458786e8 3.383702207573677e6
0.323011 3.5640518570828015e8 3.097074887974869e6
0.325384 3.2169085061361086e8 2.836557749718372e6
0.327756 2.905736548796929e8 2.599607581087606e6
0.330129 2.626587786035587e8 2.3839447206283645e6
0.332501 2.375971282069454e8 2.1875241269279844e6
0.334874 2.1507976740229222e8 2.00850979939423e6
0.337246 1.9483305924217498e8 1.8452521418556964e6
0.339619 1.7661442432177597e8 1.6962679129322225e6
0.341991 1.602086334220323e8 1.560222452289798e6
0.344364 1.4542456418385577e8 1.4359139110700372e6
0.346736 1.3209236107947145e8 1.322259248797656e6
0.349109 1.2006094623876128e8 1.2182817886305333e6
0.351481 1.0919583580208552e8 1.123100148533362e6
0.353853 9.937722258029029e7 1.0359183883494466e6
0.356226 9.04982910548067e7 956017.2322639292
0.358598 8.246373527076083e7 882746.2431801402
0.360971 7.518845406994045e7 815516.8404011172
0.363343 6.859640146831332e7 753796.0650051888
0.365716 6.261957288132816e7 697101.0086748314
0.368088 5.719711040463989e7 644993.8316935771
0.370461 5.227451252394495e7 597077.3045508962
0.372833 4.780293550272163e7 552990.815247662
0.375206 4.37385753215099e7 512406.791113376
0.377578 4.0042120451587796e7 475027.4898489835
0.379951 3.667826696929314e7 440582.11970001366
0.382323 3.361528858021564e7 408824.2532328308
0.384695 3.0824655046948753e7 379529.50321052625
0.387068 2.8280693318765298e7 352493.432611728
0.38944 2.5960286362618063e7 327529.6739645951
0.391813 2.384260530613766e7 304468.23593080026
0.394185 2.190887103673661e7 283153.9775150983
0.396558 2.014214186685647e7 263445.2324344448
0.39893 1.8527124282667983e7 245212.56809042583
0.401303 1.7050004149852674e7 228337.66528015162
0.403675 1.5698296062062908e7 212712.30627954646
0.406048 1.4460708791033776e7 198237.46026229736
0.40842 1.3327025037050532e7 184822.45619739624
0.410793 1.2287993888879258e7 172384.23441595575
0.413165 1.1335234587062571e7 160846.66896911757
0.415537 1.04611503469195e7 150139.95372701847
0.41791 9.658851140469674e6 140200.04590576058
0.420282 8.92208446228592e6 130968.16136570899
0.422655 8.245173215082445e6 122390.316609322
0.425027 7.622959948533833e6 114416.91292835034
0.4274 7.050756770997168e6 107002.35861564302
0.429772 6.5243003298952915e6 100104.7255724189
0.432145 6.0397113237349475e6 93685.43701316716
0.434517 5.593458068159159e6 87708.98330231792
0.43689 5.182323691006751e6 82142.66325382444
0.439262 4.803376577892585e6 76956.34849062529
0.441635 4.453943731054324e6 72122.26869909627
0.444007 4.1315867407598468e6 67614.8158269909
0.446379 3.83408010099243e6 63410.365464774266
0.448752 3.5593916299078944e6 59487.11382195749
0.451124 3.3056647811199194e6 55824.9288642461
0.453497 3.071202654586372e6 52405.2143158031
0.455869 2.8544535360736386e6 49210.78535544404
0.458242 2.6539978121536323e6 46225.75494753879
0.460614 2.468536123697288e6 43435.42984916823
0.462987 2.2968786350907083e6 40826.2154257901
0.465359 2.1379353091162457e6 38385.528489410055
0.467732 1.9907070887829622e6 36101.71744690666
0.470104 1.8542778975155132e6 33963.98911260354
0.472477 1.7278073781516673e6 31962.341599115673
0.474849 1.6105242992787512e6 30087.502754623958
0.477221 1.501720564663121e6 28330.87366360559
0.479594 1.4007457679896762e6 26684.476772227656
0.481966 1.307002240913574e6 25140.908239554417
0.484339 1.2199405476072202e6 23693.29415184978
0.486711 1.1390553836288091e6 22335.250269964148
0.489084 1.0638818411012124e6 21060.84500940846
0.491456 993992.0059246889 19864.56537955076
0.493829 928991.8560984671 18741.28563268867
0.496201 868518.4332365753 17686.238395809964
0.498574 812237.2620676248 16694.988077859933
0.500946 759839.995139797 15763.406363501683
0.503319 711042.262138897 14887.649620848068
0.505691 665581.705195406 14064.13806563326
0.508063 623216.1833280751 13289.536537913282
0.510436 583722.1307677485 12560.736759774714
0.512808 546893.0553433424 11874.840953800367
0.515181 512538.1644089639 11229.146712301363
0.517553 480481.106961074 10621.133016665608
0.519926 450558.82165058923 10048.447314683395
0.522298 422620.4813483744 9508.893571467977
0.524671 396526.52578392066 9000.421216659635
0.527043 372147.77455564955 8521.114917054492
0.529416 349364.6135152098 8069.185109684411
0.531788 328066.2481651049 7642.959235750596
0.534161 308150.0182853371 7240.8736207198845
0.536533 289520.7685267675 6861.465950379747
0.538905 272090.2701816369 6503.368296745176
0.541278 255776.6897702595 6165.300651461209
0.54365 240504.10047135153 5846.064927772255
0.546023 226202.03277592454 5544.539395268995
0.548395 212805.06106441515 5259.673514495437
0.550768 200252.42309709784 4990.483141131034
0.55314 188487.66967146887 4736.046071872734
0.555513 177458.34193991474 4495.497906352261
0.557885 167115.67409872302 4268.028201449241
0.560258 157414.3193575698 4052.876896220015
0.56263 148312.09727876197 3849.3309873665753
0.565003 139769.76073948783 3656.721436735694
0.567375 131750.78091963285 3474.420293775897
0.569747 124221.14885367229 3301.838017199682
0.57212 117149.1922090799 3138.4209813126026
0.574492 110505.40606661103 2983.649153585294
0.576865 104262.29658083282 2837.033931070947
0.579237 98394.23649320951 2698.116124213648
0.58161 92877.33155581371 2566.4640774617396
0.583982 87689.2970019952 2441.671916899137
0.586355 82809.34327184844 2323.357915843977
0.588727 78218.07026561983 2211.162970041454
0.5911 73897.36945790946 2104.74917470291
0.593472 69830.33326008722 2003.7984962186285
0.595845 66001.17106828032 1908.011531903185
0.598217 62395.131479952084 1817.106351621608
0.600589 58998.430203911 1730.8174155968243
0.602962 55798.18322685765 1648.8945631156594
0.605334 52782.344834647745 1571.1020672360676
0.607707 49939.65011856809 1497.2177509536386
0.610079 47259.561626368464 1427.0321606141852
0.612452 44732.21984479451 1360.3477926628582
0.614824 42348.39722512083 1296.9783701008196
0.617197 40099.45548591175 1236.7481652802694
0.619569 37977.305948081615 1179.4913659085482
0.621942 35974.372676478444 1125.0514813543384
0.624314 34083.55821979136 1073.2807865545246
0.626687 32298.21175674218 1024.0398010107035
0.629059 30612.099471363672 977.196800540617
0.631431 29019.37699381587 932.6273596130992
0.633804 27514.563755745305 890.2139222465279
0.636176 26092.5191207337 849.8453995909421
0.638549 24748.420161011767 811.4167924442303
0.640921 23477.740961388623 774.8288370732125
0.643294 22276.233340356637 739.987672822565
0.645666 21139.908886621233 706.8045300981834
0.648039 20065.02221695022 675.1954374081555
0.650411 19048.05536827641 645.0809462338527
0.652784 18085.703243482792 616.385872586913
0.655156 17174.860036283288 589.0390541849689
0.657529 16312.606566138273 562.9731222508681
0.659901 15496.198459236488 538.1242870066854
0.662274 14723.055116281561 514.4321359959717
0.664646 13990.749412160874 491.83944442520726
0.667018 13296.998076587208 470.2919967692111
0.669391 12639.652708506797 449.7384189350445
0.671763 12016.691380490738 430.1300203254787
0.674136 11426.210792491911 411.42064518631264
0.676508 10866.418937273384 393.56653266207803
0.678881 10335.628242521367 376.5261850222235
0.681253 9832.249157157097 360.26024355473896
0.683626 9354.784151679321 344.73137165682533
0.685998 8901.822104511248 329.9041446824909
0.688371 8472.033048311698 315.7449461353058
0.690743 8064.163252046795 302.22186982090244
0.693116 7677.030616322226 289.3046275984542
0.695488 7309.52036105231 276.96446239328526
0.69786 6960.580986005366 265.17406615426285
0.700233 6629.220486119027 253.9075024595584
0.702605 6314.502804737051 243.14013349310824
0.704978 6015.54450908395 232.84855113149519
0.70735 5731.511673376223 223.01051189731405
0.709723 5461.616955971742 213.60487555027225
0.712095 5205.116857891355 204.6115471015316
0.714468 4961.309150911174 196.0114220500859
0.71684 4729.530464227533 187.7863346523989
0.719213 4509.154019443161 179.91900904817646
0.721585 4299.587504315899 172.39301307599902
0.723958 4100.271076356435 165.19271462274207
0.72633 3910.6754879598966 158.30324036021446
0.728702 3730.30032531384 151.7104367313766
0.731075 3558.672353842641 145.40083305683274
0.733447 3395.34396343082 139.36160664011612
0.73582 3239.891707115764 133.58054975759813
0.738192 3091.9149273582 128.04603842571387
0.740565 2951.0344643868443 122.7470028446183
0.742937 2816.8914414759543 117.67289942341384
0.74531 2689.1461223510055 112.81368429772384
0.747682 2567.476836232072 108.15978825569616
0.750055 2451.578966316596 103.70209299346158
0.752427 2341.163997776217 99.43190862575038
0.7548 2235.9586215961026 95.3409523817161
0.757172 2135.7038908224863 91.4213284201305
0.759544 2040.1544260049072 87.66550870195047
0.761917 1949.077666825811 84.06631486186741
0.764289 1862.2531671026543 80.61690102385032
0.766662 1779.4719305268832 77.31073750885929
0.769034 1700.535784672012 74.141595385918
0.771407 1625.2567909591253 71.10353182052053
0.773779 1553.4566884145115 68.19087617700913
0.776152 1484.9663691902786 65.39821683402036
0.778524 1419.6253839465228 62.72038867444677
0.780897 1357.2814753124876 60.15246121353863
0.783269 1297.7901377556705 57.689727330844576
0.785642 1241.0142022916905 55.327692573619096
0.788014 1186.8234445652124 53.06206500115656
0.790386 1135.0942149230152 50.888745541221795
0.792759 1085.7090891855821 48.803818831368794
0.795131 1038.5565389030246 46.80354451945162
0.797504 993.53061995582 44.88434899907055
0.799876 950.5306784304605 43.04281755703869
0.802249 909.4610727654108 41.27568691122491
0.804621 870.2309112239454 39.57983811832598
0.806994 832.7538038075662 37.95228983224332
0.809366 796.9476277774304 36.390191894805476
0.811739 762.7343060013181 34.890819241571165
0.814111 730.0395973908578 33.45156610639798
0.816484 698.7928987377038 32.069940509342345
0.818856 668.9270572988258 30.743559013301486
0.821228 640.3781935197198 29.470141735590772
0.823601 613.0855333208025 28.24750760140363
0.825973 586.991249406238 27.073569826794735
0.828346 562.0403110865325 25.94633161949953
0.830718 538.1803421361278 24.863882086521635
0.833091 515.36148623549 23.824392338016274
0.835463 493.53627957351523 22.826111777551077
0.837836 472.6595302109777 21.867364569355694
0.840208 452.6882038289565 20.946546273666065
0.842581 433.5813155081224 20.06212064174174
0.844953 415.2998272052692 19.212616562575107
0.847326 397.80655061278173 18.396625153732913
0.849698 381.0660551049001 17.61279698916588
0.85207 365.04458049163486 16.85983945719558
0.854443 349.7099543172567 16.136514242242683
0.856815 335.0315134552994 15.441634924194794
0.859188 320.9800297662159 14.77406468962759
0.86156 307.52763959710444 14.132714149393104
0.863933 294.6477769154831 13.516539257371393
0.866305 282.31510988083613 12.924539325448599
0.868678 270.5054806687797 12.355755130038967
0.87105 259.19584837308537 11.809267105706674
0.873423 248.3642348206594 11.28419362167065
0.875795 237.98967314377657 10.779689337189518
0.878168 228.0521589626106 10.294943632027966
0.88054 218.53260403925546 9.82917910839648
0.882912 209.4127922721885 9.381650160940048
0.885285 200.6753379073591 8.951641611523048
0.887657 192.3036458489653 8.538467405720933
0.89003 184.28187395941316 8.141469368084293
0.892402 176.59489724403954 7.760016013387194
0.894775 169.2282738219204 7.3935014112110835
0.897147 162.16821258947314 7.041344101346553
0.89952 155.4015424886729 6.7029860576207865
0.901892 148.91568329649084 6.377891697876264
0.904265 142.6986178567097 6.065546937938724
0.906637 136.73886567952798 5.76545828751891
0.90901 131.02545783841435 5.477151986093173
0.911382 125.54791309746071 5.200173176903908
0.913754 120.29621520608904 4.934085117311754
0.916127 115.26079130134077 4.678468423817268
0.918499 110.4324913611909 4.432920350151699
0.920872 105.80256865533467 4.197054096914261
0.923244 101.36266114276079 3.9704981513066695
0.925617 97.10477376810518 3.752895655585456
0.927989 93.02126161133488 3.543903802919636
0.930362 89.10481384770655 3.3431932594034866
0.932734 85.34843847721746 3.150447611034677
0.935107 81.745447784916 2.965362834524333
0.937479 78.28944449545875 2.7876467908601503
0.939852 74.97430858722728 2.617018740594524
0.942224 71.79418473311999 2.4532088798785905
0.944596 68.74347033685777 2.2959578963094716
0.946969 65.81680413525211 2.1450165437017663
0.949341 63.00905533842575 2.0001452349367073
0.951714 60.31531328141706 1.8611136520814116
0.954086 57.73087756197781 1.7277003730092533
0.956459 55.25124864066389 1.5996925137878781
0.958831 52.872118880553224 1.4768853861356774
0.961204 50.58936400507963 1.3590821692801711
0.963576 48.39903495357812 1.2460935955826606
0.965949 46.29735011517063 1.137737649322779
0.968321 44.28068792261417 1.0338392780649714
0.970694 42.34557978865948 0.9342301160550655
0.973066 40.488703368357655 0.8387482191209354
0.975438 38.70687613158628 0.747237810575184
0.977811 36.99704923085902 0.6595490376406934
0.980183 35.35630165023705 0.5755377379419881
0.982556 33.78183462186814 0.4950652156259254
0.984928 32.27096629735777 0.4179980266953631
0.987301 30.82112666181258 0.3442077731580513
0.989673 29.429852679005357 0.2735709056112894
0.992046 28.094783656681972 0.20596853389964043
0.994418 26.813656821579237 0.14128624549991375
0.996791 25.584303094234635 0.07941393130245089
0.999163 24.404643054163234 0.02024561847327888
1.00154 23.272683086437308 -0.03632068990462489
1.00391 22.18651170114912 -0.09038316869911212
1.00628 21.144296017650372 -0.14203631838095587
1.00865 20.14427840586484 -0.19137110672327395
1.01103 19.18477327734026 -0.23847510479980372
1.0134 18.264164019068392 -0.2834326175221755
1.01577 17.380900063437572 -0.32632480894591787
1.01814 16.533494088006808 -0.3672298225646653
1.02052 15.72051933909309 -0.4062228968025061
1.02289 14.940607073456047 -0.443376475905116
1.02526 14.192444112639352 -0.4787603164215395
1.02763 13.474770504788388 -0.5124415894601566
1.03001 12.786377289014109 -0.5444849788943076
1.03238 12.12610435760801 -0.5749527756854618
1.03475 11.492838411638456 -0.603904968484466
1.03712 10.885511005670189 -0.6313993306645549
1.03949 10.303096677553212 -0.6574915039330538
1.04187 9.744611159418227 -0.6822350786624343
1.04424 9.20910966620035 -0.7056816710753031
1.04661 8.695685258184723 -0.727880997412135
1.04898 8.203467274235146 -0.7488809452050331
1.05136 7.731619832522266 -0.7687276417755275
1.05373 7.279340395719212 -0.7874655200693659
1.0561 6.845858397772618 -0.8051373819364969
1.05847 6.430433929493876 -0.8217844589597716
1.06085 6.03235648034398 -0.8374464709315492
1.06322 5.650943733906405 -0.8521616820731768
1.06559 5.285540414660453 -0.8659669550882974
1.06796 4.935517183777285 -0.8788978031371268
1.07034 4.600269581767123 -0.8909884398151211
1.07271 4.279217015905304 -0.9022718272160282
1.07508 3.9718017904616514 -0.9127797221559037
1.07745 3.6774881778476045 -0.9225427206314964
1.07983 3.3957615288829 -0.931590300583335
1.0822 3.1261274204650875 -0.9399508630309272
1.08457 2.8681108390046557 -0.9476517716446728
1.08694 2.6212553980624174 -0.9547193908164158
1.08932 2.3851225886978717 -0.9611791222879875
1.09169 2.1592910611040765 -0.9670554403946612
1.09406 1.9433559361700827 -0.9723719259780597
1.09643 1.7369281456728356 -0.977151299020848
1.09881 1.5396337998598182 -0.9814154500533596
1.10118 1.351113581238639 -0.9851854703802718
1.10355 1.1710221634440048 -0.9884816811734725
1.10592 0.9990276541025178 -0.9913236614753607
1.1083 0.8348110606647635 -0.9937302751550448
1.11067 0.6780657782196281 -0.9957196968581528
1.11304 0.5284970983503182 -0.997309436989323
1.11541 0.3858217381331062 -0.9985163657648732
1.11779 0.24976738842016874 -0.9993567363716023
1.12016 0.12007228058559262 -0.9998462072662497
1.12253 -0.00016666613562991823 -0.9999999935366255
1.1249 -0.0058769413550500095 -0.9999919294222149
1.12728 -0.01156300215782809 -0.9999686250382925
1.12965 -0.017224827778444 -0.9999300810951999
1.13202 -0.022862397636154618 -0.9998762987677959
1.13439 -0.028475691338324602 -0.9998072796954216
1.13677 -0.03406468868370963 -0.9997230259818495
1.13914 -0.03962936966570331 -0.9996235401952196
1.14151 -0.04516971447553955 -0.9995088253679612
1.14388 -0.05068570350545733 -0.9993788849967005
1.14626 -0.05617731735181984 -0.999233723042154
1.14863 -0.061644536818198335 -0.9990733439290078
1.151 -0.06708734291841639 -0.9988977525457826
1.15337 -0.07250571687955051 -0.9987069542446847
1.15575 -0.07789964014489698 -0.9985009548414432
1.15812 -0.08326909437689743 -0.9982797606151322
1.16049 -0.08861406146002962 -0.9980433783079798
1.16286 -0.09393452350365515 -0.9977918151251625
1.16524 -0.09923046284483573 -0.9975250787345853
1.16761 -0.10450186205110905 -0.9972431772666486
1.16998 -0.10974870392323147 -0.9969461193139996
1.17235 -0.11497097149787966 -0.9966339139312711
1.17473 -0.12016864805032147 -0.996306570634805
1.1771 -0.12534171709704844 -0.9959640994023626
1.17947 -0.13049016239837616 -0.99560651067282
1.18184 -0.1356139679610054 -0.9952338153458503
1.18422 -0.1407131180405532 -0.9948460247815916
1.18659 -0.1457875971440476 -0.9944431508003
1.18896 -0.15083739003239113 -0.9940252056819896
1.19133 -0.15586248172278663 -0.9935922021660588
1.19371 -0.16086285749113355 -0.9931441534509011
1.19608 -0.1658385028743922 -0.9926810731935032
1.19845 -0.1707894036729111 -0.992202975509029
1.20082 -0.17571554595272668 -0.9917098749703888
1.20319 -0.1806169160478284 -0.9912017866077951
1.20557 -0.18549350056239533 -0.9906787259083054
1.20794 -0.19034528637299647 -0.9901407088153491
1.21031 -0.19517226063076504 -0.9895877517282416
1.21268 -0.19997441076353895 -0.9890198715016856
1.21506 -0.20475172447797366 -0.9884370854452551
1.21743 -0.20950418976162066 -0.9878394113228707
1.2198 -0.21423179488498 -0.9872268673522554
1.22217 -0.21893452840352093 -0.9865994722043812
1.22455 -0.22361237915967533 -0.9859572450028989
1.22692 -0.22826533628479836 -0.985300205323556
1.22929 -0.23289338920110328 -0.9846283731935992
1.23166 -0.23749652762356815 -0.9839417690911643
1.23404 -0.2420747415618102 -0.9832404139446527
1.23641 -0.24662802132193626 -0.9825243291320919
1.23878 -0.2511563575083623 -0.9817935364804856
1.24115 -0.2556597410256087 -0.9810480582651472
1.24353 -0.2601381630800631 -0.9802879172090213
1.2459 -0.2645916151817205 -0.9795131364819909
1.24827 -0.2690200891458934 -0.9787237397001717
1.25064 -0.27342357709489884 -0.9779197509251911
1.25302 -0.2778020714597127 -0.9771011946634562
1.25539 -0.28215556498160416 -0.9762680958654055
1.25776 -0.28648405071373906 -0.9754204799247498
1.26013 -0.290787522022762 -0.9745583726776964
1.26251 -0.2950659725903471 -0.9736818004021632
1.26488 -0.29931939641472777 -0.972790789816977
1.26725 -0.3035477878121986 -0.9718853680810591
1.26962 -0.3077511414185952 -0.9709655627925973
1.272 -0.3119294521907435 -0.9700314019882055
1.27437 -0.31608271540788974 -0.9690829141420678
1.27674 -0.3202109266731044 -0.9681201281650718
1.27911 -0.32431408191465877 -0.9671430734039268
1.28149 -0.32839217738738163 -0.9661517796402691
1.28386 -0.33244520967398866 -0.965146277089755
1.28623 -0.3364731756863908 -0.9641265964011385
1.2886 -0.3404760726669753 -0.9630927686553388
1.29098 -0.34445389818986694 -0.962044825364491
1.29335 -0.3484066501621627 -0.9609827984709874
1.29572 -0.3523343268251476 -0.9599067203465026
1.29809 -0.35623692675548124 -0.9588166237910071
1.30047 -0.36011444886636773 -0.957712542031768
1.30284 -0.36396689240869834 -0.9565945087223359
1.30521 -0.367794256972176 -0.9554625579415184
1.30758 -0.37159654248641244 -0.9543167241923424
1.30996 -0.3753737492220066 -0.9531570424010021
1.31233 -0.3791258777916003 -0.9519835479157942
1.3147 -0.3828529291509125 -0.9507962765060404
1.31707 -0.3865549045997492 -0.9495952643609973
1.31945 -0.3902318057829949 -0.9483805480887537
1.32182 -0.3938836346915819 -0.9471521647151135
1.32419 -0.3975103936634361 -0.9459101516824686
1.32656 -0.40111208538440457 -0.9446545468486569
1.32894 -0.40468871288916036 -0.9433853884858084
1.33131 -0.4082402795620876 -0.9421027152791782
1.33368 -0.4117667891381439 -0.9408065663259683
1.33605 -0.415268245703704 -0.9394969811341349
1.33843 -0.4187446536973829 -0.9381739996211854
1.3408 -0.4221960179108377 -0.9368376621129598
1.34317 -0.42562234348954964 -0.9354880093424034
1.34554 -0.42902363593358545 -0.934125082448324
1.34792 -0.4323999010983403 -0.932748922974139
1.35029 -0.4357511451952609 -0.9313595728666075
1.35266 -0.43907737479254566 -0.9299570744745533
1.35503 -0.44237859681582936 -0.9285414705475736
1.3574 -0.44565481854884587 -0.9271128042347356
1.35978 -0.448906047634074 -0.9256711190832614
1.36215 -0.4521322920733605 -0.9242164590372007
1.36452 -0.45533356022852656 -0.9227488684360918
1.36689 -0.4585098608219564 -0.9212683920136092
1.36927 -0.46166120293716323 -0.9197750748962006
1.37164 -0.4647875960193397 -0.9182689626017115
1.37401 -0.46788904987588914 -0.9167501010379975
1.37638 -0.4709655746769373 -0.9152185365015247
1.37876 -0.47401718095582657 -0.9136743156759596
1.38113 -0.47704387960959127 -0.912117485630745
1.3835 -0.4800456818994155 -0.910548093819666
1.38587 -0.4830225994510731 -0.9089661880794027
1.38825 -0.4859746442553484 -0.9073718166280731
1.39062 -0.48890182866843973 -0.905765028063763
1.39299 -0.4918041654123456 -0.9041458713630448
1.39536 -0.4946816675752348 -0.9025143958794835
1.39774 -0.4975343486117937 -0.9008706513421343
1.40011 -0.5003622223435624 -0.8992146878540253
1.40248 -0.5031653029592495 -0.8975465558906311
1.40485 -0.5059436050150321 -0.8958663062983337
1.40723 -0.5086971434348354 -0.8941739902928731
1.4096 -0.5114259335105998 -0.8924696594577861
1.41197 -0.5141299909025272 -0.8907533657428335
1.41434 -0.516809331639312 -0.8890251614624172
1.41672 -0.5194639721183557 -0.8872850992939858
1.41909 -0.522093929105964 -0.8855332322764282
1.42146 -0.524699219737529 -0.8837696138084572
1.42383 -0.5272798615176921 -0.8819942976469819
1.42621 -0.5298358723204936 -0.8802073379054695
1.42858 -0.5323672703895029 -0.8784087890522954
1.43095 -0.5348740743379372 -0.8765987059090826
1.43332 -0.5373563031487585 -0.8747771436490319
1.4357 -0.5398139761747581 -0.8729441577952389
1.43807 -0.5422471131386245 -0.8710998042190026
1.44044 -0.5446557341329967 -0.8692441391381209
1.44281 -0.5470398596204982 -0.8673772191151794
1.44519 -0.5493995104337585 -0.865499101055825
1.44756 -0.5517347077754193 -0.8636098422070322
1.44993 -0.5540454732181228 -0.8617095001553589
1.4523 -0.5563318287044863 -0.85979813282519
1.45468 -0.5585937965470608 -0.8578757984769727
1.45705 -0.5608313994282762 -0.8559425557054395
1.45942 -0.5630446604003677 -0.8539984634378235
1.46179 -0.5652336028852915 -0.8520435809320613
1.46417 -0.5673982506746212 -0.8500779677749876
1.46654 -0.569538627929434 -0.8481016838805173
1.46891 -0.5716547591801773 -0.8461147894878217
1.47128 -0.5737466693265244 -0.8441173451594902
1.47366 -0.5758143836372128 -0.8421094117796855
1.47603 -0.5778579277498709 -0.8400910505522869
1.4784 -0.5798773276708269 -0.8380623229990258
1.48077 -0.5818726097749052 -0.8360232909576099
1.48315 -0.5838438008052086 -0.8339740165798379
1.48552 -0.5857909278728862 -0.8319145623297055
1.48789 -0.5877140184568853 -0.8298449909815018
1.49026 -0.5896131004036915 -0.8277653656178953
1.49264 -0.5914882019270549 -0.8256757496280112
1.49501 -0.5933393516076989 -0.823576206705499
1.49738 -0.5951665783930197 -0.821466800846592
1.49975 -0.5969699115967693 -0.8193475963481559
1.50213 -0.5987493808987251 -0.8172186578057281
1.5045 -0.6005050163443459 -0.8150800501115507
1.50687 -0.6022368483444155 -0.8129318384525912
1.50924 -0.6039449076746706 -0.8107740883085559
1.51161 -0.6056292254754175 -0.8086068654498936
1.51399 -0.607289833251134 -0.8064302359357916
1.51636 -0.608926762870058 -0.8042442661121616
1.51873 -0.610540046563764 -0.802049022609618
1.5211 -0.6121297169267259 -0.7998445723414456
1.52348 -0.613695806915866 -0.7976309825015615
1.52585 -0.6152383498500912 -0.7954083205624665
1.52822 -0.6167573794098181 -0.7931766542731881
1.53059 -0.6182529296364826 -0.7909360516572155
1.53297 -0.6197250349320382 -0.7886865810104264
1.53534 -0.6211737300584411 -0.7864283108990061
1.53771 -0.6225990501371235 -0.7841613101573552
1.54008 -0.6240010306484524 -0.7818856478859938
1.54246 -0.6253797074311778 -0.7796013934494543
1.54483 -0.6267351166818677 -0.7773086164741673
1.5472 -0.6280672949543309 -0.7750073868463383
1.54957 -0.6293762791590264 -0.7726977747098194
1.55195 -0.6306621065624626 -0.7703798504639696
1.55432 -0.631924814786582 -0.76805368476151
1.55669 -0.633164441808136 -0.7657193485063694
1.55906 -0.6343810259580456 -0.7633769128515233
1.56144 -0.6355746059207515 -0.7610264491968259
1.56381 -0.636745220733552 -0.7586680291868331
1.56618 -0.6378929097859287 -0.7563017247086177
1.56855 -0.6390177128188604 -0.7539276078895802
1.57093 -0.6401196699241252 -0.7515457510952492
1.5733 -0.6411988215435919 -0.7491562269270754
1.57567 -0.6422552084684986 -0.746759108220219
1.57804 -0.6432888718387201 -0.7443544680413297
1.58042 -0.644299853142024 -0.7419423796863196
1.58279 -0.6452881942133155 -0.7395229166781284
1.58516 -0.6462539372338707 -0.7370961527644833
1.58753 -0.6471971247305581 -0.7346621619156501
1.58991 -0.6481177995750498 -0.73222101832218
1.59228 -0.6490160049830208 -0.7297727963926461
1.59465 -0.6498917845133376 -0.727317570751377
1.59702 -0.6507451820672359 -0.7248554162361819
1.5994 -0.6515762418874861 -0.722386407896069
1.60177 -0.6523850085575504 -0.7199106209889579
1.60414 -0.6531715270007262 -0.7174281309793858
1.60651 -0.6539358424792802 -0.7149390135362084
1.60889 -0.6546780005935721 -0.7124433445302913
1.61126 -0.6553980472811666 -0.7099412000321988
1.61363 -0.6560960288159353 -0.7074326563098753
1.616 -0.656771991807149 -0.7049177898263196
1.61838 -0.6574259831985567 -0.7023966772372553
1.62075 -0.6580580502674579 -0.6998693953887928
1.62312 -0.6586682406237612 -0.697336021315089
1.62549 -0.6592566022090353 -0.6947966322359977
1.62787 -0.6598231832955473 -0.692251305554716
1.63024 -0.6603680324852936 -0.6897001188554255
1.63261 -0.6608911987090171 -0.687143149900927
1.63498 -0.6613927312252178 -0.6845804766302709
1.63736 -0.6618726796191517 -0.6820121771563802
1.63973 -0.6623310938018195 -0.679438329763671
1.6421 -0.6627680240089466 -0.6768590129056655
1.64447 -0.6631835207999517 -0.6742743052026013
1.64685 -0.6635776350569071 -0.6716842854390335
1.64922 -0.6639504179834886 -0.669089032561435
1.65159 -0.6643019211039162 -0.6664886256757895
1.65396 -0.6646321962618836 -0.6638831440451799
1.65634 -0.664941295619481 -0.6612726670873723
1.65871 -0.6652292716561057 -0.6586572743723961
1.66108 -0.6654961771673651 -0.6560370456201178
1.66345 -0.6657420652639691 -0.6534120606978113
1.66582 -0.6659669893706143 -0.6507823996177231
1.6682 -0.6661710032248582 -0.6481481425346347
1.67057 -0.6663541608759846 -0.6455093697434179
1.67294 -0.6665165166838593 -0.6428661616765875
1.67531 -0.6666581253177772 -0.6402185989018508
1.67769 -0.6667790417553013 -0.6375667621196512
1.68006 -0.6668793212810905 -0.6349107321607079
1.68243 -0.6669590194857206 -0.6322505899835519
1.6848 -0.6670181922644955 -0.62958641667206
1.68718 -0.6670568958162497 -0.6269182934329812
1.68955 -0.6670751866421422 -0.6242463015934633
1.69192 -0.6670731215444418 -0.6215705225985716
1.69429 -0.6670507576253035 -0.6188910380088093
1.69667 -0.6670081522855368 -0.6162079294976289
1.69904 -0.6669453632233652 -0.6135212788489449
1.70141 -0.6668624484331772 -0.610831167954638
1.70378 -0.666759466204269 -0.6081376788120625
1.70616 -0.6666364751195796 -0.6054408935215447
1.70853 -0.666493534054416 -0.60274089428388
1.7109 -0.6663307021751715 -0.6000377633978294
1.71327 -0.6661480389380363 -0.5973315832576092
1.71565 -0.6659456040876977 -0.5946224363503805
1.71802 -0.6657234576560356 -0.5919104052537336
1.72039 -0.6654816599608062 -0.5891955726331729
1.72276 -0.665220271604322 -0.5864780212395956
1.72514 -0.6649393534721196 -0.5837578339067704
1.72751 -0.6646389667316237 -0.5810350935488111
1.72988 -0.6643191728307998 -0.5783098831576515
1.73225 -0.663980033496802 -0.5755822858005141
1.73463 -0.6636216107346118 -0.5728523846173784
1.737 -0.6632439668256691 -0.5701202628184471
1.73937 -0.6628471643264967 -0.5673860036816093
1.74174 -0.6624312660673164 -0.5646496905499028
1.74412 -0.6619963351506581 -0.5619114068289733
1.74649 -0.6615424349499615 -0.5591712359845314
1.74886 -0.6610696291081706 -0.5564292615398098
1.75123 -0.6605779815363205 -0.5536855670730167
1.75361 -0.6600675564121178 -0.550940236214788
1.75598 -0.6595384181785128 -0.548193352645639
1.75835 -0.658990631542266 -0.5454450000934127
1.76072 -0.6584242614725063 -0.5426952623307292
1.7631 -0.6578393731992825 -0.5399442231724296
1.76547 -0.6572360322121088 -0.5371919664730245
1.76784 -0.6566143042585024 -0.5344385761241354
1.77021 -0.6559742553425145 -0.5316841360519394
1.77259 -0.6553159517232551 -0.5289287302146091
1.77496 -0.6546394599134107 -0.5261724425997558
1.77733 -0.6539448466777551 -0.5234153572218676
1.7797 -0.6532321790316543 -0.5206575581197498
1.78208 -0.6525015242395645 -0.5178991293539619
1.78445 -0.6517529498135234 -0.5151401550042567
1.78682 -0.6509865235116352 -0.5123807191670172
1.78919 -0.6502023133365501 -0.5096209059526929
1.79157 -0.6494003875339363 -0.5068607994832358
1.79394 -0.6485808145909463 -0.5041004838895365
1.79631 -0.647743663234677 -0.501340043308861
1.79868 -0.6468890024306237 -0.4985795618822835
1.80106 -0.6460169013811274 -0.49581912375212434
1.80343 -0.6451274295238184 -0.4930588130593837
1.8058 -0.6442206565300498 -0.49029871394117797
1.80817 -0.6432966523033287 -0.4875389105281731
1.81055 -0.6423554869777407 -0.4847794869420231
1.81292 -0.6413972309163672 -0.48202052729280376
1.81529 -0.6404219547096998 -0.47926211567645005
1.81766 -0.6394297291740437 -0.4765043361721917
1.82003 -0.638420625349923 -0.47374727283999096
1.82241 -0.6373947145004736 -0.4709910097179817
1.82478 -0.6363520681098348 -0.46823563081990505
1.82715 -0.6352927578815329 -0.4654812201325509
1.82952 -0.6342168557368613 -0.46272786161319646
1.8319 -0.6331244338132543 -0.45997563918704865
1.83427 -0.6320155644626554 -0.4572246367446846
1.83664 -0.6308903202498803 -0.4544749381394948
1.83901 -0.6297487739509764 -0.4517266271851277
1.84139 -0.6285909985515746 -0.44897978765293545
1.84376 -0.6274170672452376 -0.44623450326941816
1.84613 -0.626227053431803 -0.4434908577136747
1.8485 -0.6250210307157208 -0.44074893461485043
1.85088 -0.6237990729043876 -0.4380088175495884
1.85325 -0.6225612540064729 -0.43527059003948154
1.85562 -0.6213076482302442 -0.43253433554852805
1.85799 -0.6200383299818848 -0.42980013748058554
1.86037 -0.6187533738638077 -0.42706807917683043
1.86274 -0.6174528546729647 -0.4243382439132163
1.86511 -0.6161368473991522 -0.42161071489793667
1.86748 -0.6148054272233094 -0.41888557526888814
1.86986 -0.6134586695158166 -0.41616290809113654
1.87223 -0.6120966498347832 -0.41344279635438386
1.8746 -0.6107194439243375 -0.41072532297044095
1.87697 -0.6093271277129078 -0.40801057077069824
1.87935 -0.6079197773115007 -0.4052986225036016
1.88172 -0.606497469011976 -0.4025895608321304
1.88409 -0.6050602792853154 -0.3998834683312771
1.88646 -0.6036082847798896 -0.39718042748553195
1.88884 -0.6021415623197196 -0.3944805206863662
1.89121 -0.6006601889027338 -0.39178383022972274
1.89358 -0.5991642416990234 -0.3890904383135073
1.89595 -0.5976537980490914 -0.3864004270350826
1.89833 -0.5961289354620978 -0.3837138783887655
1.9007 -0.5945897316141051 -0.3810308742633286
1.90307 -0.5930362643463134 -0.3783514964395043
1.90544 -0.5914686116632981 -0.3756758265874909
1.90782 -0.5898868517312398 -0.37300394626446387
1.91019 -0.5882910628761526 -0.3703359369120909
1.91256 -0.5866813235821089 -0.36767187985404726
1.91493 -0.5850577124894603 -0.3650118562935394
1.91731 -0.5834203083930538 -0.3623559473108271
1.91968 -0.5817691902404477 -0.359704233860755
1.92205 -0.580104437130122 -0.3570567967702829
1.92442 -0.578426128309686 -0.3544137167360235
1.9268 -0.5767343431740821 -0.35177507432178023
1.92917 -0.5750291612637887 -0.3491409499560951
1.93154 -0.5733106622630171 -0.3465114239297947
1.93391 -0.5715789259979078 -0.3438865763935428
1.93629 -0.5698340324347225 -0.3412664873553991
1.93866 -0.5680760616780337 -0.3386512366783787
1.94103 -0.566305093968911 -0.3360409040780188
1.9434 -0.5645212096831049 -0.33343556911994787
1.94578 -0.5627244893292287 -0.330835311217462
1.94815 -0.5609150135469358 -0.3282402096291027
1.95052 -0.5590928631050963 -0.32565034345624266
1.95289 -0.5572581188999696 -0.3230657916406722
1.95527 -0.5554108619533752 -0.3204866329621958
1.95764 -0.5535511734108611 -0.3179129460362292
1.96001 -0.5516791345398695 -0.3153448093114034
1.96238 -0.5497948267278997 -0.3127823010671734
1.96476 -0.54789833148067 -0.31022549941143274
1.96713 -0.5459897304202757 -0.3076744822781319
1.9695 -0.5440691052833462 -0.30512932742490306
1.97187 -0.5421365379191992 -0.30259011243069045
1.97425 -0.5401921102879936 -0.300056914693385
1.97662 -0.5382359044588793 -0.29752981142746604
1.97899 -0.5362680026081444 -0.2950088796616457
1.98136 -0.5342884870173645 -0.29249419623652395
1.98373 -0.5322974400715447 -0.2899858378022441
1.98611 -0.5302949442572626 -0.2874838808161577
1.98848 -0.5282810821608102 -0.28498840154049276
1.99085 -0.5262559364663321 -0.282499476040031
1.99322 -0.5242195899539632 -0.2800171801797875
1.9956 -0.5221721254979654 -0.27754158962269937
1.99797 -0.52011362606486 -0.27507277982731937
2.00034 -0.5180441747115623 -0.272610826045515
2.00271 -0.5159638545835121 -0.27015580332017675
2.00509 -0.5138727489128034 -0.2677077864829277
2.00746 -0.5117709410163129 -0.2652668501518449
2.00983 -0.5096585142938291 -0.2628330687291852
2.0122 -0.5075355522261749 -0.2604065163991153
2.01458 -0.5054021383733344 -0.2579872671254513
2.01695 -0.5032583563725778 -0.2555753946494066
2.01932 -0.5011042899365802 -0.2531709724873398
2.02169 -0.4989400228515476 -0.25077407392851825
2.02407 -0.49676563897533355 -0.24838477203288123
2.02644 -0.49458122223555995 -0.24600313962881315
2.02881 -0.49238685662773807 -0.24362924931092644
2.03118 -0.4901826262133824 -0.24126317343784454
2.03356 -0.4879686151181297 -0.23890498412999972
2.03593 -0.4857449075298568 -0.23655475326743391
2.0383 -0.4835115876967931 -0.23421255248760586
2.04067 -0.4812687399256384 -0.23187845318321165
2.04305 -0.47901644857967546 -0.22955252650000402
2.04542 -0.4767547980768842 -0.22723484333462562
2.04779 -0.47448387288805693 -0.22492547433244992
2.05016 -0.4722037575349086 -0.2226244898854246
2.05254 -0.4699145365881914 -0.22033196012992795
2.05491 -0.46761629466580695 -0.2180479549446308
2.05728 -0.4653091164309177 -0.2157725439483662
2.05965 -0.46299308659005817 -0.2135057964980065
2.06203 -0.4606682898912495 -0.21124778168635228
2.0644 -0.458334811122107 -0.20899856834002173
2.06677 -0.4559927351079559 -0.20675822501735797
2.06914 -0.4536421467099389 -0.20452682000633438
2.07152 -0.4512831308231304 -0.2023044213224765
2.07389 -0.44891577237464764 -0.20009109670678793
2.07626 -0.4465401563217618 -0.19788691362368482
2.07863 -0.44415636765000976 -0.19569193925893935
2.08101 -0.44176449137130885 -0.19350624051763443
2.08338 -0.43936461252206505 -0.19132988402212026
2.08575 -0.43695681616129095 -0.18916293610998747
2.08812 -0.4345411873687141 -0.1870054628320421
2.0905 -0.43211781124289395 -0.1848575299502936
2.09287 -0.42968677289933604 -0.1827192029359519
2.09524 -0.4272481574686045 -0.1805905469674286
2.09761 -0.42480205009443867 -0.17847162692835172
2.09999 -0.42234853593187116 -0.17636250740558945
2.10236 -0.4198877001453401 -0.17426325268727894
2.10473 -0.4174196279068115 -0.17217392676086885
2.1071 -0.4149444043938937 -0.17009459331116727
2.10948 -0.41246211478795747 -0.16802531571840107
2.11185 -0.40997284427225844 -0.16596615705628603
2.11422 -0.40747667803005383 -0.1639171800900998
2.11659 -0.4049737012427285 -0.16187844727477407
2.11897 -0.4024639990879147 -0.1598500207529865
2.12134 -0.3999476567376177 -0.15783196235326824
2.12371 -0.39742475935634175 -0.15582433358812087
2.12608 -0.3948953920992147 -0.15382719565213898
2.12846 -0.39235964011011604 -0.1518406094201452
2.13083 -0.38981758851980813 -0.1498646354453369
2.1332 -0.38726932244406237 -0.1478993339574377
2.13557 -0.3847149269817957 -0.1459447648608636
2.13794 -0.38215448721319906 -0.1440009877328956
2.14032 -0.3795880881978748 -0.14206806182186416
2.14269 -0.37701581497297293 -0.14014604604534486
2.14506 -0.37443775255132733 -0.13823499898835978
2.14743 -0.371853985919595 -0.1363349789015933
2.14981 -0.3692646000364003 -0.1344460436996171
2.15218 -0.3666696798304728 -0.1325682509591234
2.15455 -0.36406931019879535 -0.1307016579171708
2.15692 -0.3614635760047498 -0.1288463214694402
2.1593 -0.35885256207626376 -0.12700229816849884
2.16167 -0.3562363532039632 -0.12516964422207888
2.16404 -0.3536150341393218 -0.12334841549136177
2.16641 -0.3509886895928163 -0.12153866748927644
2.16879 -0.3483574042320844 -0.11974045537880873
2.17116 -0.3457212626800796 -0.11795383397131731
2.17353 -0.3430803495132339 -0.11617885772486436
2.1759 -0.34043474925962125 -0.11441558074255698
2.17828 -0.3377845463971188 -0.11266405677089453
2.18065 -0.33512982535157915 -0.11092433919813427
2.18302 -0.33247067049499496 -0.109196481052661
2.18539 -0.3298071661436733 -0.10748053500137256
2.18777 -0.3271393965564112 -0.10577655334807412
2.19014 -0.32446744593267 -0.10408458803188281
2.19251 -0.32179139841075494 -0.10240469062564594
2.19488 -0.31911133806599995 -0.1007369123343691
2.19726 -0.31642734890894825 -0.09908130399365378
2.19963 -0.31373951488354146 -0.09743791606814867
2.202 -0.3110479198653111 -0.09580679865001274
2.20437 -0.3083526476595679 -0.09418800145738637
2.20675 -0.30565378199960025 -0.09258157383287702
2.20912 -0.3029514065448706 -0.09098756474205527
2.21149 -0.30024560487921703 -0.08940602277196086
2.21386 -0.29753646050905913 -0.0878369961296247
2.21624 -0.2948240568616023 -0.08628053264059576
2.21861 -0.29210847728304984 -0.08473667974748622
2.22098 -0.28938980503681627 -0.08320548450852394
2.22335 -0.28666812330174224 -0.08168699359611853
2.22573 -0.28394351517031596 -0.08018125329543868
2.2281 -0.28121606364689417 -0.07868830950300132
2.23047 -0.27848585164592826 -0.07720820772527182
2.23284 -0.275752961990196 -0.07574099307727922
2.23522 -0.27301747740903054 -0.07428671028123857
2.23759 -0.2702794805365586 -0.07284540366518832
2.23996 -0.26753905390994004 -0.0714171171616409
2.24233 -0.26479627996760935 -0.07000189430624104
2.24471 -0.26205124104752253 -0.06859977823644026
2.24708 -0.25930401938540887 -0.06721081169018284
2.24945 -0.25655469711302076 -0.06583503700460036
2.25182 -0.2538033562563954 -0.06447249611472405
2.2542 -0.25105007873411134 -0.06312323055220537
2.25657 -0.24829494635555577 -0.06178728144404899
2.25894 -0.24553804081919328 -0.06046468951136186
2.26131 -0.24277944371083546 -0.05915549506810924
2.26369 -0.2400192365019184 -0.05785973801988764
2.26606 -0.23725750054778463 -0.05657745786270807
2.26843 -0.23449431708596252 -0.0553086936817917
2.2708 -0.231729767234459 -0.054053484150378805
2.27318 -0.22896393199004805 -0.05281186752855005
2.27555 -0.22619689222656672 -0.05158388166206018
2.27792 -0.22342872869321873 -0.05036956398118475
2.28029 -0.22065952201287406 -0.04916895149957845
2.28267 -0.21788935268037948 -0.047982080813147254
2.28504 -0.21511830106087282 -0.04680898809893397
2.28741 -0.212346447388097 -0.04564970911401389
2.28978 -0.2095738717627216 -0.04450427919440536
2.29215 -0.2068006541506717 -0.0433727332539936
2.29453 -0.20402687438145248 -0.04225510578346525
2.2969 -0.20125261214648935 -0.04115143084925843
2.29927 -0.19847794699746169 -0.040061742092522445
2.30164 -0.1957029583446494 -0.0389860727280944
2.30402 -0.1929277254552804 -0.03792445554348567
2.30639 -0.19015232745188218 -0.03687692289788247
2.30876 -0.1873768433106387 -0.03584350672115966
2.31113 -0.1846013518597551 -0.03482423851290828
2.31351 -0.18182593177781992 -0.033819149341473675
2.31588 -0.17905066159217947 -0.03282826984301024
2.31825 -0.17627561967731353 -0.031851630220546934
2.32062 -0.1735008842532147 -0.03088926024306593
2.323 -0.1707265333837762 -0.029941189244596877
2.32537 -0.1679526449751811 -0.02900744612332118
2.32774 -0.16517929677429746 -0.028088059340691363
2.33011 -0.16240656636708223 -0.02718305692056522
2.33249 -0.15963453117698198 -0.02629246644834926
2.33486 -0.15686326846334728 -0.025416315070158957
2.33723 -0.1540928553198475 -0.024554629491992275
2.3396 -0.15132336867289056 -0.02370743597891356
2.34198 -0.14855488528005154 -0.02287476035425484
2.34435 -0.14578748172850067 -0.022056627998827683
2.34672 -0.14302123443344147 -0.021253063850149467
2.34909 -0.14025621963655457 -0.020464092401684342
2.35147 -0.13749251340444077 -0.019689737702095367
2.35384 -0.13473019162707608 -0.018930023354511993
2.35621 -0.1319693300162706 -0.01818497251581097
2.35858 -0.1292100041041283 -0.017454607895910135
2.36096 -0.12645228924151797 -0.016738951757075737
2.36333 -0.12369626059654912 -0.016038025913245324
2.3657 -0.12094199315304721 -0.01535185172936071
2.36807 -0.11818956170904418 -0.014680450120718835
2.37045 -0.11543904087526552 -0.014023841552332827
2.37282 -0.11269050507362745 -0.013382046038308948
2.37519 -0.1099440285357423 -0.012755083141235968
2.37756 -0.10719968530142195 -0.012142971971589644
2.37994 -0.10445754921719384 -0.01154573118714941
2.38231 -0.10171769393482201 -0.010963378992430162
2.38468 -0.09898019290982886 -0.010395933138126923
2.38705 -0.0962451194000293 -0.009843410920574946
2.38943 -0.09351254646406618 -0.009305829181220693
2.3918 -0.0907825469599526 -0.008783204306109904
2.39417 -0.08805519354362411 -0.008275552225387672
2.39654 -0.08533055866748901 -0.007782888412812827
2.39892 -0.08260871457899238 -0.007305227885286203
2.40129 -0.07988973331918248 -0.006842585202393225
2.40366 -0.07717368672128291 -0.006394974465960046
2.40603 -0.07446064640927123 -0.005962409319623108
2.40841 -0.0717506837964673 -0.005544902948414254
2.41078 -0.06904387008411987 -0.005142468078358053
2.41315 -0.06634027626000945 -0.004755116976084217
2.41552 -0.06363997309704733 -0.004382861448453901
2.4179 -0.060943031151888816 -0.004025712842199103
2.42027 -0.05824952076354921 -0.0036836820435779405
2.42264 -0.05555951205202566 -0.0033567794780414717
2.42501 -0.05287307491692592 -0.0030450151099170597
2.42739 -0.05019027903610686 -0.002748398442104061
2.42976 -0.04751119386431166 -0.0024669385157843893
2.43213 -0.044835888631823397 -0.002200643910146738
2.4345 -0.0421644323431152 -0.0019495227421253425
2.43688 -0.03949689377551444 -0.0017135826661520692
2.43925 -0.03683334147787132 -0.0014928308739239338
2.44162 -0.03417384376923038 -0.0012872740941830552
2.44399 -0.03151846873751342 -0.0010969185925120417
2.44636 -0.028867284238209046 -0.0009217701711428106
2.44874 -0.026220357893063186 -0.0007618341687800623
2.45111 -0.023577757088782875 -0.0006171154604375229
2.45348 -0.020939548975744786 -0.0004876184572912834
2.45585 -0.018305800466706185 -0.0003733471065429095
2.45823 -0.015676578235531178 -0.00027430489130142455
2.4606 -0.013051948715914441 -0.00019049483047539617
2.46297 -0.010431978100118124 -0.00012191947868211983
2.46534 -0.007816732337715413 -0.00006858092616879308
2.46772 -0.005206277134336314 -0.000030480798749676907
2.47009 -0.0026006779504239848 -7.6202577556916395e-6
2.47246 -5.763057901376187e-17 0.
