#1001 0.1 2.67246
0.1 4.799997599999998e15 3.999996e12
0.102572 3.3636443047937615e15 2.949104252111045e12
0.105145 2.3779601825090835e15 2.1907845148696953e12
0.107717 1.6952728602997922e15 1.639191286666391e12
0.11029 1.218269303015166e15 1.2349027062449146e12
0.112862 8.82176910797114e14 9.364225505322656e11
0.115435 6.434689799916932e14 7.145278433846765e11
0.118007 4.726283843502779e14 5.484729734650977e11
0.12058 3.494636156747809e14 4.2341713038405273e11
0.123152 2.6004714418786966e14 3.286655169738223e11
0.125725 1.94695410142368e14 2.56456833889584e11
0.128297 1.4662409339642138e14 2.0112066052666638e11
0.13087 1.1104522060516905e14 1.5848739110250177e11
0.133442 8.455593864568389e13 1.2547198563545418e11
0.136014 6.472146388901549e13 9.977826076073267e10
0.138587 4.978836064677634e13 7.96873886732462e10
0.141159 3.848598255481968e13 6.390563838823048e10
0.143732 2.988800325431373e13 5.145407809567231e10
0.146304 2.331519964824162e13 4.15881923835101e10
0.148877 1.8266753941582902e13 3.3738960363256916e10
0.151449 1.4371404125657094e13 2.7469423039861877e10
0.154022 1.1352498245627541e13 2.2442495177325203e10
0.156594 9.002849243756668e12 1.8396986128408016e10
0.159167 7.166539861389118e12 1.512964613628984e10
0.161739 5.725684948570332e12 1.2481658622893219e10
0.164312 4.590749804577561e12 1.0328429664873293e10
0.166884 3.6934332434797676e12 8.57183469730053e9
0.169456 2.9814101933122275e12 7.134305161611499e9
0.172029 2.414429429777455e12 5.954299217202022e9
0.174601 1.9614037552502144e12 4.98281822558866e9
0.177174 1.5982304930861145e12 4.180716811037706e9
0.179746 1.3061519035838271e12 3.5166176406366205e9
0.182319 1.070516565741562e12 2.96528888200719e9
0.184891 8.798398356746184e11 2.5063770555478997e9
0.187464 7.250883324830901e11 2.1234139185465512e9
0.190036 5.9913292831864e11 1.8030354304687471e9
0.192609 4.963289892452466e11 1.5343654466486895e9
0.195181 4.121930882962811e11 1.3085278095097215e9
0.197754 3.4315313429671436e11 1.1182588608816845e9
0.200326 2.863545767441857e11 9.575987556126969e8
0.202898 2.395095963801919e11 8.21644811129955e8
0.205471 2.0077936221026266e11 7.063538482265487e8
0.208043 1.6868181136531946e11 6.083833399618835e8
0.210616 1.4201919457985358e11 5.249633940049791e8
0.213188 1.1982097827292761e11 4.5379330377980834e8
0.215761 1.012987153644722e11 3.929577321672911e8
0.218333 8.581027307600613e10 3.4085862671198493e8
0.220906 7.283139784978468e10 2.961597744752006e8
0.223478 6.1933050400003235e10 2.57741539111593e8
0.226051 5.276329154903943e10 2.2466382162491477e8
0.228623 4.503276719797378e10 1.9613567966784078e8
0.231196 3.8503047552123116e10 1.7149035135596058e8
0.233768 3.2977235915069874e10 1.5016467625772402e8
0.23634 2.8292386835884262e10 1.3168210235902089e8
0.238913 2.4313370387102863e10 1.1563862415007813e8
0.241485 2.0927895143751133e10 1.0169112193245174e8
0.244058 1.8042461822550148e10 8.954767254965912e7
0.24663 1.5579066200574015e10 7.89594821417997e7
0.249203 1.3472506688360296e10 6.971415624665917e7
0.251775 1.1668180960534363e10 6.163007479483286e7
0.254348 1.0120279029698677e10 5.4551681783613384e7
0.25692 8.790298390425869e9 4.8345533650250085e7
0.259493 7.645821372799462e9 4.2896978176190294e7
0.262065 6.659506418401787e9 3.8107358394176476e7
0.264638 5.808254242533899e9 3.3891654439685114e7
0.26721 5.072517257596324e9 3.0176491386415545e7
0.269782 4.4357265830069e9 2.689845347265142e7
0.272355 3.8838157550694404e9 2.4002655275382288e7
0.274927 3.4048241111181946e9 2.144152873565741e7
0.2775 2.9885659420797663e9 1.9173791815232538e7
0.280072 2.626354033736849e9 1.716357024061834e7
0.282645 2.310768266529094e9 1.5379648484294701e7
0.285217 2.0354616098820798e9 1.3794830021102665e7
0.28779 1.7949972041580005e9 1.2385390124547014e7
0.290362 1.5847113307959807e9 1.1130607150096826e7
0.292935 1.400597976658954e9 1.0012360486181391e7
0.295507 1.239211440237341e9 9.014785216613695e6
0.29808 1.0975840359066868e9 8.123975094650073e6
0.300652 9.731564526612802e8 7.32772673134352e6
0.303225 8.637187356437755e8 6.6153189924498405e6
0.305797 7.673601985356572e8 5.977322514446295e6
0.308369 6.824268555735959e8 5.4054350205444945e6
0.310942 6.074851942557817e8 4.892338766150336e6
0.313514 5.412913023565015e8 4.43157699008624e6
0.316087 4.827645227305425e8 4.0174467096618456e6
0.318659 4.3096494231919837e8 3.6449055881543183e6
0.321232 3.850741324739839e8 3.3094909339055396e6
0.323804 3.443786500481939e8 3.0072491706132195e6
0.326377 3.082558858332119e8 2.734674356452921e6
0.328949 2.761619114346464e8 2.488654532070783e6
0.331522 2.4762102973189238e8 2.2664248497985303e6
0.334094 2.2221677940676793e8 2.0655265833259013e6
0.336667 1.995841821178282e8 1.8837712424316478e6
0.339239 1.7940305294032648e8 1.7192091245079038e6
0.341811 1.613922216842046e8 1.5701017262790476e6
0.344384 1.4530453547025627e8 1.4348975176418577e6
0.346956 1.3092253217408699e8 1.3122106469030327e6
0.349529 1.1805469060954423e8 1.2008022045216374e6
0.352101 1.0653217709323865e8 1.099563722179649e6
0.354674 9.620601970610583e7 1.0075026267910519e6
0.357246 8.694465147782913e7 923729.4059260533
0.359819 7.863177214219798e7 847446.2729258485
0.362391 7.116448527798739e7 777937.1474414868
0.364964 6.445167375515731e7 714558.7908658494
0.367536 5.841258161325665e7 656732.9566666079
0.370109 5.297557494508501e7 603939.4334193582
0.372681 4.807705815941357e7 555709.8737674984
0.375253 4.366052524917215e7 511622.31592607504
0.377826 3.967572847808312e7 471296.3159814814
0.380398 3.607794928863022e7 434388.6193577337
0.382971 3.2827358286125835e7 400589.3086289973
0.385543 2.9888452917149097e7 369618.372534005
0.388116 2.7229562977878377e7 341222.6477431193
0.390688 2.4822415394545525e7 315173.0907736834
0.393261 2.26417508447495e7 291262.342556653
0.395833 2.0664985760508332e7 269302.55262449634
0.398406 1.887191409366762e7 249123.4338006671
0.400978 1.7244443950358637e7 230570.52169698718
0.403551 1.576636482960125e7 213503.61632969405
0.406123 1.4423141745521326e7 197795.3858017787
0.408695 1.3201732984675651e7 183330.11431547152
0.411268 1.2090428659646574e7 170002.57881511893
0.41384 1.107870757593738e7 157717.04035240365
0.416413 1.0157110238612339e7 146386.33784363212
0.418985 9.317126094386937e6 135931.07327933403
0.421558 8.551093339396194e6 126278.87867282258
0.42413 7.852109827310346e6 117363.75611690509
0.426703 7.213953790840648e6 109125.48327424165
0.429275 6.631013245435174e6 101509.07747225824
0.431848 6.098223080086745e6 94464.31232145523
0.43442 5.611008959236971e6 87945.2814381941
0.436993 5.165237263982599e6 81910.0044397734
0.439565 4.757170392095559e6 76320.07089985958
0.442137 4.383426816422622e6 71140.3184139712
0.44471 4.0409453714732197e6 66338.54133461004
0.447282 3.7269532996859225e6 61885.227099851414
0.449855 3.4389376430706824e6 57753.31740307283
0.452427 3.1746196135960734e6 53917.991739668105
0.455 2.931931617647601e6 50356.47112317786
0.457572 2.7089966468379055e6 47047.83999188548
0.460145 2.504109780021554e6 43972.884530760486
0.462717 2.315721570096687e6 41113.945815478335
0.46529 2.142423114535109e6 38454.78634759862
0.467862 1.9829326309817904e6 35980.46869500805
0.470435 1.836083379063646e6 33677.24508137541
0.473007 1.7008127870602643e6 31532.45688431579
0.475579 1.576152657590019e6 29534.44310574764
0.478152 1.4612203401940812e6 27672.456970854168
0.480724 1.3552107708693882e6 25936.58989535139
0.483297 1.2573892893935407e6 24317.70213543029
0.485869 1.1670851548620195e6 22807.35950173537
0.488442 1.0836856883634715e6 21397.77557887814
0.491014 1.0066309792765748e6 20081.758946001402
0.493587 935409.0983920447 18852.664942451232
0.496159 869551.7670424978 17704.35156627039
0.498732 808630.4367458479 16631.139132498978
0.501304 752252.7386096211 15627.773353626713
0.503877 700059.265970269 14689.391536387522
0.506449 651720.6575112055 13811.491617788966
0.509021 606934.9514673275 12989.903789146825
0.511594 565425.184527783 12220.764480245047
0.514166 526937.211732616 11500.492496815576
0.516739 491237.7260581789 10825.767123565956
0.519311 458112.4585323757 10193.508022181695
0.521884 427364.5416415327 9600.856769279211
0.524456 398813.02051063 9045.159893347687
0.527029 372291.4978797229 8523.953282446855
0.529601 347646.90028087405 8034.947845950601
0.532174 324738.35405899986 7576.016324064351
0.534746 303436.16099210555 7145.181148305814
0.537319 283620.86426484794 6740.6032647161355
0.539891 265182.3964463609 6360.571839350365
0.542463 248019.30192957132 6003.494772659241
0.545036 232038.0270143036 5667.889955787592
0.547608 217152.27146885172 5352.377207639987
0.550181 203282.39599200813 5055.670836859999
0.552753 190354.88052649685 4776.57277768373
0.555326 178301.8288513831 4513.966253007927
0.557898 167060.51531077348 4266.809921999022
0.560471 156572.9699237204 4034.1324731988257
0.563043 146785.5984700142 3815.027627387941
0.565616 137648.83446236313 3608.649517480637
0.568188 129116.82020071725 3414.2084154715776
0.570761 121147.11436227034 3230.966778958994
0.573333 113700.42381375682 3058.2355920551527
0.575905 106740.35754348284 2895.370977580884
0.578478 100233.20080130415 2741.7710593461566
0.58105 94147.70770750145 2596.8730550594505
0.583623 88454.91074795144 2460.150581999382
0.586195 83127.94571475402 2331.1111590363607
0.588768 78141.89078000722 2209.2938899227697
0.59134 73473.61850698282 2094.267313987291
0.593913 69101.65970871558 1985.627411483417
0.596485 65006.07816003023 1882.995751862758
0.599058 61168.35525621468 1786.0177741786715
0.60163 57571.283790750414 1694.3611896823786
0.604203 54198.87009650624 1607.7144974594075
0.606775 51036.243860258815 1525.7856046746272
0.609347 48069.57497994001 1448.3005436550086
0.61192 45285.996888199035 1375.0022786460368
0.614492 42673.535815192474 1305.6495956347658
0.617065 40221.045508433774 1240.0160691439896
0.619637 37918.14696846619 1177.8891003722797
0.62221 35755.172796425504 1119.0690214866465
0.624782 33723.11578356962 1063.3682612718776
0.627355 31813.581403880566 1010.6105677061291
0.629927 30018.743899153535 960.6302833685437
0.6325 28331.30567182897 913.2716698941545
0.635072 26744.459724424953 868.3882779763873
0.637645 25251.8549059857 825.8423596798744
0.640217 23847.563745661715 785.504320068189
0.642789 22526.052671550122 747.252205373971
0.645362 21282.154429395767 710.9712251445062
0.647934 20111.042530820985 676.553305985248
0.650507 19008.20757454552 643.896674698748
0.653079 17969.43529668377 612.9054687778132
0.655652 16990.78621776886 583.4893723606588
0.658224 16068.576764748559 555.5632758934769
0.660797 15199.361755906895 529.0469578728992
0.663369 14379.918145565536 503.8647871582906
0.665942 13607.229933583474 479.94544445236613
0.668514 12878.474152162651 457.22166164903314
0.671087 12191.007849339012 435.629977840135
0.673659 11542.35599484916 415.11051085874317
0.676231 10930.200239856795 395.6067433160927
0.678804 10352.368467345077 377.0653221628518
0.681376 9806.825074873233 359.4358708735672
0.683949 9291.661935891663 342.67081341626465
0.686521 8805.089989943497 326.7252092276304
0.689094 8345.431415884012 311.5565984684533
0.691666 7911.112345748192 297.1248568842249
0.694239 7500.656080116643 283.3920596424198
0.696811 7112.676768795452 270.32235356119946
0.699384 6745.87352335627 257.8818371844009
0.701956 6399.024930597937 246.03844819489362
0.704529 6070.983938309559 234.76185769296092
0.707101 5760.673086851823 224.02337089845417
0.709674 5467.080062043255 213.79583386528452
0.712246 5189.253546655906 204.0535458245149
0.714818 4926.299349501642 194.772176798078
0.717391 4677.376792637344 185.9286901490567
0.719963 4441.695338646185 177.5012697567407
0.722536 4218.511441271307 169.46925152537267
0.725108 4007.1256038964075 161.81305895474412
0.727681 3806.8796314938777 154.51414251874337
0.730253 3617.154062701637 147.55492261463593
0.732826 3437.3657696514592 140.91873586138553
0.735398 3266.9657140614067 134.5897845398054
0.737971 3105.43684892772 128.553088980803
0.740543 2952.2921559126153 122.79444272053348
0.743116 2807.072809229233 117.30037025299141
0.745688 2669.3464574771597 112.05808722148208
0.74826 2538.705615485806 107.05546290057914
0.750833 2414.7661587824864 102.28098482967982
0.753405 2297.1659138203377 97.7237254681142
0.755978 2185.5633375813964 93.37331075002804
0.75855 2079.636280615533 89.21989042497397
0.761123 1979.080827988782 85.25411007734354
0.763695 1883.610212997327 81.46708472449458
0.766268 1792.953798858763 77.85037389970893
0.76884 1706.8561239218106 74.39595813198476
0.771413 1625.0760062414638 71.0962167401456
0.773985 1547.3857036506715 67.94390686387322
0.776558 1473.5701257233839 64.93214365906628
0.77913 1403.42609426864 62.05438158939977
0.781702 1336.761649223096 59.304396750152506
0.784275 1273.3953970208486 56.67627016429281
0.786847 1213.1558987159651 54.1643719944728
0.78942 1155.8810953159543 51.763346618019554
0.791992 1101.4177679544334 49.468098515225016
0.794565 1049.6210306892606 47.27377892423921
0.797137 1000.3538538596135 45.175773218695916
0.79971 953.4866160723839 43.169688966834414
0.802282 908.8966830156477 41.25134463335598
0.804855 866.4680114156885 39.41675888756986
0.807427 826.0907765645404 37.66214048355746
0.81 787.6610219479036 35.983878680115815
0.812572 751.0803295992455 34.37853417015559
0.815144 716.2555098952415 32.84283049101709
0.817717 683.0983095910013 31.37364588884663
0.820289 651.5251369712123 29.968005611754364
0.822862 621.4568030657646 28.62307460795327
0.825434 592.8182779459393 27.336150606464955
0.828007 565.5384611802959 26.10465755928542
0.830579 539.5499655882104 24.926139425124628
0.833152 514.7889134838642 23.798254275985702
0.835724 491.194744654762 22.71876870892681
0.838297 468.71003536670514 21.685552546367298
0.840869 447.2803277317864 20.69657380924867
0.843442 426.85396881776813 19.74989394826074
0.846014 407.3819589161774 18.8436633191844
0.848586 388.81780842289004 17.976116889193825
0.851159 371.1174028190627 17.14557016170822
0.853731 354.23887527211537 16.350415308081658
0.856304 338.1424864062319 15.589117495080306
0.858876 322.790510819717 14.86021139771603
0.861449 308.14712995261016 14.162297887589775
0.864021 294.17833093230786 13.49404088744747
0.866594 280.85181104779167 12.854164383167877
0.869166 268.1368875244035 12.241449584890844
0.871739 256.00441229109606 11.654732229451684
0.874311 244.42669145081666 11.092900016719831
0.876884 233.3774091822228 10.554890172848507
0.879456 222.83155581733217 10.03968713382448
0.882028 212.76535985511984 9.5463203430688
0.884601 203.15622368548998 9.073862157181814
0.887173 193.9826628115579 8.621425854244864
0.889746 185.22424837086064 8.188163739396472
0.892318 176.86155276799516 7.77326534268505
0.894891 168.87609824231265 7.375955704470684
0.897463 161.2503082047652 6.995493743902501
0.900036 153.96746118779697 6.631170706238586
0.902608 147.01164726137148 6.282308685001473
0.905181 140.36772677686258 5.948259215176438
0.907753 134.02129130864725 5.628401933861817
0.910326 127.95862667083343 5.322143304970365
0.912898 122.16667789371364 5.028915404761842
0.91547 116.6330160512423 4.748174765156166
0.918043 111.34580683712903 4.479401271937408
0.920615 106.29378079307375 4.22209711511043
0.923188 101.46620509822733 3.9757857888160224
0.92576 96.85285683418856 3.74001113834483
0.928333 92.44399764476886 3.5143364519194273
0.930905 88.23034971437615 3.2983435950345665
0.933478 84.20307299321004 3.0916321852602184
0.93605 80.35374360155207 2.8938188055201683
0.938623 76.6743333492788 2.7045362539618223
0.941195 73.15719031033555 2.523432828629116
0.943768 69.79502039531859 2.350171645242747
0.94634 66.58086986851143 2.184429986478065
0.948912 63.508108758735034 2.0258986812138
0.951485 60.57041511620971 1.8742815123016037
0.954057 57.76176007029929 1.729294651480977
0.95663 55.076393645519644 1.5906661201328047
0.959202 52.50883129556714 1.4581352746315188
0.961775 50.05384111735324 1.3314523151177404
0.964347 47.70643170913197 1.2103778165729633
0.96692 45.46184063879138 1.0946822811334158
0.969492 43.31552349024671 0.9841457106336753
0.972065 41.26314345763113 0.8785571984209604
0.974637 39.300561458641404 0.7777145395283505
0.97721 37.42382673996055 0.6814238583409367
0.979782 35.629167949152354 0.5894992529314136
0.982354 33.91298464881657 0.501762455282285
0.984927 32.27183925010627 0.418042506650651
0.987499 30.70244934394491 0.3381754473677807
0.990072 29.20168040945131 0.2620040204006093
0.992644 27.76653888018388 0.18937738803508264
0.995217 26.394165549853483 0.12015086107239004
0.997789 25.08182930013997 0.05418563995899195
1.00036 23.826921134173997 -0.00865143270076052
1.00293 22.626948500121117 -0.06848810877387779
1.00551 21.4795298901323 -0.12544696086896012
1.00808 20.382389700709805 -0.17964559872240837
1.01065 19.333353341269763 -0.23119687615297346
1.01322 18.33034257838542 -0.280209089015119
1.0158 17.37137110385193 -0.3267861645611636
1.01837 16.454540315336427 -0.37102784260262167
1.02094 15.578035298966013 -0.4130298488425459
1.02351 14.740121003764337 -0.4528840607329756
1.02609 13.939138598370864 -0.4906786661949165
1.02866 13.173502000977415 -0.5264983155222236
1.03123 12.441694573885675 -0.5604242667756685
1.0338 11.742265974534856 -0.5925345249589986
1.03638 11.073829155269753 -0.6229039752551881
1.03895 10.43505750451869 -0.6516045105878989
1.04152 9.82468212242623 -0.678705153760987
1.04409 9.241489224344082 -0.7042721744169018
1.04667 8.6843176659204 -0.728369201043753
1.04924 8.15205658384756 -0.751057328250099
1.05181 7.643643146631094 -0.7723952195163797
1.05438 7.158060410029859 -0.7924392056222533
1.05696 6.694335272087334 -0.8112433789399414
1.05953 6.251536522932696 -0.8288596837748832
1.0621 5.828772984772793 -0.8453380029267534
1.06467 5.425191737727272 -0.8607262406358973
1.06725 5.039976427377234 -0.8750704020727635
1.06982 4.672345650105877 -0.888414669520665
1.07239 4.321551412504452 -0.900801475395421
1.07496 3.9868776613042587 -0.9122715722388794
1.07754 3.6676388804710585 -0.9228640998171085
1.08011 3.3631787522656267 -0.9326166494481691
1.08268 3.072868879232766 -0.9415653256787191
1.08525 2.796107564231716 -0.9497448054233286
1.08783 2.532318645762835 -0.9571883946753104
1.0904 2.2809503859813858 -0.9639280828929457
1.09297 2.0414744089173293 -0.9699945951603737
1.09554 1.8133846865416132 -0.9754174422179742
1.09812 1.596196570435233 -0.980224968452847
1.10069 1.3894458669266896 -0.9844443979359772
1.10326 1.192687953668042 -0.9881018785888178
1.10583 1.0054969357177148 -0.9912225245583832
1.10841 0.827464839292762 -0.9938304568764398
1.11098 0.6582008414418866 -0.9959488424750571
1.11355 0.4973305339751179 -0.9975999316275981
1.11612 0.34449522006647354 -0.9988050938812039
1.11869 0.19935124202183857 -0.9995848525439395
1.12127 0.06156933877729062 -0.9999589177869883
1.12384 -0.0025182701221729644 -0.9999980502541099
1.12641 -0.0072033641725418795 -0.9999839735930399
1.12898 -0.011866912288156319 -0.9999563047430713
1.13156 -0.01650893447875755 -0.9999150444563887
1.13413 -0.021129450581271917 -0.9998601938546632
1.1367 -0.025728480265198903 -0.9997917544290222
1.13927 -0.030306043037929775 -0.9997097280400083
1.14185 -0.03486215824999204 -0.9996141169175295
1.14442 -0.039396845100222906 -0.999504923660798
1.14699 -0.04391012264087229 -0.9993821512382597
1.14956 -0.04840200978263844 -0.9992458029875133
1.15214 -0.052872525299631414 -0.9990958826152203
1.15471 -0.05732168783427339 -0.998932394197003
1.15728 -0.061749515902130486 -0.9987553421773351
1.15985 -0.06615602789667971 -0.9985647313694197
1.16243 -0.07054124209401129 -0.9983605669550591
1.165 -0.07490517665746885 -0.9981428544845139
1.16757 -0.07924784964222378 -0.9979115998763517
1.17014 -0.08356927899979118 -0.9976668094172868
1.17272 -0.08786948258248312 -0.9974084897620087
1.17529 -0.09214847814780226 -0.9971366479330017
1.17786 -0.09640628336277585 -0.9968512913203535
1.18043 -0.10064291580823306 -0.9965524276815548
1.18301 -0.10485839298302106 -0.9962400651412882
1.18558 -0.10905273230816803 -0.9959142121912069
1.18815 -0.11322595113098802 -0.9955748776897049
1.19072 -0.11737806672913112 -0.9952220708616748
1.1933 -0.12150909631457861 -0.9948558012982585
1.19587 -0.12561905703758605 -0.994476078956585
1.19844 -0.12970796599056963 -0.9940829141595009
1.20101 -0.13377584021194389 -0.9936763175952894
1.20359 -0.13782269668990565 -0.993256300317379
1.20616 -0.14184855236616786 -0.9928228737440443
1.20873 -0.14585342413964175 -0.9923760496580947
1.2113 -0.14983732887007212 -0.9919158402065542
1.21388 -0.15380028338161952 -0.9914422579003315
1.21645 -0.15774230446639753 -0.9909553156138795
1.21902 -0.16166340888796077 -0.9904550265848455
1.22159 -0.16556361338474596 -0.9899414044137118
1.22417 -0.16944293467346608 -0.9894144630634247
1.22674 -0.1733013894524604 -0.9888742168590163
1.22931 -0.17713899440499573 -0.9883206804872141
1.23188 -0.1809557662025262 -0.9877538689960425
1.23446 -0.18475172150790728 -0.9871737977944128
1.23703 -0.18852687697856646 -0.9865804826517056
1.2396 -0.19228124926963036 -0.9859739396973406
1.24217 -0.19601485503701113 -0.9853541854203391
1.24475 -0.19972771094044758 -0.9847212366688758
1.24732 -0.20341983364650765 -0.9840751106498199
1.24989 -0.20709123983154906 -0.9834158249282683
1.25246 -0.2107419461846391 -0.9827433974270678
1.25504 -0.21437196941043424 -0.9820578464263274
1.25761 -0.21798132623202246 -0.9813591905629219
1.26018 -0.22157003339372225 -0.980647448829985
1.26275 -0.22513810766384765 -0.979922640576393
1.26533 -0.22868556583743252 -0.979184785506239
1.2679 -0.23221242473891804 -0.9784339036782969
1.27047 -0.23571870122480268 -0.9776700155054763
1.27304 -0.23920441218625707 -0.9768931417542672
1.27562 -0.2426695745516994 -0.9761033035441766
1.27819 -0.24611420528933792 -0.9753005223471527
1.28076 -0.24953832140967722 -0.9744848199870024
1.28333 -0.25294193996798875 -0.9736562186387977
1.28591 -0.2563250780667473 -0.9728147408282728
1.28848 -0.2596877528580348 -0.9719604094312113
1.29105 -0.2630299815459064 -0.9710932476728253
1.29362 -0.26635178138872756 -0.9702132791271234
1.29619 -0.26965316970147557 -0.9693205277162695
1.29877 -0.27293416385800906 -0.9684150177099333
1.30134 -0.27619478129330544 -0.96749677372463
1.30391 -0.2794350395056671 -0.966565820723051
1.30648 -0.282654956058894 -0.9656221840133856
1.30906 -0.2858545485844273 -0.9646658892486328
1.31163 -0.2890338347834615 -0.9636969624259044
1.3142 -0.2921928324290256 -0.9627154298857172
1.31677 -0.2953315593680344 -0.9617213183112779
1.31935 -0.2984500335233116 -0.9607146547277574
1.32192 -0.30154827289558006 -0.959695466501556
1.32449 -0.304626295565426 -0.9586637813395595
1.32706 -0.30768411969523335 -0.9576196272883863
1.32964 -0.3107217635310895 -0.9565630327336242
1.33221 -0.3137392454046624 -0.9554940263990597
1.33478 -0.3167365837350522 -0.9544126373458961
1.33735 -0.3197137970306109 -0.9533188949719643
1.33993 -0.3226709038907395 -0.9522128290109234
1.3425 -0.32560792300765523 -0.951094469531452
1.34507 -0.32852487316813267 -0.9499638469364313
1.34764 -0.3314217732552193 -0.9488209919621182
1.35022 -0.3342986422499245 -0.9476659356773098
1.35279 -0.3371554992328819 -0.9464987094824993
1.35536 -0.3399923633859872 -0.9453193451090214
1.35793 -0.3428092539940105 -0.9441278746181905
1.36051 -0.3456061904461835 -0.9429243304004287
1.36308 -0.34838319223776143 -0.9417087451743857
1.36565 -0.35114027897156197 -0.9404811519860484
1.36822 -0.3538774703594778 -0.9392415842078436
1.3708 -0.35659478622396673 -0.9379900755377304
1.37337 -0.35929224649951774 -0.9367266599982835
1.37594 -0.3619698712340929 -0.9354513719357694
1.37851 -0.3646276805905469 -0.9341642460192119
1.38109 -0.36726569484802335 -0.9328653172394494
1.38366 -0.3698839344033271 -0.9315546209081846
1.38623 -0.3724824197722758 -0.9302321926570238
1.3888 -0.3750611715910278 -0.9288980684365087
1.39138 -0.37762021061738865 -0.9275522845151383
1.39395 -0.3801595577320947 -0.9261948774783842
1.39652 -0.3826792339400774 -0.9248258842276946
1.39909 -0.38517926037170225 -0.9234453419794924
1.40167 -0.3876596582839902 -0.9220532882641621
1.40424 -0.39012044906181575 -0.9206497609250314
1.40681 -0.3925616542190856 -0.9192347981173403
1.40938 -0.3949832953998949 -0.9178084383072056
1.41196 -0.397385394379666 -0.9163707202705739
1.41453 -0.3997679730662626 -0.9149216830921683
1.4171 -0.40213105350108835 -0.9134613661644255
1.41967 -0.4044746578601626 -0.911989809186425
1.42225 -0.4067988084551778 -0.9105070521628101
1.42482 -0.409103527734537 -0.9090131354026998
1.42739 -0.4113888382843715 -0.9075080995185936
1.42996 -0.41365476282954167 -0.9059919854252667
1.43254 -0.4159013242346149 -0.9044648343386587
1.43511 -0.41812854550482886 -0.9029266877747523
1.43768 -0.42033644978703333 -0.9013775875484451
1.44025 -0.422525060370615 -0.899817575772413
1.44283 -0.42469440068840336 -0.8982466948559644
1.4454 -0.4268444943175597 -0.8966649875038887
1.44797 -0.4289753649804462 -0.8950724967152941
1.45054 -0.4310870365454788 -0.8934692657824398
1.45312 -0.43317953302796214 -0.891855338289558
1.45569 -0.4352528785909073 -0.8902307581116695
1.45826 -0.437307097545831 -0.8885955694133919
1.46083 -0.43934221435354 -0.8869498166477368
1.4634 -0.44135825362489645 -0.8852935445549031
1.46598 -0.4433552401215666 -0.8836267981610607
1.46855 -0.4453331987567548 -0.8819496227771255
1.47112 -0.44729215459591865 -0.880262063997528
1.47369 -0.44923213285746894 -0.8785641676989746
1.47627 -0.4511531589134539 -0.8768559800391986
1.47884 -0.4530552582902255 -0.8751375474557075
1.48141 -0.4549384566690919 -0.8734089166645193
1.48398 -0.45680277988695284 -0.8716701346588924
1.48656 -0.4586482539369201 -0.8699212487080492
1.48913 -0.4604749049689213 -0.8681623063558902
1.4917 -0.4622827592902903 -0.866393355419701
1.49427 -0.46407184336634 -0.8646144439888537
1.49685 -0.4658421838209218 -0.862825620423499
1.49942 -0.46759380743696904 -0.8610269333532511
1.50199 -0.46932674115702655 -0.8592184316758661
1.50456 -0.4710410120837639 -0.857400164555913
1.50714 -0.4727366474804765 -0.855572181423436
1.50971 -0.47441367477156926 -0.8537345319726124
1.51228 -0.47607212154302786 -0.8518872661604002
1.51485 -0.4777120155428758 -0.850030434205181
1.51743 -0.4793333846816158 -0.8481640865853939
1.52 -0.4809362570326591 -0.8462882740381641
1.52257 -0.4825206608327396 -0.8444030475579231
1.52514 -0.4840866244823142 -0.8425084583950224
1.52772 -0.48563417654595037 -0.8406045580543404
1.53029 -0.48716334575269954 -0.8386913982938824
1.53286 -0.48867416099645694 -0.8367690311233731
1.53543 -0.4901666513363083 -0.8348375088028432
1.53801 -0.4916408459968641 -0.8328968838412079
1.54058 -0.49309677436857885 -0.8309472089948402
1.54315 -0.4945344660080595 -0.8289885372661372
1.54572 -0.4959539506383591 -0.8270209219020773
1.5483 -0.4973552581492592 -0.8250444163927747
1.55087 -0.49873841859753837 -0.8230590744700244
1.55344 -0.5001034622072292 -0.8210649501058405
1.55601 -0.5014504193698618 -0.8190620975109912
1.55859 -0.5027793206446951 -0.8170505711335233
1.56116 -0.5040901967589368 -0.8150304256572825
1.56373 -0.5053830786079502 -0.8130017160004268
1.5663 -0.5066579972554489 -0.810964497313934
1.56888 -0.5079149839336805 -0.8089188249801015
1.57145 -0.5091540700435966 -0.8068647546110412
1.57402 -0.5103752871550132 -0.8048023420471684
1.57659 -0.5115786670067576 -0.8027316433556819
1.57917 -0.5127642415068044 -0.8006527148290419
1.58174 -0.5139320427324003 -0.7985656129834385
1.58431 -0.5150821029301772 -0.7964703945572553
1.58688 -0.5162144545162526 -0.794367116509527
1.58946 -0.5173291300763216 -0.7922558360183916
1.59203 -0.518426162365735 -0.7901366104795353
1.5946 -0.519505584309568 -0.7880094975046326
1.59717 -0.5205674290026765 -0.7858745549197794
1.59975 -0.5216117297097446 -0.7837318407639218
1.60232 -0.5226385198653188 -0.7815814132872783
1.60489 -0.5236478330738332 -0.7794233309497554
1.60746 -0.524639703109623 -0.7772576524193591
1.61004 -0.5256141639169284 -0.7750844365706
1.61261 -0.5265712496098867 -0.7729037424828927
1.61518 -0.5275109944725159 -0.770715629438949
1.61775 -0.5284334329586857 -0.768520156923167
1.62033 -0.5293385996920797 -0.7663173846200144
1.6229 -0.5302265294661475 -0.764107372412405
1.62547 -0.5310972572440449 -0.7618901803800713
1.62804 -0.5319508181585675 -0.7596658687979314
1.63061 -0.5327872475120703 -0.7574344981344494
1.63319 -0.5336065807763802 -0.7551961290499929
1.63576 -0.5344088535926984 -0.7529508223951834
1.63833 -0.5351941017714913 -0.7506986392092416
1.6409 -0.535962361292374 -0.7484396407183285
1.64348 -0.5367136683039826 -0.7461738883338812
1.64605 -0.5374480591238385 -0.7439014436509426
1.64862 -0.5381655702382009 -0.7416223684464873
1.65119 -0.5388662383019127 -0.739336724677743
1.65377 -0.5395501001382352 -0.7370445744805052
1.65634 -0.5402171927386742 -0.7347459801674477
1.65891 -0.5408675532627968 -0.7324410042264301
1.66148 -0.5415012190380397 -0.7301297093187971
1.66406 -0.5421182275595078 -0.727812158277677
1.66663 -0.5427186164897633 -0.7254884141062723
1.6692 -0.5433024236586077 -0.723158539976147
1.67177 -0.5438696870628537 -0.7208225992255101
1.67435 -0.5444204448660876 -0.7184806553574932
1.67692 -0.5449547353984258 -0.7161327720384232
1.67949 -0.5454725971562596 -0.7137790130960935
1.68206 -0.5459740688019924 -0.7114194425180275
1.68464 -0.5464591891637701 -0.7090541244497393
1.68721 -0.5469279972352001 -0.7066831231929895
1.68978 -0.5473805321750655 -0.7043065032040386
1.69235 -0.5478168333070267 -0.7019243290918928
1.69493 -0.548236940119319 -0.699536665616549
1.6975 -0.548640892264439 -0.6971435776872335
1.70007 -0.5490287295588244 -0.6947451303606381
1.70264 -0.5494004919825255 -0.692341388839151
1.70522 -0.5497562196788679 -0.6899324184690847
1.70779 -0.5500959529541084 -0.6875182847388982
1.71036 -0.5504197322770827 -0.6850990532774188
1.71293 -0.5507275982788444 -0.6826747898520568
1.71551 -0.5510195917522975 -0.6802455603670171
1.71808 -0.5512957536518206 -0.6778114308615086
1.72065 -0.5515561250928827 -0.6753724675079489
1.72322 -0.5518007473516534 -0.6729287366101635
1.7258 -0.5520296618646038 -0.6704803046015865
1.72837 -0.5522429102281001 -0.6680272380434518
1.73094 -0.552440534197991 -0.665569603622985
1.73351 -0.5526225756891859 -0.6631074681515903
1.73609 -0.5527890767752281 -0.6606408985630339
1.73866 -0.5529400796878584 -0.6581699619116247
1.74123 -0.5530756268165729 -0.655694725370391
1.7438 -0.5531957607081732 -0.653215256229255
1.74638 -0.5533005240663104 -0.6507316218932033
1.74895 -0.5533899597510201 -0.6482438898804539
1.75152 -0.5534641107782525 -0.6457521278206217
1.75409 -0.5535230203193946 -0.6432564034528788
1.75667 -0.5535667317007853 -0.6407567846241141
1.75924 -0.5535952884032241 -0.6382533392870884
1.76181 -0.5536087340614735 -0.6357461354985866
1.76438 -0.5536071124637534 -0.6332352414175689
1.76696 -0.5535904675512296 -0.6307207253033162
1.76953 -0.5535588434174966 -0.6282026555135757
1.7721 -0.5535122843080518 -0.6256811005027018
1.77467 -0.5534508346197647 -0.6231561288197959
1.77725 -0.5533745389003394 -0.6206278091068422
1.77982 -0.5532834418477703 -0.6180962100968423
1.78239 -0.5531775883097918 -0.6155614006119463
1.78496 -0.5530570232833214 -0.613023449561581
1.78754 -0.5529217919138967 -0.6104824259405783
1.79011 -0.5527719394951063 -0.6079383988272985
1.79268 -0.5526075114680145 -0.6053914373817525
1.79525 -0.5524285534205794 -0.6028416108437219
1.79782 -0.5522351110870658 -0.6002889885308766
1.8004 -0.5520272303474509 -0.5977336398368898
1.80297 -0.5518049572268263 -0.5951756342295526
1.80554 -0.5515683378947904 -0.5926150412488846
1.80811 -0.5513174186648387 -0.5900519305052445
1.81069 -0.5510522459937458 -0.587486371677436
1.81326 -0.550772866480943 -0.5849184345108156
1.81583 -0.5504793268678889 -0.5823481888153944
1.8184 -0.5501716740374358 -0.5797757044639423
1.82098 -0.5498499550131887 -0.5772010513900874
1.82355 -0.5495142169588612 -0.5746242995864149
1.82612 -0.5491645071776224 -0.5720455191025647
1.82869 -0.5488008731114421 -0.5694647800433271
1.83127 -0.5484233623404273 -0.5668821525667358
1.83384 -0.5480320225821552 -0.5642977068821624
1.83641 -0.5476269016910005 -0.5617115132484071
1.83898 -0.5472080476574565 -0.559123641971788
1.84156 -0.5467755086074525 -0.5565341634042306
1.84413 -0.5463293328016641 -0.5539431479413551
1.8467 -0.5458695686348198 -0.5513506660205622
1.84927 -0.545396264635002 -0.5487567881191189
1.85185 -0.5449094694629426 -0.5461615847522423
1.85442 -0.5444092319113134 -0.5435651264711824
1.85699 -0.5438956009040125 -0.5409674838613048
1.85956 -0.5433686254954446 -0.5383687275401712
1.86214 -0.5428283548697969 -0.535768928155619
1.86471 -0.5422748383403103 -0.5331681563838429
1.86728 -0.5417081253485452 -0.5305664829274712
1.86985 -0.5411282654636426 -0.5279639785136452
1.87243 -0.5405353083815813 -0.5253607138920956
1.875 -0.5399293039244291 -0.5227567598332203
1.87757 -0.5393103020395899 -0.5201521871261586
1.88014 -0.5386783527990469 -0.5175470665768688
1.88272 -0.5380335063985997 -0.5149414690062019
1.88529 -0.537375813157098 -0.5123354652479772
1.88786 -0.5367053235156708 -0.5097291261470566
1.89043 -0.5360220880369498 -0.5071225225574174
1.89301 -0.5353261574042905 -0.5045157253402278
1.89558 -0.5346175824209864 -0.5019088053619196
1.89815 -0.5338964140094821 -0.4993018334922621
1.90072 -0.5331627032105783 -0.49669488060243505
1.9033 -0.5324165011826356 -0.4940880175631023
1.90587 -0.5316578592007724 -0.4914813152424855
1.90844 -0.5308868286560593 -0.48887484450443575
1.91101 -0.5301034610547093 -0.4862686762065104
1.91359 -0.5293078080172635 -0.4836628811980437
1.91616 -0.5284999212777732 -0.48105753031822207
1.91873 -0.5276798526829779 -0.4784526943941585
1.9213 -0.5268476541914789 -0.4758484442389669
1.92388 -0.5260033778729092 -0.4732448506498359
1.92645 -0.5251470759070999 -0.4706419844061065
1.92902 -0.5242788005832423 -0.46803991626734576
1.93159 -0.5233986042990459 -0.46543871697142447
1.93417 -0.5225065395598937 -0.46283845723259387
1.93674 -0.5216026589779916 -0.46023920773956273
1.93931 -0.5206870152715171 -0.45764103915357557
1.94188 -0.5197596612637614 -0.4550440221064933
1.94446 -0.5188206498822702 -0.4524482271988717
1.94703 -0.5178700341579793 -0.44985372499804144
1.9496 -0.5169078672243469 -0.4472605860361917
1.95217 -0.5159342023164835 -0.44466888080845113
1.95475 -0.5149490927702768 -0.44207867977097237
1.95732 -0.513952592021514 -0.43949005333901536
1.95989 -0.5129447536050011 -0.4369030718850353
1.96246 -0.5119256311536772 -0.43431780573676715
1.96503 -0.5108952783977273 -0.4317343251753156
1.96761 -0.5098537491636911 -0.4291527004332436
1.97018 -0.5088010973735676 -0.4265730016926623
1.97275 -0.5077373770439187 -0.42399529908332523
1.97532 -0.5066626422849665 -0.42141966268071995
1.9779 -0.5055769472996909 -0.41884616250416395
1.98047 -0.5044803463829215 -0.4162748685149005
1.98304 -0.503372893920427 -0.41370585061419785
1.98561 -0.5022546443880024 -0.4111391786414471
1.98819 -0.501125652350553 -0.40857492237226567
1.99076 -0.49998597246117416 -0.4060131515165989
1.99333 -0.49883565946022956 -0.4034539357168264
1.9959 -0.4976747681744261 -0.4008973445458668
1.99848 -0.49650335351588576 -0.3983434475052883
2.00105 -0.49532147048121455 -0.39579231402341797
2.00362 -0.49412917415056967 -0.39324401345345583
2.00619 -0.49292651968672174 -0.390698615071587
2.00877 -0.49171356233411745 -0.3881561880751012
2.01134 -0.4904903574179361 -0.3856168015805095
2.01391 -0.48925696034314675 -0.383080524621667
2.01648 -0.48801342659355956 -0.3805474261478945
2.01906 -0.4867598117308773 -0.37801757502210465
2.02163 -0.48549617139374324 -0.3754910400189314
2.0242 -0.48422256129678537 -0.37296788982285767
2.02677 -0.482939037229661 -0.370448193026351
2.02935 -0.4816456550560953 -0.36793201812799614
2.03192 -0.4803424707129205 -0.3654194335306342
2.03449 -0.47902954020911176 -0.3629105075395044
2.03706 -0.4777069196248191 -0.3604053083603841
2.03964 -0.4763746651104003 -0.3579039040977381
2.04221 -0.47503283288544773 -0.3554063627528632
2.04478 -0.47368147923781684 -0.35291275222204477
2.04735 -0.47232066052264876 -0.35042314029470534
2.04993 -0.47095043316139296 -0.3479375946515655
2.0525 -0.46957085364082846 -0.34545618286280344
2.05507 -0.46818197851208 -0.3429789723862162
2.05764 -0.46678386438963554 -0.3405060305653883
2.06022 -0.4653765679503586 -0.33803742462785924
2.06279 -0.46396014593250107 -0.33557322168329606
2.06536 -0.4625346551347137 -0.3331134887216707
2.06793 -0.461100152415052 -0.33065829261143553
2.07051 -0.4596566946899851 -0.3282077000977095
2.07308 -0.45820433893339735 -0.3257617778004598
2.07565 -0.45674314217559286 -0.32332059221269416
2.07822 -0.4552731615022946 -0.32088420969865117
2.0808 -0.4537944540536438 -0.3184526964919957
2.08337 -0.452307077023198 -0.31602611869402086
2.08594 -0.45081108765692446 -0.3136045422718482
2.08851 -0.44930654325219627 -0.3111880330566368
2.09109 -0.44779350115678235 -0.30877665674179067
2.09366 -0.44627201876784006 -0.30637047888117697
2.09623 -0.44474215353090235 -0.30396956488733984
2.0988 -0.4432039629388661 -0.3015739800297239
2.10138 -0.44165750453097896 -0.29918378943290136
2.10395 -0.4401028358918217 -0.29679905807479834
2.10652 -0.43854001465029374 -0.2944198507849314
2.10909 -0.4369690984785926 -0.29204623224264314
2.11167 -0.4353901450911966 -0.2896782669753457
2.11424 -0.4338032122438409 -0.2873160193567642
2.11681 -0.4322083577324983 -0.28495955360518965
2.11938 -0.4306056393923533 -0.2826089337817296
2.12196 -0.42899511509677807 -0.28026422378856974
2.12453 -0.42737684275630716 -0.2779254873672363
2.1271 -0.4257508803176089 -0.2755927880968607
2.12967 -0.4241172857624585 -0.27326618939245473
2.13225 -0.42247611710670724 -0.27094575450318314
2.13482 -0.4208274323992523 -0.26863154651064636
2.13739 -0.41917128972100665 -0.26632362832716616
2.13996 -0.4175077471838637 -0.26402206269407247
2.14253 -0.41583686292966654 -0.2617269121800013
2.14511 -0.4141586951291708 -0.2594382391791905
2.14768 -0.4124733019810118 -0.25715610590978666
2.15025 -0.41078074171066553 -0.25488057441215106
2.15282 -0.40908107256941334 -0.25261170654717346
2.1554 -0.4073743528333039 -0.2503495639945936
2.15797 -0.4056606408021122 -0.24809420825131923
2.16054 -0.4039399947983032 -0.24584570062975875
2.16311 -0.40221247316598857 -0.24360410225615237
2.16569 -0.4004781342698869 -0.2413694740689094
2.16826 -0.3987370364942824 -0.2391418768169551
2.17083 -0.3969892382419813 -0.23692137105807465
2.1734 -0.3952347979332703 -0.2347080171572713
2.17598 -0.3934737740048715 -0.23250187528512156
2.17855 -0.39170622490889956 -0.23030300541614257
2.18112 -0.38993220911181603 -0.22811146732715937
2.18369 -0.38815178509338427 -0.22592732059568066
2.18627 -0.3863650113456254 -0.22375062459828
2.18884 -0.38457194637176967 -0.22158143850897982
2.19141 -0.3827726486852126 -0.21941982129764548
2.19398 -0.3809671768084661 -0.21726583172837832
2.19656 -0.37915558927211196 -0.21511952835792203
2.19913 -0.37733794461375564 -0.21298096953406853
2.2017 -0.3755143013769759 -0.21085021339407195
2.20427 -0.37368471811027987 -0.2087273178630693
2.20685 -0.3718492533660516 -0.206612340652504
2.20942 -0.37000796569950684 -0.20450533925855918
2.21199 -0.3681609136676414 -0.20240637096059244
2.21456 -0.3663081558281843 -0.2003154928195794
2.21714 -0.3644497507385491 -0.19823276167656423
2.21971 -0.3625857569547832 -0.19615823415111122
2.22228 -0.3607162330305211 -0.19409196663976835
2.22485 -0.35884123751593355 -0.192034015314533
2.22743 -0.35696082895667897 -0.1899844361213241
2.23 -0.35507506589285615 -0.18794328477846323
2.23257 -0.3531840068579524 -0.18591061677515763
2.23514 -0.3512877103777981 -0.18388648736999413
2.23772 -0.3493862349695147 -0.18187095158943445
2.24029 -0.34747963914046925 -0.1798640642263214
2.24286 -0.34556798138722405 -0.17786587983838775
2.24543 -0.34365132019448846 -0.17587645274677355
2.24801 -0.34172971403407343 -0.1738958370345508
2.25058 -0.3398032213638404 -0.17192408654525038
2.25315 -0.3378719006266575 -0.16996125488140135
2.25572 -0.33593581024934954 -0.16800739540307086
2.2583 -0.33399500864165294 -0.16606256122641572
2.26087 -0.33204955419517 -0.16412680522223844
2.26344 -0.3300995052823211 -0.16220018001454695
2.26601 -0.3281449202553018 -0.16028273797912895
2.26859 -0.326185857445035 -0.15837453124212275
2.27116 -0.32422237516012964 -0.1564756116786048
2.27373 -0.3222545316858341 -0.1545860309111763
2.2763 -0.32028238528299396 -0.15270584030856083
2.27888 -0.31830599418700983 -0.150835090984209
2.28145 -0.31632541660679336 -0.1489738337949067
2.28402 -0.31434071072372793 -0.14712211933939512
2.28659 -0.3123519346906256 -0.14527999795699276
2.28917 -0.3103591466306877 -0.14344751972622793
2.29174 -0.3083624046364667 -0.14162473446347845
2.29431 -0.30636176676882415 -0.13981169172161567
2.29688 -0.3043572910558966 -0.13800844078865826
2.29946 -0.30234903549205483 -0.13621503068643226
2.30203 -0.3003370580368703 -0.13443151016923816
2.3046 -0.2983214166140773 -0.1326579277225255
2.30717 -0.29630216911053925 -0.13089433156157482
2.30974 -0.29427937337521626 -0.1291407696301876
2.31232 -0.2922530872181289 -0.12739728959938135
2.31489 -0.2902233684093305 -0.12566393886609561
2.31746 -0.28819027467787234 -0.12394076455190184
2.32003 -0.286153863710776 -0.12222781350172274
2.32261 -0.2841141931520044 -0.12052513228256001
2.32518 -0.28207132060143275 -0.11883276718222602
2.32775 -0.28002530361382344 -0.11715076420808868
2.33032 -0.27797619969779824 -0.11547916908581701
2.3329 -0.27592406631481653 -0.11381802725814172
2.33547 -0.2738689608781495 -0.1121673838836168
2.33804 -0.2718109407518591 -0.11052728383539345
2.34061 -0.2697500632497778 -0.10889777170000081
2.34319 -0.26768638563448705 -0.10727889177613159
2.34576 -0.2656199651163013 -0.10567068807344049
2.34833 -0.26355085885224827 -0.10407320431134559
2.3509 -0.2614791239450547 -0.10248648391784088
2.35348 -0.25940481744213245 -0.10091057002831572
2.35605 -0.25732799633456316 -0.0993455054843817
2.35862 -0.2552487175560894 -0.09779133283270869
2.36119 -0.2531670379821015 -0.09624809432386727
2.36377 -0.25108301442863146 -0.09471583191118116
2.36634 -0.24899670365134324 -0.0931945872495854
2.36891 -0.24690816234452775 -0.0916844016944951
2.37148 -0.2448174471400998 -0.09018531630068138
2.37406 -0.24272461460659256 -0.08869737182115345
2.37663 -0.24062972124815948 -0.08722060870605342
2.3792 -0.23853282350357177 -0.08575506710155423
2.38177 -0.23643397774522146 -0.0843007868487693
2.38435 -0.23433324027812635 -0.08285780748267024
2.38692 -0.2322306673389327 -0.08142616823101001
2.38949 -0.23012631509492487 -0.08000590801325891
2.39206 -0.22802023964303128 -0.07859706543954448
2.39464 -0.22591249700883775 -0.07719967880960321
2.39721 -0.22380314314559674 -0.07581378611173917
2.39978 -0.2216922339332432 -0.0744394250217899
2.40235 -0.21957982517741043 -0.07307663290210487
2.40493 -0.21746597260844605 -0.07172544680052662
2.4075 -0.21535073188043397 -0.07038590344938678
2.41007 -0.21323415857021286 -0.0690580392645046
2.41264 -0.21111630817640148 -0.06774189034419886
2.41522 -0.20899723611842352 -0.0664374924683061
2.41779 -0.20687699773553359 -0.06514488109720729
2.42036 -0.20475564828584852 -0.0638640913708649
2.42293 -0.20263324294537569 -0.06259515810786653
2.42551 -0.200509836807049 -0.061338115804479454
2.42808 -0.1983854848797617 -0.060092998633711536
2.43065 -0.19626024208740456 -0.058859840444383305
2.43322 -0.1941341632679063 -0.057638674760207564
2.4358 -0.19200730317227266 -0.056429534778877466
2.43837 -0.1898797164636327 -0.055232453371165224
2.44094 -0.18775145771628218 -0.054047463080026725
2.44351 -0.18562258141473245 -0.05287459611971812
2.44609 -0.183493141952762 -0.05171388437492053
2.44866 -0.18136319363246536 -0.05056535939987139
2.45123 -0.17923279066331194 -0.0494290524175085
2.4538 -0.17710198716119901 -0.04830499431862045
2.45638 -0.17497083714751427 -0.04719321566100665
2.45895 -0.17283939454819466 -0.04609374666864696
2.46152 -0.1707077131927911 -0.04500661723087962
2.46409 -0.1685758468135362 -0.04393185690158952
2.46667 -0.16644384904440987 -0.04286949489840386
2.46924 -0.1643117734202135 -0.04181956010189847
2.47181 -0.16217967337564057 -0.040782081054812624
2.47438 -0.16004760224435377 -0.03975708596127214
2.47695 -0.15791561325806452 -0.038744602686024754
2.47953 -0.155783759545611 -0.03774465875367983
2.4821 -0.15365209413204406 -0.03675728134796297
2.48467 -0.15152066993771107 -0.03578249731097438
2.48724 -0.14938953977734648 -0.03482033314246158
2.48982 -0.1472587563591605 -0.03387081499909672
2.49239 -0.14512837228393372 -0.0329339686937673
2.49496 -0.1429984400441144 -0.03200981969487382
2.49753 -0.14086901202291485 -0.03109839312563656
2.50011 -0.13874014049341563 -0.03019971376341435
2.50268 -0.13661187761766713 -0.029313806039029333
2.50525 -0.13448427544579786 -0.02844069403610372
2.50782 -0.13235738591512472 -0.02758040149040486
2.5104 -0.13023126084926298 -0.0267329517892001
2.51297 -0.1281059519572444 -0.025898367970620617
2.51554 -0.1259815108326314 -0.025076672723035376
2.51811 -0.1238579889526417 -0.02426788838443472
2.52069 -0.12173543767726863 -0.023472036941822205
2.52326 -0.11961390824840853 -0.022689140030617283
2.52583 -0.11749345178899116 -0.02191921893406812
2.5284 -0.11537411930210906 -0.02116229458267127
2.53098 -0.1132559616701555 -0.020418387553603923
2.53355 -0.11113902965395973 -0.01968751807016389
2.53612 -0.10902337389192891 -0.018969706001220166
2.53869 -0.10690904489919287 -0.018264970860673024
2.54127 -0.1047960930667483 -0.01757333180692222
2.54384 -0.10268456866061146 -0.01689480764234852
2.54641 -0.10057452182096811 -0.01622941681279977
2.54898 -0.09846600256133138 -0.015577177407091858
2.55156 -0.09635906076769925 -0.014938107156515334
2.55413 -0.09425374619771673 -0.014312223434354232
2.5567 -0.09215010847984205 -0.013699543255413671
2.55927 -0.0900481971125123 -0.013100083275556562
2.56185 -0.08794806146331742 -0.012513859791252302
2.56442 -0.08584975076817201 -0.011940888739132016
2.56699 -0.083753314130494 -0.011381185695556573
2.56956 -0.0816588005203863 -0.01083476587619292
2.57214 -0.07956625877381822 -0.010301644135599641
2.57471 -0.07747573759181539 -0.009781834966824388
2.57728 -0.07538728553964723 -0.009275352501008638
2.57985 -0.07330095104602358 -0.008782210507004784
2.58243 -0.07121678240228832 -0.00830242239100043
2.585 -0.0691348277616216 -0.007836001196155351
2.58757 -0.06705513513824363 -0.0073829596022456645
2.59014 -0.06497775240661911 -0.006943309925320218
2.59272 -0.06290272730067023 -0.006517064117365079
2.59529 -0.060830107412987534 -0.006104233765978462
2.59786 -0.05875994019404786 -0.005704830094056423
2.60043 -0.056692272951435495 -0.005318863959487441
2.60301 -0.054627152849063464 -0.004946345854856871
2.60558 -0.05256462690640323 -0.004587285907162286
2.60815 -0.05050474199771246 -0.004241693877537811
2.61072 -0.04844754485127169 -0.003909579160988996
2.6133 -0.046393082048619416 -0.003590950786137137
2.61587 -0.044341400023793415 -0.0032858174149736907
2.61844 -0.04229254506257714 -0.002994187342625798
2.62101 -0.04024656330174451 -0.0027160684971292426
2.62359 -0.038203500728314355 -0.0024514684392145103
2.62616 -0.03616340317880291 -0.0022003943620999555
2.62873 -0.03412631633848346 -0.0019628530912968456
2.6313 -0.03209228574064951 -0.0017388510844238425
2.63388 -0.030061356765878133 -0.0015283944310313657
2.63645 -0.028033574641302038 -0.001331488852436058
2.63902 -0.026008984439879868 -0.0011481397015649097
2.64159 -0.023987631079675536 -0.0009783519628103754
2.64416 -0.021969559323136163 -0.0008221302518944817
2.64674 -0.019954813776377048 -0.0006794788157433729
2.64931 -0.01794343888847053 -0.000550401532371847
2.65188 -0.015935478950734307 -0.0004349019107778851
2.65445 -0.013930978096030264 -0.00033298309084783817
2.65703 -0.011929980298060227 -0.0002446478432698296
2.6596 -0.009932529370669746 -0.0001698985694598143
2.66217 -0.007938668967155445 -0.00010873730149518757
2.66474 -0.005948442579572769 -0.00006116570206060601
2.66732 -0.003961893538052602 -0.000027185064401580306
2.66989 -0.0019790650101162892 -6.796312290280326e-6
2.67246 1.219638873609235e-16 0.
