#1001 0.10001 2.72246
0.10001 4.793282639232277e15 3.9951991209437056e12
0.102632 3.336223319307465e15 2.928485134398242e12
0.105255 2.343409487412133e15 2.1634722163566616e12
0.107877 1.660415488426496e15 1.6102591514360273e12
0.1105 1.1862589544667318e15 1.2070379108579673e12
0.113122 8.54216088516235e14 9.109241029986399e11
0.115745 6.197613359182004e14 6.91902708038517e11
0.118367 4.529009485183274e14 5.287907798826631e11
0.12099 3.332476993466587e14 4.065195462233151e11
0.123612 2.468244804494823e14 3.142881149253455e11
0.126235 1.8396977339375588e14 2.4429839740877792e11
0.128857 1.3795241726100955e14 1.9088109673093423e11
0.131479 1.0404734183902584e14 1.4988708417028653e11
0.134102 7.891362585833388e13 1.1826036099608379e11
0.136724 6.017257873608113e13 9.373624641689417e10
0.139347 4.6119276965963266e13 7.462657908924783e10
0.141969 3.552386121784414e13 5.9665819695155266e10
0.144592 2.7493675168432195e13 4.790007610304492e10
0.147214 2.137695234688418e13 3.860658318262004e10
0.149837 1.6695079576515502e13 3.1234930596385056e10
0.152459 1.3094651386309584e13 2.5363917677548706e10
0.155081 1.0313322264639986e13 2.0669704533822964e10
0.157704 8.155340349274479e12 1.6902175973129433e10
0.160326 6.473916382431844e12 1.3867309799704584e10
0.162949 5.158447399029151e12 1.1413958532314049e10
0.165571 4.1252084382501196e12 9.423892022564884e9
0.168194 3.3105355313238335e12 7.804261540566548e9
0.170816 2.6658079980075645e12 6.481870733402353e9
0.173439 2.153737088253321e12 5.398801200788863e9
0.176061 1.7456078738844849e12 4.509058260670137e9
0.178684 1.4192201509286235e12 3.775988434156509e9
0.181306 1.1573443613037295e12 3.1702831940530286e9
0.183928 9.465587240038092e11 2.668429937895021e9
0.186551 7.763697955694846e11 2.2515054951207113e9
0.189173 6.38544676345257e11 1.9042330104503946e9
0.191796 5.2660192661719434e11 1.6142421072740185e9
0.194418 4.354219848675956e11 1.3714865259576619e9
0.197041 3.6094792488797455e11 1.167784190450681e9
0.199663 2.9995477009763074e11 9.964527879919904e8
0.202286 2.4987103127388123e11 8.520201164244992e8
0.204908 2.086401713085603e11 7.29993152569917e8
0.207531 1.746127048325792e11 6.266733870496389e8
0.210153 1.4646188479032153e11 5.390087264766412e8
0.212775 1.231176109807602e11 4.644743852053979e8
0.215398 1.0371446231172084e11 4.0097682734945625e8
0.21802 8.755071143754205e10 3.467760895992504e8
0.220643 7.405590590102747e10 3.00422802629865e8
0.223265 6.276515177093781e10 2.6070699886778376e8
0.225888 5.3298657004637665e10 2.2661639674509308e8
0.22851 4.53454143509891e10 1.973023242070326e8
0.231133 3.865015143836339e10 1.7205181617195594e8
0.233755 3.3002866687085567e10 1.5026471416174775e8
0.236378 2.8230417329254654e10 1.3143482860127406e8
0.239 2.4189740292269245e10 1.1513440860309061e8
0.241622 2.0762375716838055e10 1.0100131070005362e8
0.244245 1.785003229533108e10 8.872837496540384e7
0.246867 1.537098789844345e10 7.80546105065161e7
0.24949 1.3257161522149382e10 6.875786731325032e7
0.252112 1.1451726051470642e10 6.0648731709509455e7
0.254735 9.907157716636179e9 5.356543120407534e7
0.257357 8.583638964076995e9 4.7369573733986005e7
0.25998 7.447747980749476e9 4.194257801333185e7
0.262602 6.471381227229888e9 3.718267742595767e7
0.265224 5.630865777373097e9 3.3002400810211826e7
0.267847 4.906226594947411e9 2.932645051540104e7
0.270469 4.280580542065584e9 2.6089912011231232e7
0.273092 3.7396342564100375e9 2.323674070163561e7
0.275714 3.2712673259819317e9 2.071848091265308e7
0.278337 2.8651856453981266e9 1.8493179675710123e7
0.280959 2.5126326255332437e9 1.6524464222944789e7
0.283582 2.20614818219114e9 1.4780757300337495e7
0.286204 1.9393672554517808e9 1.323460868966286e7
0.288827 1.7068510935812068e9 1.1862124875533177e7
0.291449 1.5039457409786077e9 1.0642481732079068e7
0.294071 1.326663152090866e9 9.557507543295128e6
0.296694 1.1715811553617125e9 8.591325699915448e6
0.299316 1.0357591474114468e9 7.7300481058516465e6
0.301939 9.16666935318938e8 6.96151173758656e6
0.304561 8.121245862732333e8 6.275051978706481e6
0.307184 7.20251506855402e8 5.661307338570149e6
0.309806 6.394232732435644e8 5.1120509915137915e6
0.312429 5.682349803934174e8 4.620045267799956e6
0.315051 5.054700822101403e8 4.1789158118655253e6
0.317674 4.500738635936446e8 3.783042615605236e6
0.320296 4.011308252721892e8 3.427465549582371e6
0.322918 3.578453786464433e8 3.1078023657486145e6
0.325541 3.1952534461737484e8 2.8201774419080066e6
0.328163 2.855678309780683e8 2.561159789451372e6
0.330786 2.55447130206884e8 2.3277090590449404e6
0.333408 2.287043357011434e8 2.1171284600108024e6
0.336031 2.049384215223845e8 1.9270236631249764e6
0.338653 1.8379857013880283e8 1.7552668876988543e6
0.341276 1.6497756572804675e8 1.5999654856342964e6
0.343898 1.4820609840138528e8 1.4594344306169378e6
0.34652 1.3324784810314962e8 1.3321722022283538e6
0.349143 1.1989523665166399e8 1.2168396246122497e6
0.351765 1.0796575302077287e8 1.1122412791896001e6
0.354388 9.729877101387598e7 1.0173091622737008e6
0.35701 8.775279037054403e7 931088.3025476652
0.359633 7.92030424154842e7 852724.0912994191
0.362255 7.153940989960898e7 781451.1109654427
0.364878 6.46646179345243e7 716583.2756793719
0.3675 5.8492659086694494e7 657505.1218050431
0.370123 5.294742094494779e7 603664.1074082109
0.372745 4.796148894664945e7 554563.797757016
0.375367 4.347510106287092e7 509757.8296390399
0.37799 3.9435234201372616e7 468844.5608844282
0.380612 3.5794804972499974e7 431462.32328183635
0.383235 3.2511969848230902e7 397285.2073166529
0.385857 2.954951178859769e7 366019.3160626898
0.38848 2.6874302163218513e7 337399.43330248597
0.391102 2.445682830158456e7 311186.05769456644
0.393725 2.227077830038089e7 287162.7606833847
0.396347 2.0292675830262788e7 265133.8309752707
0.39897 1.8501558644301224e7 244922.17288122352
0.401592 1.6878695317968074e7 226367.42974084968
0.404214 1.5407335464954702e7 209324.3070653594
0.406837 1.4072489290395418e7 193661.07303513616
0.409459 1.2860732876932357e7 179258.21661443717
0.412082 1.1760036061215593e7 166007.2458499844
0.414704 1.0759610158893052e7 153809.61094299273
0.417327 9.849773143467344e6 142575.73846142853
0.419949 9.021830185905905e6 132224.1646220978
0.422572 8.26796772386873e6 122680.75694751233
0.425194 7.581159457250164e6 113878.01481390078
0.427817 6.955082865041864e6 105754.44047452595
0.430439 6.384045011289954e6 98253.97308449954
0.433061 5.862916558560367e6 91325.47908495522
0.435684 5.387073038786084e6 84922.29303927113
0.438306 4.952342546188414e6 79001.80366378093
0.440929 4.5549591173308315e6 73525.08037038466
0.443551 4.1915211511684493e6 68456.53614761539
0.446174 3.858954298834083e6 63763.62305794113
0.448796 3.554478320266369e6 59416.557029233176
0.451419 3.275577463859898e6 55388.06897346561
0.454041 3.019973977162895e6 51653.17958110059
0.456663 2.785604402184297e6 48188.9954199198
0.459286 2.570598348896876e6 44974.52421634309
0.461908 2.373259475730395e6 41990.50741912366
0.464531 2.1920484368415093e6 39219.26834288742
0.467153 2.025567583249399e6 36644.57436503873
0.469776 1.8725472289953236e6 34251.511806567745
0.472398 1.731833314718381e6 32026.372267385443
0.475021 1.6023763197857898e6 29956.549311910443
0.477643 1.4832212906773954e6 28030.444512394442
0.480266 1.3734988679655823e6 26237.381957397112
0.482888 1.2724172071845115e6 24567.5304222122
0.48551 1.179254700349609e6 23011.832478059696
0.488133 1.0933534150463338e6 21561.939888532423
0.490755 1.0141131770120616e6 20210.154706013884
0.493378 940986.2301226078 18949.37553838857
0.496 873472.4147848461 17773.04850804946
0.498623 811114.8120340958 16675.122471610484
0.501245 753495.8062316931 15650.008110419943
0.503868 700233.5242353141 14692.540539439357
0.50649 650978.6133436554 13797.945115749646
0.509113 605411.3242608025 12961.806158273055
0.511735 563238.8688392229 12180.038317599976
0.514357 524193.02549269906 11448.860359405424
0.51698 488027.96796475654 10764.771147110176
0.519602 454518.2956320117 10124.527629433034
0.522225 423457.2457491877 9525.124656520346
0.524847 394655.0700328065 8963.77646462472
0.52747 367937.5597600759 8437.899684014756
0.530092 343144.7051514376 7945.097738090814
0.532715 320129.4762302574 7483.146513702136
0.535337 298756.7136293279 7049.981193533495
0.537959 278902.11895750114 6643.6841512712
0.540582 260451.33536512096 6262.4738191697115
0.543204 243299.10986675252 5904.694445714062
0.545827 227348.52980527407 5568.806668390954
0.548449 212510.32658281812 5253.37883321846
0.551072 198702.24045016398 4957.078998704748
0.553694 185848.44074502512 4678.667567371958
0.556317 173878.99650827766 4416.990492944622
0.558939 162729.3928918512 4170.97301581143
0.561562 152340.08920836324 3939.6138834678313
0.564184 142656.11486566672 3721.980016374807
0.566806 133626.69978370974 3517.2015830598907
0.569429 125204.93621052595 3324.467451373508
0.572051 117347.46914231678 3143.0209856240226
0.574674 110014.21281263616 2972.156161875606
0.577296 103168.09095052422 2811.2139760265272
0.579919 96774.79871956163 2659.5791214130422
0.582541 90802.58444155417 2516.676914625024
0.585164 85222.04938192532 2381.970449990407
0.587786 80005.96403073346 2254.957964802398
0.590409 75129.09945517287 2135.1703988400136
0.593031 70568.07242795282 2022.169133081783
0.595653 66301.2031523707 1915.543893745608
0.598276 62308.384510413794 1814.9108089153615
0.600898 58570.96185589184 1719.910606046528
0.603521 55071.62246137729 1630.2069395870788
0.606143 51794.29380647238 1545.4848388140194
0.608766 48724.049966414 1465.449266777675
0.611388 45847.02542494701 1389.8237819708042
0.614011 43150.335694392656 1318.3492950044633
0.616633 40622.00417945623 1250.7829131818035
0.619256 38250.89477008382 1186.8968664201616
0.621878 36026.64969303249 1126.4775084845885
0.6245 33939.6321921914 1069.324387966844
0.627123 31980.873644445866 1015.2493838761824
0.629745 30142.024751355184 964.0759011054571
0.632368 28415.31047741676 915.6381214008862
0.63499 26793.488433498078 869.7803057994079
0.637613 25269.8104293699 826.356144805931
0.640235 23837.9869424068 785.228152866594
0.642858 22492.15427062799 746.2671039552661
0.64548 21226.84415752285 709.3515053308679
0.648102 20036.955693703196 674.3671067444367
0.650725 18917.729316505087 641.2064425787498
0.653347 17864.722743356433 609.7684045911835
0.65597 16873.788688163037 579.9578431036439
0.658592 15941.054222254064 551.6851946431012
0.661215 15062.901652671226 524.8661341835198
0.663837 14235.950800875788 499.42125027586485
0.66646 13457.042574371002 475.2757414783039
0.669082 12723.223732365852 452.3591326144908
0.671705 12031.732754513874 430.6050094947754
0.674327 11379.98672900763 409.95077083398667
0.676949 10765.569182954261 390.33739619072
0.679572 10186.218784051363 371.709228837464
0.682194 9639.818848174977 354.01377254896465
0.684817 9124.387592622215 337.20150136839135
0.687439 8638.06907946341 321.2256814776712
0.690062 8179.124797785434 306.04220436017613
0.692684 7745.925837583513 291.60943050120136
0.695307 7336.9456117116715 277.888042924623
0.697929 6950.753085661349 264.8409099133012
0.700552 6586.006478025387 252.43295630620747
0.703174 6241.447397346152 240.63104280750065
0.705796 5915.89538366077 229.4038527818142
0.708419 5608.242825462479 218.72178604631884
0.711041 5317.450225013321 208.55685920374515
0.713664 5042.541786983464 198.88261209176758
0.716286 4782.601307272939 189.67401995312707
0.718909 4536.768340604079 180.90741095776485
0.721531 4304.2346270703665 172.5603887332308
0.724154 4084.240759300124 164.61175958282502
0.726776 3876.0730732525158 157.041464092512
0.729398 3679.0607469165834 149.83051284767188
0.732021 3492.5730923413407 142.96092599940644
0.734643 3316.0170274930483 136.41567643742724
0.737266 3148.834715422376 130.17863634269486
0.739888 2990.5013591352786 124.2345269079497
0.742511 2840.5231414036934 118.56887102826313
0.745133 2698.435299530205 113.167948776703
0.747756 2563.8003258005 108.01875549232776
0.750378 2436.206285022845 103.10896231898107
0.753001 2315.2652411693794 98.42687904386308
0.755623 2200.6117857035065 93.96141909463094
0.758245 2091.90166070502 89.70206656290901
0.760868 1988.8104703924616 85.63884513058021
0.76349 1891.0324750942957 81.76228878316658
0.766113 1798.279462139085 78.0634142019928
0.768735 1710.279688522809 74.53369473373513
0.771358 1626.7768905708463 71.16503584238563
0.77398 1547.5293561455887 67.94975195468272
0.776603 1472.3090552595013 64.88054461565866
0.779225 1400.9008252401754 61.95048187620174
0.781848 1333.1016068598112 59.15297883942398
0.78447 1268.7197280882674 56.48177929719269
0.787092 1207.5742323579661 53.9309383924662
0.789715 1149.494248441496 51.494806247060275
0.792337 1094.3183992402846 49.16801249820983
0.79496 1041.8942469661572 46.94545169078293
0.797582 992.0777723680395 44.82226947526944
0.800205 944.7328858144303 42.79384956472073
0.802827 899.7309681895845 40.855801406681664
0.80545 856.9504396981823 39.00394852882533
0.808072 816.2763548006384 37.23431751951317
0.810695 777.600021619632 35.54312760684434
0.813317 740.8186442686605 33.92678080195887
0.815939 705.834986655957 32.38185257441452
0.818562 672.5570564126565 30.905083029388535
0.821184 640.8978076829262 29.493368558261338
0.823807 610.7748615966303 28.143753935833033
0.826429 582.1102433221942 26.853424839013684
0.829052 554.8301346692239 25.619700763315457
0.831674 528.8646412773755 24.440028314873693
0.834297 504.14757349045067 23.311974857033377
0.836919 480.61624007285104 22.23322249176787
0.839541 458.211253979843 21.201562357350106
0.842164 436.8763494437037 20.21488922478001
0.844786 416.5582096850691 19.271196376490018
0.847409 397.20630460286907 18.3685707518033
0.850031 378.7727378374193 17.505188344518878
0.852654 361.2121026396122 16.679309838839323
0.855276 344.481346015048 15.889276470647687
0.857899 328.539640645444 15.133506101886745
0.860521 313.34826412093946 14.410489496490188
0.863144 298.8704850461864 13.718786786975544
0.865766 285.0714556104181 13.057024121425432
0.868388 271.91811023724614 12.423890481165385
0.871011 259.3790699538162 11.81813465999381
0.873633 247.42455214129268 11.238562396334533
0.876256 236.02628534951677 10.684033650165697
0.878878 225.15742887824743 10.153460017035584
0.881501 214.7924968456586 9.64580227190446
0.884123 204.90728648189105 9.160068035955138
0.886746 195.47881040147146 8.69530955989655
0.889368 186.48523262341308 8.250621617641476
0.891991 177.90580812184461 7.82513950457761
0.894613 169.72082570318645 7.418037134969929
0.897235 161.91155401819464 7.0285252333305515
0.899858 154.46019052875326 6.655849614875515
0.90248 147.3498132601074 6.299289550454314
0.905103 140.5643351793748 5.958156211588469
0.907725 134.0884610506745 5.631791191492081
0.910348 127.90764662613596 5.319565098171467
0.91297 122.00806004040277 5.020876215910163
0.915593 116.3765452840921 4.735149231645573
0.918215 111.00058763902814 4.461834022929944
0.920837 105.86828096497071 4.200404504346112
0.92346 100.96829673403843 3.950357529414725
0.926082 96.28985471511241 3.7112118451880596
0.928705 91.82269521621059 3.482507096873798
0.931327 87.55705279818966 3.2638028799730456
0.93395 83.48363137816516 3.0546778375495762
0.936572 79.59358064577185 2.8547288003727926
0.939195 75.87847371982924 2.663569967795331
0.941817 72.3302859771561 2.480832127338319
0.94444 68.94137498920136 2.306161911063212
0.947062 65.70446150584672 2.1392210869089077
0.949684 62.612611429209515 1.9796858832678907
0.952307 59.65921872353041 1.8272463451643093
0.954929 56.83798921030365 1.6816057204814259
0.957552 54.142925200689376 1.5424798747662791
0.960174 51.56831091996341 1.4095967332146433
0.962797 49.108698681314124 1.2826957485112596
0.965419 46.75889576870106 1.1615273932681323
0.968042 44.51395199074941 1.045852675867498
0.970664 42.36914786978906 0.9354426785771999
0.973287 40.31998343214882 0.8300781168633957
0.975909 38.36216756770656 0.7295489188800168
0.978531 36.49160792847521 0.6336538241660188
0.981154 34.704401337680096 0.5422000006301166
0.983776 32.99682468236052 0.45500267894909285
0.986399 31.365326264019046 0.3718848035494249
0.989021 29.806517583241206 0.2926766993836054
0.991644 28.317165535531526 0.21721575375173785
0.994266 26.894184996857398 0.14534611245638374
0.996889 25.53463177856721 0.07691838961387454
0.999511 24.235695932455965 0.011789390478805117
1.00213 22.994695387798945 -0.05017815332969455
1.00476 21.80906990315659 -0.10911583678138204
1.00738 20.676375316686325 -0.1651498231207782
1.01 19.59427807957282 -0.21840107481121107
1.01262 18.560550058017267 -0.2689855742370626
1.01525 17.573063590007568 -0.31701453463983276
1.01787 16.629786783829154 -0.36259460174048197
1.02049 15.72877904597289 -0.40582804647859305
1.02311 14.868186826754645 -0.44681294927800197
1.02574 14.046239572581799 -0.4856433762287793
1.02836 13.261245874389916 -0.5224095475566344
1.03098 12.51158980232529 -0.5571979987330327
1.0336 11.795727417275605 -0.5900917345622516
1.03623 11.112183450343329 -0.6211703765656353
1.03885 10.459548141825891 -0.6505103039679514
1.04147 9.836474231708292 -0.6781847885762402
1.04409 9.24167409409189 -0.7042641238277456
1.04672 8.673917008378371 -0.7288157482704261
1.04934 8.132026560401751 -0.751904363727042
1.05196 7.614878167054534 -0.7735920483820178
1.05458 7.121396718288504 -0.793938365018958
1.0572 6.650554330687475 -0.8130004646260502
1.05983 6.201368207107182 -0.830833185576366
1.06245 5.772898597162519 -0.8474891485804104
1.06507 5.364246853608837 -0.863018847599043
1.06769 4.9745535799182115 -0.877470736896169
1.07032 4.602996864591769 -0.8908913144022306
1.07294 4.248790597976315 -0.9033252015516309
1.07556 3.911182867568805 -0.9148152197496542
1.07818 3.5894544279960723 -0.9254024636173004
1.08081 3.282917242050201 -0.9351263711555873
1.08343 2.9909130893428864 -0.94402479096439
1.08605 2.712812239315317 -0.952134046644701
1.08867 2.448012185504408 -0.9594889985072765
1.0913 2.1959364381212247 -0.9661231027050585
1.09392 1.956033372145849 -0.972068467901382
1.09654 1.727775128281613 -0.9773559095809119
1.09916 1.5106565642446745 -0.9820150021053915
1.10179 1.3041942539903952 -0.9860741286116845
1.10441 1.1079255325968846 -0.9895605288451608
1.10703 0.9214075846391747 -0.99250034501732
1.10965 0.7442165739944273 -0.9949186657725309
1.11228 0.5759468131202578 -0.9968395683449525
1.1149 0.41620996994451737 -0.9982861589830971
1.11752 0.26463431059640763 -0.9992806117160109
1.12014 0.12086397629540531 -0.999844205531766
1.12277 -0.0005223621918858943 -0.9999999107799491
1.12539 -0.0050130659115808105 -0.9999917442644264
1.12801 -0.009482756637367064 -0.9999703210080818
1.13063 -0.013931462042787508 -0.99993564157893
1.13326 -0.018359209551864566 -0.9998877068964585
1.13588 -0.02276602634510899 -0.9998265182316035
1.1385 -0.027151939365445268 -0.9997520772067164
1.14112 -0.031516975324054994 -0.9996643857955207
1.14375 -0.03586116070613947 -0.9995634463230592
1.14637 -0.040184521776602686 -0.9994492614656332
1.14899 -0.044487084585655826 -0.9993218342507304
1.15161 -0.04876887497434469 -0.999181168056946
1.15424 -0.053029918580001195 -0.9990272666138922
1.15686 -0.05727024084161825 -0.9988601340020992
1.15948 -0.061489867005154346 -0.9986797746529077
1.1621 -0.06568882212876168 -0.9984861933483511
1.16473 -0.06986713108794447 -0.9982793952210283
1.16735 -0.07402481858064625 -0.9980593857539684
1.16997 -0.07816190913226738 -0.9978261707804845
1.17259 -0.08227842710061421 -0.9975797564840196
1.17522 -0.08637439668078031 -0.9973201493979827
1.17784 -0.09044984190996126 -0.9970473564055751
1.18046 -0.0945047866722036 -0.9967613847396081
1.18308 -0.09853925470308916 -0.9964622419823115
1.18571 -0.10255326959435579 -0.996149936065132
1.18833 -0.10654685479845338 -0.995824475268524
1.19095 -0.1105200336330415 -0.9954858682217287
1.19357 -0.1144728292854223 -0.9951341239025457
1.19619 -0.11840526481691474 -0.9947692516370961
1.19882 -0.12231736316716922 -0.9943912610995731
1.20144 -0.12620914715842343 -0.994000162311988
1.20406 -0.13008063949970053 -0.9935959656439021
1.20668 -0.13393186279094996 -0.9931786818121534
1.20931 -0.1377628395271328 -0.9927483218805719
1.21193 -0.1415735921022508 -0.9923048972596861
1.21455 -0.14536414281332147 -0.9918484197064206
1.21717 -0.14913451386429782 -0.9913789013237845
1.2198 -0.15288472736993788 -0.9908963545605505
1.22242 -0.15661480535961825 -0.9904007922109244
1.22504 -0.1603247697810981 -0.9898922274142063
1.22766 -0.16401464250423145 -0.9893706736544428
1.23029 -0.16768444532462895 -0.9888361447600676
1.23291 -0.17133419996727012 -0.9882886549035372
1.23553 -0.17496392809006683 -0.9877282186009534
1.23815 -0.17857365128737773 -0.9871548507116791
1.24078 -0.18216339109347543 -0.9865685664379443
1.2434 -0.1857331689859665 -0.9859693813244432
1.24602 -0.1892830063891652 -0.9853573112579214
1.24864 -0.1928129246774197 -0.9847323724667554
1.25127 -0.19632294517839652 -0.984094581520522
1.25389 -0.19981308917631632 -0.983443955329559
1.25651 -0.20328337791514828 -0.9827805111445167
1.25913 -0.2067338326017596 -0.9821042665559008
1.26176 -0.21016447440902267 -0.9814152394936058
1.26438 -0.21357532447887945 -0.9807134482264397
1.267 -0.21696640392536426 -0.9799989113616396
1.26962 -0.22033773383758476 -0.9792716478443786
1.27225 -0.22368933528266277 -0.9785316769572628
1.27487 -0.2270212293086341 -0.9777790183198207
1.27749 -0.2303334369473092 -0.9770136918879827
1.28011 -0.2336259792170933 -0.9762357179535524
1.28274 -0.23689887712577018 -0.9754451171436676
1.28536 -0.24015215167324466 -0.9746419104202548
1.28798 -0.24338582385424942 -0.9738261190794724
1.2906 -0.2465999146610132 -0.9729977647511459
1.29323 -0.24979444508589305 -0.9721568693981956
1.29585 -0.25296943612396916 -0.9713034553160529
1.29847 -0.2561249087756043 -0.9704375451320701
1.30109 -0.2592608840489676 -0.9695591618049202
1.30372 -0.26237738296252283 -0.9686683286239877
1.30634 -0.2654744265474827 -0.9677650692087518
1.30896 -0.26855203585022747 -0.9668494075081602
1.31158 -0.2716102319346917 -0.9659213677999929
1.31421 -0.27464903588471573 -0.9649809746902205
1.31683 -0.277668468806365 -0.9640282531123499
1.31945 -0.2806685518302161 -0.9630632283267642
1.32207 -0.28364930611361133 -0.9620859259200527
1.3247 -0.2866107528428805 -0.961096371804333
1.32732 -0.2895529132355316 -0.960094592216563
1.32994 -0.29247580854241056 -0.959080613717846
1.33256 -0.2953794600498294 -0.9580544631927261
1.33518 -0.29826388908166485 -0.9570161678484759
1.33781 -0.30112911700142636 -0.9559657552143742
1.34043 -0.3039751652142937 -0.9549032531409771
1.34305 -0.30680205516912723 -0.9538286897993792
1.34567 -0.3096098083604469 -0.9527420936804659
1.3483 -0.31239844633038344 -0.9516434935941595
1.35092 -0.31516799067060125 -0.950532918668654
1.35354 -0.31791846302419297 -0.9494103983496435
1.35616 -0.32064988508754627 -0.9482759623995414
1.35879 -0.3233622786121833 -0.9471296408966909
1.36141 -0.32605566540657305 -0.9459714642345681
1.36403 -0.3287300673379165 -0.9448014631209758
1.36665 -0.33138550633390584 -0.9436196685772289
1.36928 -0.3340220043844564 -0.9424261119373329
1.3719 -0.33663958354341406 -0.9412208248471527
1.37452 -0.33923826593023587 -0.9400038392635727
1.37714 -0.3418180737316455 -0.9387751874536507
1.37977 -0.34437902920326396 -0.9375349019937619
1.38239 -0.3469211546712147 -0.9362830157687348
1.38501 -0.34944447253370525 -0.9350195619709802
1.38763 -0.35194900526258355 -0.9337445740996102
1.39026 -0.3544347754048707 -0.9324580859595504
1.39288 -0.3569018055842698 -0.9311601316606437
1.3955 -0.35935011850265125 -0.929850745616746
1.39812 -0.3617797369415153 -0.9285299625448129
1.40075 -0.3641906837634297 -0.927197817463981
1.40337 -0.3665829819134478 -0.9258543456946371
1.40599 -0.36895665442050063 -0.9244995828574838
1.40861 -0.3713117243987694 -0.9231335648725936
1.41124 -0.3736482150490337 -0.9217563279584573
1.41386 -0.37596614965999997 -0.9203679086310236
1.41648 -0.37826555160960623 -0.9189683437027305
1.4191 -0.3805464443663074 -0.9175576702815299
1.42173 -0.38280885149033755 -0.9161359257699032
1.42435 -0.3850527966349534 -0.9147031478638697
1.42697 -0.38727830354765425 -0.9132593745519876
1.42959 -0.3894853960713844 -0.9118046441143458
1.43222 -0.3916740981457122 -0.9103389951215503
1.43484 -0.3938444338079921 -0.9088624664337002
1.43746 -0.3959964271945043 -0.9073750971993582
1.44008 -0.3981301025415754 -0.9058769268545123
1.44271 -0.40024548418668066 -0.9043679951215303
1.44533 -0.40234259656952487 -0.9028483420081067
1.44795 -0.40442146423310593 -0.9013180078062016
1.45057 -0.4064821118247585 -0.8997770330909729
1.4532 -0.4085245640971791 -0.8982254587196998
1.45582 -0.4105488459094327 -0.8966633258307002
1.45844 -0.41255498222794085 -0.8950906758422398
1.46106 -0.41454299812745155 -0.8935075504514336
1.46369 -0.4165129187919914 -0.8919139916331407
1.46631 -0.41846476951579953 -0.8903100416388512
1.46893 -0.4203985757042436 -0.8886957429955659
1.47155 -0.4223143628747193 -0.887071138504669
1.47417 -0.4242121566575311 -0.8854362712407933
1.4768 -0.42609198279675725 -0.8837911845506774
1.47942 -0.42795386715109657 -0.8821359220520175
1.48204 -0.42979783569469876 -0.8804705276323099
1.48466 -0.4316239145179786 -0.8787950454476882
1.48729 -0.4334321298284127 -0.877109519921752
1.48991 -0.4352225079513208 -0.8754139957443892
1.49253 -0.4369950753306293 -0.8737085178705913
1.49515 -0.4387498585296208 -0.8719931315192614
1.49778 -0.44048688423166604 -0.8702678821720148
1.5004 -0.442206179240941 -0.8685328155719738
1.50302 -0.4439077704831276 -0.8667879777225542
1.50564 -0.44559168500609947 -0.8650334148862466
1.50827 -0.4472579499805926 -0.8632691735833883
1.51089 -0.4489065927008596 -0.8614953005909312
1.51351 -0.45053764058531043 -0.8597118429412007
1.51613 -0.4521511211771372 -0.8579188479206494
1.51876 -0.4537470621449239 -0.8561163630686028
1.52138 -0.45532549128324307 -0.854304436175999
1.524 -0.45688643651323557 -0.8524831152841217
1.52662 -0.4584299258831781 -0.8506524486833263
1.52925 -0.45995598756903566 -0.8488124849117595
1.53187 -0.4614646498749991 -0.8469632727540725
1.53449 -0.4629559412340095 -0.8451048612401273
1.53711 -0.46442989020826897 -0.8432372996436973
1.53974 -0.4658865254897367 -0.8413606374811602
1.54236 -0.46732587590061203 -0.839474924510185
1.54498 -0.4687479703938037 -0.8375802107284138
1.5476 -0.470152838053386 -0.8356765463721351
1.55023 -0.4715405080950412 -0.833763981914952
1.55285 -0.472911009866489 -0.831842568066445
1.55547 -0.4742643728479032 -0.8299123557708254
1.55809 -0.47560062665231484 -0.827973396205587
1.56072 -0.4769198010260031 -0.8260257407801472
1.56334 -0.47822192584887313 -0.8240694411344852
1.56596 -0.47950703113482124 -0.822104549137772
1.56858 -0.4807751470320874 -0.8201311168869957
1.57121 -0.48202630382359624 -0.8181491967055802
1.57383 -0.4832605319272848 -0.8161588411419973
1.57645 -0.48447786189641806 -0.814160102968374
1.57907 -0.4856783244198935 -0.8121530351790935
1.5817 -0.4868619503225321 -0.8101376909893889
1.58432 -0.48802877056535854 -0.8081141238339343
1.58694 -0.48917881624587006 -0.8060823873654259
1.58956 -0.4903121185982915 -0.8040425354531608
1.59219 -0.49142870899382146 -0.8019946221816081
1.59481 -0.49252861894086514 -0.7999387018489754
1.59743 -0.49361188008525614 -0.7978748289657689
1.60005 -0.4946785242104677 -0.7958030582533475
1.60268 -0.4957285832378114 -0.7937234446424732
1.6053 -0.49676208922662657 -0.7916360432718539
1.60792 -0.4977790743744566 -0.789540909486681
1.61054 -0.4987795710172162 -0.787438098837163
1.61316 -0.49976361162934635 -0.7853276670770521
1.61579 -0.5007312288239596 -0.783209670162166
1.61841 -0.5016824553529742 -0.7810841642489041
1.62103 -0.5026173241072373 -0.7789512056927592
1.62365 -0.5035358681166388 -0.7768108510468221
1.62628 -0.5044381205502132 -0.7746631570602839
1.6289 -0.505324114716233 -0.7725081806769297
1.63152 -0.5061938840622897 -0.7703459790336298
1.63414 -0.5070474621753673 -0.768176609458824
1.63677 -0.5078848827819028 -0.7660001294710029
1.63939 -0.5087061797478393 -0.7638165967771815
1.64201 -0.509511387078667 -0.7616260692713692
1.64463 -0.5103005389194567 -0.7594286050330362
1.64726 -0.5110736695548813 -0.7572242623255723
1.64988 -0.5118308134092292 -0.7550130995947424
1.6525 -0.5125720050464075 -0.7527951754671368
1.65512 -0.5132972791699354 -0.7505705487486173
1.65775 -0.5140066706229287 -0.7483392784227574
1.66037 -0.5147002143880749 -0.7461014236492787
1.66299 -0.5153779455875989 -0.7438570437624824
1.66561 -0.5160398994832188 -0.7416061982696761
1.66824 -0.5166861114760944 -0.7393489468495955
1.67086 -0.5173166171067644 -0.7370853493508233
1.67348 -0.5179314520550757 -0.7348154657902006
1.6761 -0.5185306521401049 -0.7325393563512381
1.67873 -0.5191142533200679 -0.7302570813825175
1.68135 -0.5196822916922245 -0.7279687013960935
1.68397 -0.520234803492771 -0.7256742770658887
1.68659 -0.5207718250967268 -0.7233738692260849
1.68922 -0.5212933930178096 -0.7210675388695104
1.69184 -0.5217995439083051 -0.7187553471460222
1.69446 -0.5222903145589262 -0.7164373553608855
1.69708 -0.5227657418986645 -0.7141136249731477
1.69971 -0.5232258629946336 -0.7117842175940091
1.70233 -0.5236707150519038 -0.7094491949851889
1.70495 -0.5241003354133291 -0.7071086190572891
1.70757 -0.5245147615593656 -0.7047625518681506
1.7102 -0.5249140311078824 -0.7024110556212104
1.71282 -0.5252981818139639 -0.7000541926638502
1.71544 -0.5256672515697044 -0.6976920254857445
1.71806 -0.5260212784039954 -0.6953246167172036
1.72069 -0.5263603004823039 -0.692952029127513
1.72331 -0.5266843561064447 -0.6905743256232687
1.72593 -0.5269934837143428 -0.6881915692467099
1.72855 -0.5272877218797907 -0.6858038231740472
1.73118 -0.5275671093121956 -0.6834111507137876
1.7338 -0.5278316848563213 -0.6810136153050556
1.73642 -0.528081487492021 -0.6786112805159125
1.73904 -0.5283165563339641 -0.6762042100416689
1.74166 -0.5285369306313547 -0.6737924677031972
1.74429 -0.5287426497676427 -0.6713761174452402
1.74691 -0.5289337532602294 -0.6689552233347132
1.74953 -0.5291102807601629 -0.666529849559008
1.75215 -0.52927227205183 -0.6641000604242892
1.75478 -0.5294197670526384 -0.6616659203537903
1.7574 -0.5295528058126925 -0.6592274938861051
1.76002 -0.5296714285144632 -0.6567848456734763
1.76264 -0.5297756754724501 -0.6543380404800819
1.76527 -0.5298655871328365 -0.6518871431803175
1.76789 -0.5299412040731386 -0.6494322187570768
1.77051 -0.5300025670018474 -0.6469733323000283
1.77313 -0.530049716758064 -0.6445105490038892
1.77576 -0.5300826943111285 -0.6420439341666971
1.77838 -0.5301015407602419 -0.6395735531880797
1.781 -0.530106297334082 -0.6370994715675188
1.78362 -0.5300970053904127 -0.6346217549026152
1.78625 -0.5300737064156867 -0.6321404688873488
1.78887 -0.5300364420246424 -0.6296556793103374
1.79149 -0.5299852539598934 -0.6271674520530914
1.79411 -0.5299201840915133 -0.6246758530882679
1.79674 -0.5298412744166131 -0.6221809484779209
1.79936 -0.5297485670589126 -0.6196828043717506
1.80198 -0.5296421042683065 -0.6171814870053483
1.8046 -0.5295219284204234 -0.6146770626984412
1.80723 -0.5293880820161797 -0.6121695978531335
1.80985 -0.5292406076813271 -0.6096591589521461
1.81247 -0.5290795481659939 -0.6071458125570538
1.81509 -0.5289049463442214 -0.6046296253065204
1.81772 -0.528716845213493 -0.6021106639145319
1.82034 -0.52851528789426 -0.5995889951686275
1.82296 -0.5283003176294584 -0.5970646859281297
1.82558 -0.5280719777840229 -0.5945378031223695
1.82821 -0.527830311844394 -0.5920084137489149
1.83083 -0.527575363418019 -0.5894765848717912
1.83345 -0.5273071762328493 -0.5869423836197057
1.83607 -0.5270257941368305 -0.5844058771842662
1.8387 -0.526731261097387 -0.5818671328181999
1.84132 -0.5264236212009034 -0.57932621783357
1.84394 -0.5261029186521975 -0.5767831995999921
1.84656 -0.5257691977739909 -0.5742381455428468
1.84919 -0.5254225030063715 -0.5716911231414921
1.85181 -0.5250628789062538 -0.5691421999274746
1.85443 -0.5246903701468312 -0.5665914434827392
1.85705 -0.5243050215170253 -0.5640389214378367
1.85968 -0.5239068779209292 -0.5614847014701311
1.8623 -0.5234959843772452 -0.5589288513020048
1.86492 -0.5230723860187194 -0.5563714386990629
1.86754 -0.5226361280915687 -0.5538125314683374
1.87017 -0.5221872559549054 -0.5512521974564885
1.87279 -0.5217258150801556 -0.5486905045480058
1.87541 -0.5212518510504724 -0.5461275206634084
1.87803 -0.5207654095601459 -0.5435633137574448
1.88065 -0.5202665364140071 -0.5409979518172905
1.88328 -0.519755277526827 -0.5384315028607448
1.8859 -0.5192316789227124 -0.5358640349344286
1.88852 -0.5186957867344959 -0.5332956161119801
1.89114 -0.5181476472031213 -0.5307263144922486
1.89377 -0.5175873066770255 -0.5281561981974904
1.89639 -0.5170148116115144 -0.5255853353715618
1.89901 -0.5164302085681362 -0.5230137941781127
1.90163 -0.5158335442140484 -0.5204416427987789
1.90426 -0.5152248653213817 -0.5178689494313751
1.90688 -0.514604218766599 -0.5152957822880858
1.9095 -0.5139716515298505 -0.5127222095936572
1.91212 -0.5133272106943241 -0.5101482995835886
1.91475 -0.5126709434455919 -0.5075741205023228
1.91737 -0.512002897070952 -0.5049997406014357
1.91999 -0.5113231189587676 -0.5024252281378294
1.92261 -0.5106316565977997 -0.49985065137191964
1.92524 -0.5099285575765382 -0.49727607856582745
1.92786 -0.5092138695825267 -0.4947015779815689
1.93048 -0.5084876404016854 -0.4921272178792444
1.9331 -0.507749917917628 -0.489553066515231
1.93573 -0.5070007501109773 -0.4869791921403701
1.93835 -0.5062401850586737 -0.4844056629981598
1.94097 -0.505468270933283 -0.48183254732294434
1.94359 -0.5046850560022972 -0.47925991333810525
1.94622 -0.5038905886274354 -0.4766878292542528
1.94884 -0.5030849172639376 -0.474116363267417
1.95146 -0.502268090459856 -0.4715455835572403
1.95408 -0.5014401568553433 -0.46897555828516857
1.95671 -0.5006011651819368 -0.46640635559264465
1.95933 -0.49975116426183835 -0.4638380435993018
1.96195 -0.49889020300719206 -0.4612706904011574
1.96457 -0.4980183304193574 -0.4587043640688071
1.9672 -0.4971355955881796 -0.45613913264562056
1.96982 -0.4962420476912558 -0.45357506414593707
1.97244 -0.49533773599319864 -0.45101222655326223
1.97506 -0.494422709844896 -0.44845068781846564
1.97769 -0.4934970186827672 -0.44589051585797845
1.98031 -0.49256071202801743 -0.4433317785519941
1.98293 -0.491613839485886 -0.44077454374266745
1.98555 -0.49065645074489433 -0.43821887923231606
1.98818 -0.4896885955760894 -0.4356648527816229
1.9908 -0.4887103238322839 -0.4331125321078394
1.99342 -0.4877216854472937 -0.43056198488299025
1.99604 -0.486722730435172 -0.4280132787320793
1.99867 -0.48571350888944065 -0.4254664812312956
2.00129 -0.4846940709823183 -0.4229216599062233
2.00391 -0.4836644669639458 -0.4203788822300496
2.00653 -0.4826247471616084 -0.4178382156217777
2.00916 -0.48157496197895455 -0.41529972744443633
2.01178 -0.48051516189521326 -0.41276348500329685
2.0144 -0.4794453974644075 -0.4102295555440878
2.01702 -0.4783657193145644 -0.40769800625120944
2.01964 -0.47727617814692475 -0.40516890424595675
2.02227 -0.4761768247351462 -0.4026423165847358
2.02489 -0.4750677099245084 -0.4001183102572887
2.02751 -0.47394888463111073 -0.39759695218491553
2.03013 -0.47282039984107116 -0.3950783092187017
2.03276 -0.47168230660972 -0.39256244813774266
2.03538 -0.47053465606079276 -0.39004943564737793
2.038 -0.46937749938561885 -0.38753933837741683
2.04062 -0.4682108878423098 -0.38503222288037686
2.04325 -0.4670348727549431 -0.38252815562971665
2.04587 -0.46584950551274407 -0.38002720301807247
2.04849 -0.46465483756926695 -0.37752943135550154
2.05111 -0.4634509204415703 -0.37503490686771945
2.05374 -0.4622378057093941 -0.3725436956943482
2.05636 -0.4610155450143308 -0.3700558638871596
2.05898 -0.459784190058997 -0.3675714774083261
2.0616 -0.4585437926062003 -0.36509060212867017
2.06423 -0.4572944044781071 -0.36261330382592005
2.06685 -0.45603607755540404 -0.36013964818296174
2.06947 -0.4547688637764616 -0.35766970078610316
2.07209 -0.4534928151364929 -0.35520352712333003
2.07472 -0.4522079836867105 -0.35274119258257186
2.07734 -0.4509144215334829 -0.35028276244996903
2.07996 -0.4496121808374865 -0.34782830190813896
2.08258 -0.4483013138128584 -0.3453778760344517
2.08521 -0.44698187272634404 -0.3429315497993005
2.08783 -0.44565390989644643 -0.3404893880643829
2.09045 -0.4443174776925698 -0.3380514555809777
2.09307 -0.44297262853416497 -0.3356178169882309
2.0957 -0.4416194148898695 -0.33318853681143934
2.09832 -0.44025788927664905 -0.3307636794603428
2.10094 -0.4388881042589342 -0.3283433092274126
2.10356 -0.4375101124477582 -0.3259274902861511
2.10619 -0.43612396649989116 -0.3235162866893868
2.10881 -0.43472971911697184 -0.32110976236757716
2.11143 -0.4333274230446411 -0.31870798112711496
2.11405 -0.4319171310716701 -0.3163110066486333
2.11668 -0.4304988960290889 -0.3139189024853214
2.1193 -0.4290727707893134 -0.3115317320612362
2.12192 -0.4276388082652686 -0.30914955866962135
2.12454 -0.42619706140951497 -0.30677244547123106
2.12717 -0.4247475832133673 -0.30440045549265204
2.12979 -0.4232904267060178 -0.3020336516246368
2.13241 -0.4218256449536532 -0.29967209662043126
2.13503 -0.42035329105857433 -0.29731585309411523
2.13766 -0.41887341815831036 -0.2949649835189394
2.14028 -0.4173860794247362 -0.29261955022567043
2.1429 -0.4158913280631837 -0.2902796154009374
2.14552 -0.41438921731155604 -0.2879452410855837
2.14815 -0.41287980043943845 -0.2856164891730225
2.15077 -0.41136313074720654 -0.28329342140759384
2.15339 -0.40983926156513806 -0.28097609938292945
2.15601 -0.40830824625251727 -0.2786645845403183
2.15863 -0.4067701381967442 -0.27635893816707957
2.16126 -0.40522499081243757 -0.27405922139493444
2.16388 -0.40367285754054133 -0.2717654951983891
2.1665 -0.4021137918474258 -0.2694778203931143
2.16912 -0.40054784722399167 -0.26719625763433597
2.17175 -0.39897507718476954 -0.264920867415225
2.17437 -0.3973955352670219 -0.26265171006529453
2.17699 -0.3958092750298408 -0.2603888457487995
2.17961 -0.3942163500532475 -0.258132334463142
2.18224 -0.3926168139372896 -0.255882236037281
2.18486 -0.39101072030113687 -0.25363861013014444
2.18748 -0.38939812278217883 -0.25140151622904905
2.1901 -0.3877790750351178 -0.24917101364812155
2.19273 -0.3861536307310655 -0.24694716152672902
2.19535 -0.38452184355663366 -0.24473001882790602
2.19797 -0.38288376721303025 -0.2425196443367965
2.20059 -0.38123945541514836 -0.24031609665909093
2.20322 -0.3795889618906602 -0.23811943421947523
2.20584 -0.3779323403791064 -0.2359297152600801
2.20846 -0.3762696446309871 -0.2337469978389375
2.21108 -0.3746009284068517 -0.23157133982844202
2.21371 -0.3729262454763865 -0.22940279891381388
2.21633 -0.371245649617506 -0.2272414325915728
2.21895 -0.3695591946154379 -0.22508729816801132
2.22157 -0.3678669342618139 -0.2229404527576757
2.2242 -0.36616892235375353 -0.2208009532818518
2.22682 -0.36446521269295473 -0.21866885646705747
2.22944 -0.3627558590847763 -0.2165442188435347
2.23206 -0.36104091533732774 -0.21442709674375515
2.23469 -0.3593204352605513 -0.2123175463009226
2.23731 -0.3575944726653107 -0.21021562344748834
2.23993 -0.3558630813624744 -0.20812138391366575
2.24255 -0.35412631516199977 -0.20603488322595198
2.24518 -0.3523842278720205 -0.20395617670565946
2.2478 -0.3506368732979276 -0.20188531946744415
2.25042 -0.34888430524145697 -0.1998223664178489
2.25304 -0.34712657749977033 -0.19776737225384444
2.25567 -0.3453637438645424 -0.19572039146138032
2.25829 -0.34359585812104154 -0.19368147831394
2.26091 -0.3418229740472169 -0.19165068687110343
2.26353 -0.3400451454127787 -0.1896280709771101
2.26616 -0.33826242597828565 -0.1876136842594358
2.26878 -0.3364748694942251 -0.1856075801273669
2.2714 -0.33468252970009965 -0.18360981177058722
2.27402 -0.3328854603235099 -0.18162043215776613
2.27665 -0.33108371507923734 -0.17963949403515378
2.27927 -0.329277347668331 -0.17766704992518467
2.28189 -0.32746641177718827 -0.17570315212508214
2.28451 -0.32565096107664276 -0.1737478527054751
2.28714 -0.3238310492210454 -0.1718012035090144
2.28976 -0.3220067298473522 -0.1698632561490001
2.29238 -0.3201780565742064 -0.16793406200801186
2.295 -0.31834508300102665 -0.16601367223654862
2.29762 -0.3165078627070892 -0.16410213775166915
2.30025 -0.3146664492506167 -0.1621995092356452
2.30287 -0.3128208961678628 -0.1603058371346162
2.30549 -0.31097125697219824 -0.15842117165725111
2.30811 -0.30911758515319937 -0.15654556277341913
2.31074 -0.30725993417573305 -0.15467906021286226
2.31336 -0.3053983574790475 -0.15282171346388007
2.31598 -0.30353290847585673 -0.15097357177201354
2.3186 -0.30166364055143313 -0.1491346841387433
2.32123 -0.2997906070626929 -0.14730509932018776
2.32385 -0.29791386133728887 -0.14548486582581122
2.32647 -0.2960334566726982 -0.14367403191713768
2.32909 -0.2941494463353152 -0.14187264560647195
2.33172 -0.2922618835595417 -0.14008075465562553
2.33434 -0.29037082154687865 -0.13829840657465042
2.33696 -0.28847631346502034 -0.13652564862058014
2.33958 -0.286578412446946 -0.13476252779617615
2.34221 -0.28467717159001543 -0.1330090908486825
2.34483 -0.282772643955062 -0.13126538426858403
2.34745 -0.28086488256549086 -0.12953145428837765
2.35007 -0.27895394040637156 -0.12780734688134232
2.3527 -0.27703987042353917 -0.12609310776032334
2.35532 -0.2751227255226883 -0.12438878237651863
2.35794 -0.2732025585684753 -0.12269441591827412
2.36056 -0.27127942238361474 -0.12101005330988501
2.36319 -0.26935336974798263 -0.11933573921040641
2.36581 -0.26742445339771614 -0.11767151801246745
2.36843 -0.26549272602431584 -0.11601743384109464
2.37105 -0.26355824027375024 -0.11437353055254251
2.37368 -0.26162104874555847 -0.11273985173313028
2.3763 -0.2596812039919572 -0.1111164406980869
2.37892 -0.2577387585169447 -0.10950334049040111
2.38154 -0.2557937647754113 -0.10790059387968254
2.38417 -0.2538462751722438 -0.10630824336102496
2.38679 -0.2518963420614391 -0.10472633115388252
2.38941 -0.2499440177452109 -0.10315489920094767
2.39203 -0.24798935447310472 -0.10159398916703999
2.39466 -0.24603240444110872 -0.10004364243800357
2.39728 -0.244073219790768 -0.09850390011960575
2.3999 -0.24211185260830084 -0.09697480303645056
2.40252 -0.24014835492371384 -0.09545639173089482
2.40515 -0.23818277870992108 -0.09394870646197373
2.40777 -0.23621517588186147 -0.09245178720433289
2.41039 -0.23424559829562092 -0.0909656736471689
2.41301 -0.23227409774755164 -0.08949040519317664
2.41564 -0.23030072597339793 -0.08802602095750567
2.41826 -0.22832553464741714 -0.08657255976672085
2.42088 -0.22634857538150843 -0.08513006015777536
2.4235 -0.22436989972433802 -0.0836985603769882
2.42612 -0.22238955916046763 -0.082278098379028
2.42875 -0.2204076051094856 -0.08086871182591104
2.43137 -0.2184240889251368 -0.07947043808599796
2.43399 -0.21643906189445677 -0.0780833142330064
2.43661 -0.21445257523690503 -0.07670737704502617
2.43924 -0.21246468010350197 -0.07534266300354542
2.44186 -0.21047542757596527 -0.0739892082924819
2.44448 -0.20848486866585011 -0.07264704879722506
2.4471 -0.20649305431368772 -0.07131622010368321
2.44973 -0.2045000353881308 -0.06999675749734169
2.45235 -0.20250586268509346 -0.06868869596232496
2.45497 -0.2005105869269005 -0.06739207018047177
2.45759 -0.1985142587614319 -0.06610691453041373
2.46022 -0.19651692876127236 -0.06483326308666348
2.46284 -0.19451864742286273 -0.06357114961871368
2.46546 -0.19251946516565088 -0.062320607590138355
2.46808 -0.19051943233124724 -0.0610816701577086
2.47071 -0.18851859918257918 -0.05985437017051143
2.47333 -0.18651701590304984 -0.058638740169079884
2.47595 -0.18451473259569662 -0.057434812384529854
2.47857 -0.1825117992823535 -0.05624261873770575
2.4812 -0.18050826590281221 -0.055062190838333414
2.48382 -0.17850418231399 -0.05389355998418355
2.48644 -0.17649959828909445 -0.0527367571602404
2.48906 -0.1744945635167924 -0.05159181303788063
2.49169 -0.17248912760038182 -0.05045875797406074
2.49431 -0.17048334005696314 -0.04933762201051084
2.49693 -0.16847725031661526 -0.04822843487294026
2.49955 -0.16647090772157064 -0.04713122597024699
2.50218 -0.16446436152539562 -0.046046024393739504
2.5048 -0.16245766089216948 -0.04497285891636482
2.50742 -0.1604508548956687 -0.04391175799194624
2.51004 -0.15844399251855026 -0.04286274975442805
2.51267 -0.15643712265153983 -0.04182586201713001
2.51529 -0.15443029409262013 -0.04080112227201027
2.51791 -0.15242355554622156 -0.03978855768893563
2.52053 -0.15041695562241678 -0.03878819511496223
2.52316 -0.1484105428361146 -0.037800061073622326
2.52578 -0.1464043656062589 -0.03682418176422264
2.5284 -0.14439847225502728 -0.03586058306114803
2.53102 -0.14239291100703425 -0.03490929051317759
2.53365 -0.14038772998853413 -0.03397032934280464
2.53627 -0.13838297722662898 -0.033043724445570355
2.53889 -0.13637870064847596 -0.03212950038940221
2.54151 -0.13437494808049946 -0.03122768141396315
2.54414 -0.13237176724760472 -0.03033829143000899
2.54676 -0.13036920577239133 -0.029461354018753938
2.54938 -0.12836731117437444 -0.028596892431245968
2.552 -0.12636613086920237 -0.027744929587749767
2.55463 -0.12436571216788149 -0.026905488077139772
2.55725 -0.12236610227599969 -0.02607859015630032
2.55987 -0.12036734829295555 -0.025264257749536556
2.56249 -0.1183694972111868 -0.024462512447991802
2.56511 -0.11637259591540428 -0.023673375509077
2.56774 -0.11437669118182549 -0.022896867855904945
2.57036 -0.11238182967741343 -0.02213301007673718
2.57298 -0.11038805795911505 -0.021381822424437202
2.5756 -0.10839542247310471 -0.020643324815933894
2.57823 -0.1064039695540297 -0.019917536831693505
2.58085 -0.10441374542425529 -0.019204477715199952
2.58347 -0.10242479619311788 -0.018504166372445452
2.58609 -0.1004371678561755 -0.017816621371428143
2.58872 -0.09845090629446446 -0.017141860941661258
2.59134 -0.096466057273756 -0.016479902973688065
2.59396 -0.09448266644381831 -0.01583076501860914
2.59658 -0.09250077933767807 -0.015194464287615395
2.59921 -0.09052044137088797 -0.01457101765153379
2.60183 -0.0885416978407936 -0.013960441640377796
2.60445 -0.08656459392580604 -0.01336275244291052
2.60707 -0.08458917468467586 -0.012777965906215605
2.6097 -0.08261548505576759 -0.012206097535275684
2.61232 -0.08064356985634287 -0.011647162492563035
2.61494 -0.07867347378183874 -0.011101175597636126
2.61756 -0.07670524140515587 -0.010568151326747488
2.62019 -0.07473891717594404 -0.010048103812459908
2.62281 -0.07277454541989441 -0.009541046843271062
2.62543 -0.07081217033803143 -0.009046993863248698
2.62805 -0.06885183600601054 -0.008565957971673699
2.63068 -0.06689358637341587 -0.008097951922692692
2.6333 -0.06493746526306333 -0.007642988124980876
2.63592 -0.06298351637030572 -0.007201078641411285
2.63854 -0.06103178326233819 -0.006772235188736486
2.64117 -0.05908230937751263 -0.006356469137277276
2.64379 -0.057135138024647286 -0.0059537915106211425
2.64641 -0.05519031238234729 -0.005564212985330386
2.64903 -0.05324787549832042 -0.005187743890658569
2.65166 -0.05130787028870275 -0.00482439420827685
2.65428 -0.04937033953738192 -0.004474173572009521
2.6569 -0.047435325895327264 -0.00413709126757833
2.65952 -0.04550287187991989 -0.0038131562323562296
2.66215 -0.04357301987428863 -0.00350237705513079
2.66477 -0.041645812126646274 -0.003204761975875936
2.66739 -0.039721290749631266 -0.0029203188855340123
2.67001 -0.037799497719651756 -0.00264905532580606
2.67264 -0.03588047487623014 -0.002390978488952422
2.67526 -0.033964263921356576 -0.0021460952176014514
2.67788 -0.03205090641883815 -0.0019144120045684332
2.6805 -0.030140443793658947 -0.001695934992683501
2.68313 -0.028232917331335632 -0.0014906699746285446
2.68575 -0.02632836817728306 -0.001298622392783666
2.68837 -0.024426837336177763 -0.0011197973390830729
2.69099 -0.022528365671328297 -0.0009541995548796312
2.69362 -0.020632993904045965 -0.0008018334308197428
2.69624 -0.018740762613021048 -0.0006627030067265505
2.69886 -0.01685171223370159 -0.0005368119714930231
2.70148 -0.014965883057672841 -0.0004241636629838119
2.7041 -0.013083315232045785 -0.00032476106794709914
2.70673 -0.011204048758841473 -0.00023860682193532767
2.70935 -0.009328123494386402 -0.00016570320923525728
2.71197 -0.0074555791487034145 -0.00010605216280712426
2.71459 -0.005586455284913659 -0.00005965526423445944
2.71722 -0.00372079131863428 -0.000026513743680345314
2.71984 -0.0018586265173861913 -6.62847985677395e-6
2.72246 -4.4160559638205657e-17 0.
