#1001 0.1 1.72246
0.1 4.799997599999998e15 3.999996e12
0.101622 3.8316428622968635e15 3.2974860174532124e12
0.103245 3.0695806168551285e15 2.726684901991186e12
0.104867 2.4675998986943875e15 2.2613828556235146e12
0.10649 1.9903342190732025e15 1.8808790229125115e12
0.108112 1.610604176054432e15 1.5687636717722695e12
0.109735 1.3074380600768358e15 1.3119824681645405e12
0.111357 1.0645908159968285e15 1.1001145983798054e12
0.11298 8.694310366600146e14 9.248136866422039e11
0.114602 7.121009801573735e14 7.793731503173047e11
0.116225 5.84880023054676e14 6.583870502305056e11
0.117847 4.817003476080061e14 5.574845075317922e11
0.11947 3.977770217662967e14 4.731210060414813e11
0.121092 3.293243845394675e14 4.024138413191221e11
0.122714 2.7333780162541678e14 3.43011951447873e11
0.124337 2.2742512362534078e14 2.92992616510417e11
0.125959 1.8967607481878928e14 2.5077922566129465e11
0.127582 1.585606933879562e14 2.1507561693389853e11
0.129204 1.328501008453759e14 1.848134952130767e11
0.130827 1.1155449275363561e14 1.5911020251540683e11
0.132449 9.387445566693356e13 1.3723470749287207e11
0.134072 7.916262978383902e13 1.1858013970952802e11
0.135694 6.689342891327556e13 1.026415502469623e11
0.137317 5.663905496068267e13 8.899785741660402e10
0.138939 4.805044465930599e13 7.729715289943158e10
0.140562 4.084209248796447e13 6.724471328992263e10
0.142184 3.4779928595330754e13 5.859319533538891e10
0.143806 2.967161128226744e13 5.113459822075074e10
0.145429 2.5358733091343844e13 4.469365927378944e10
0.147051 2.1710547549407992e13 3.912241525838176e10
0.148674 1.861890746537189e13 3.4295713699814255e10
0.150296 1.5994170985214293e13 3.010750033249947e10
0.151919 1.3761882599400584e13 2.6467742022992504e10
0.153541 1.1860076228740107e13 2.3299871154354492e10
0.155164 1.0237078867344611e13 2.0538658835192112e10
0.156786 8.849717943564906e12 1.812844149643786e10
0.158409 7.661855040889322e12 1.6021639309958208e10
0.160031 6.643184035615363e12 1.4177516075271948e10
0.161654 5.768243935562919e12 1.256113930403626e10
0.163276 5.015606426724576e12 1.1142506606892424e10
0.164898 4.3672058839927593e12 9.895810487980091e9
0.166521 3.807785792840203e12 8.798818545300386e9
0.168143 3.32444048575113e12 7.832350072904513e9
0.169766 2.9062350750550107e12 6.979833333966621e9
0.171388 2.543889662954008e12 6.226930458857533e9
0.173011 2.22951648791635e12 5.561219129301215e9
0.174633 1.9564007490429836e12 4.9719220271550045e9
0.176256 1.7188175353640945e12 4.449676525853395e9
0.177878 1.5118786537570278e12 3.9863383419904633e9
0.179501 1.3314042597287302e12 3.5748138908364487e9
0.181123 1.173815099448158e12 3.208916940935585e9
0.182746 1.0360419089155748e12 2.883245870368208e9
0.184368 9.154491188565736e11 2.5930784161099052e9
0.18599 8.097705073734452e11 2.33428129888045e9
0.187613 7.170548471109023e11 2.1032325158919613e9
0.189235 6.356199262369148e11 1.8967544368735511e9
0.190858 5.640135962523973e11 1.7120561260899704e9
0.19248 5.0098072531827216e11 1.5466835541784818e9
0.194103 4.454351221695862e11 1.3984765662519133e9
0.195725 3.9643564986930426e11 1.2655316432528965e9
0.197348 3.5316587640910803e11 1.146169637288627e9
0.19897 3.149167151897394e11 1.0389077830116754e9
0.200593 2.810715965433066e11 9.424353896800423e8
0.202215 2.5109378482795364e11 8.555927053531812e8
0.203838 2.2451551679675375e11 7.773525182786471e8
0.20546 2.0092868802127216e11 7.068041229952369e8
0.207082 1.7997685686381125e11 6.431393317760497e8
0.208705 1.6134837126250305e11 5.856402572246945e8
0.210327 1.447704535913128e11 5.3366863034695673e8
0.21195 1.300041040494722e11 4.8665645127836734e8
0.213572 1.1683970422066212e11 4.4409779791928685e8
0.215195 1.0509322028288829e11 4.055416417404643e8
0.216817 9.460292039361192e10 3.705855405855243e8
0.21844 8.522653347651494e10 3.3887009592861086e8
0.220062 7.683878737469269e10 3.100740771812066e8
0.221685 6.932927342515018e10 2.8391012865034705e8
0.223307 6.2600592213893906e10 2.601209859428638e8
0.22493 5.656674180895171e10 2.3847613825118512e8
0.226552 5.115171532367725e10 2.1876888126992223e8
0.228175 4.628827938812221e10 2.0081371266937956e8
0.229797 4.1916909130783966e10 1.8444402825450078e8
0.231419 3.7984858704566895e10 1.6951008230344537e8
0.233042 3.444534932010041e10 1.5587718022681665e8
0.234664 3.1256859252950405e10 1.4342407571691835e8
0.236287 2.8382502433062943e10 1.3204154805216189e8
0.237909 2.578948405923273e10 1.2163113825835596e8
0.239532 2.3448623254301727e10 1.12104025468965e8
0.241154 2.133393412689648e10 1.0338002712447561e8
0.242777 1.9422257765589558e10 9.538670865304768e7
0.244399 1.76929386892042e10 8.805859002042785e7
0.246022 1.6127540136143751e10 8.133643806089535e7
0.247644 1.4709593316136255e10 7.516663483222434e7
0.249267 1.3424376386667475e10 6.950061340170173e7
0.250889 1.2258719468118334e10 6.429435348902085e7
0.252511 1.120083248857707e10 5.950793028430611e7
0.254134 1.024015306199361e10 5.510511054195002e7
0.255756 9.367211960778908e9 5.1052990737529784e7
0.257379 8.573514053815872e9 4.7321672678053536e7
0.259001 7.851432849717363e9 4.3883972485795945e7
0.260624 7.194117018679099e9 4.071515934223321e7
0.262246 6.595407469261655e9 3.779272078908819e7
0.263869 6.049763733043925e9 3.5096151745203674e7
0.265491 5.552198563880819e9 3.26067647169184e7
0.267114 5.098219792538372e9 3.0307518961123653e7
0.268736 4.683778594402204e9 2.8182866608793546e7
0.270359 4.305223430034457e9 2.6218613976538096e7
0.271981 3.959259007548333e9 2.440179648811149e7
0.273603 3.6429096937686977e9 2.2720565799884897e7
0.275226 3.353486869412397e9 2.116408787672963e7
0.276848 3.088559783315629e9 1.9722450899894804e7
0.278471 2.845929513151126e9 1.8386582008355547e7
0.280093 2.6236056860613337e9 1.7148171981546376e7
0.281716 2.419785653005774e9 1.5999607065957088e7
0.283338 2.2328358460931845e9 1.4933907232138349e7
0.284961 2.0612750793602037e9 1.3944670223457469e7
0.286583 1.9037595809057178e9 1.3026020824530497e7
0.288206 1.7590695684601543e9 1.2172564836574705e7
0.289828 1.6260972017694333e9 1.137934729980383e7
0.291451 1.5038357639580636e9 1.0641814550159099e7
0.293073 1.3913699406138306e9 9.955779739773387e6
0.294695 1.2878670799773533e9 9.317391488172412e6
0.296318 1.1925693305589077e9 8.723105364828976e6
0.29794 1.1047865639479558e9 8.169657933745362e6
0.299563 1.0238900007077146e9 7.654043117638152e6
0.301185 9.493064662151873e8 7.173490663386071e6
0.302808 8.805132112543935e8 6.725446511980724e6
0.30443 8.170332392178954e8 6.307554895568297e6
0.306053 7.584310880249944e8 5.917642001523561e6
0.307675 7.043090204173596e8 5.553701059074973e6
0.309298 6.543035812260451e8 5.213878717988968e6
0.31092 6.080824845896177e8 4.896462601392219e6
0.312543 5.653417980046607e8 4.599869926113062e6
0.314165 5.2580339356289566e8 4.322637094091297e6
0.315787 4.892126398224982e8 4.0634101675578593e6
0.31741 4.553363105180771e8 3.8209361489286236e6
0.319032 4.239606887722492e8 3.59405499378413e6
0.320655 3.9488984766545653e8 3.3816922920033606e6
0.322277 3.6794408997926927e8 3.1828525581610445e6
0.3239 3.4295853167807347e8 2.9966130777495997e6
0.325522 3.1978181525799847e8 2.8221182607104816e6
0.327145 2.9827494049069804e8 2.6585744582078955e6
0.328767 2.7831020134127957e8 2.505245202598861e6
0.33039 2.5977021896039554e8 2.361446834190174e6
0.332012 2.42547061654525e8 2.2265444816635526e6
0.333635 2.265414436384262e8 2.0999483660293077e6
0.335257 2.1166199518084866e8 1.9811104006673153e6
0.336879 1.9782459747882324e8 1.8695210624591876e6
0.338502 1.8495177624605966e8 1.764706511232613e6
0.340124 1.7297214858506307e8 1.6662259367498015e6
0.341747 1.618199182374864e8 1.5736691142968556e6
0.343369 1.5143441477925202e8 1.4866541515878676e6
0.344992 1.4175967275162464e8 1.4048254112025865e6
0.346614 1.3274404710165115e8 1.3278515941443634e6
0.348237 1.2433986164960241e8 1.2554239713484705e6
0.349859 1.1650308761120687e8 1.1872547511021576e6
0.351482 1.0919304948205255e8 1.1230755713670722e6
0.353104 1.0237215584369579e8 1.062636106931782e6
0.354727 9.600565287854095e7 1.0057027821756967e6
0.356349 9.00613985859623e7 952057.5810032918
0.357971 8.450965587766163e7 901496.9462166425
0.359594 7.932290289789727e7 853830.7612407885
0.361216 7.447565906575933e7 808881.4077062691
0.362839 6.994432547375135e7 766482.8929317305
0.364461 6.5707038400956504e7 726480.0418410682
0.366084 6.174353481135842e7 688727.7482987585
0.367706 5.803502880956467e7 653090.2812574077
0.369329 5.456409811833116e7 619440.6414868655
0.370951 5.131457972580615e7 587659.9649974324
0.372574 4.827147392615194e7 557636.969583681
0.374196 4.5420856045930974e7 529267.4412029036
0.375819 4.274979521101197e7 502453.7571653374
0.377441 4.024627956539654e7 477104.4433545155
0.379063 3.7899147404811874e7 453133.7629169018
0.380686 3.569802373468281e7 430461.33406266745
0.382308 3.363326180460435e7 409011.77480509464
0.383931 3.169588921010901e7 388714.3726366249
0.385553 2.987755818770287e7 369502.7772958595
0.387176 2.8170499761177726e7 351314.71492351487
0.388798 2.6567481426373404e7 334091.72203716246
0.390421 2.5061768088132333e7 317778.89787576435
0.392043 2.3647085987410504e7 302324.6737763917
0.393666 2.2317589378584024e7 287680.5983479007
0.395288 2.106782973713214e7 273801.1373005293
0.396911 1.989272729624848e7 260643.48687699618
0.398533 1.8787544727707695e7 248167.39991047085
0.400155 1.7747862797627382e7 236335.0236081882
0.401778 1.6769557841756627e7 225110.74822711165
0.4034 1.5848780917704092e7 214461.06587035814
0.405023 1.4981938503206644e7 204354.4386905093
0.406645 1.4165674620226158e7 194761.17583890184
0.408268 1.3396854274436673e7 185653.31854877685
0.40989 1.267254810861283e7 177004.53278524097
0.411513 1.1990018176619112e7 168790.0089365402
0.413135 1.1346704752201358e7 160986.3680595337
0.414758 1.0740214093651474e7 153571.57422767545
0.41638 1.016830709171494e7 146524.85256254775
0.418003 9.628888733882084e6 139826.6125602414
0.419625 9.119998323499033e6 133458.3763518242
0.421247 8.639800396989256e6 127402.71156298085
0.42287 8.186576286934373e6 121643.16846182925
0.424492 7.758716282853599e6 116164.2211060169
0.426115 7.35471234527724e6 110951.21222067339
0.427737 6.973151332161565e6 105990.30155774309
0.42936 6.612708699862457e6 101268.41750476
0.430982 6.27214264380075e6 96773.21172738422
0.432605 5.950288646631215e6 92493.01664506432
0.434227 5.646054404193044e6 88416.80555315224
0.43585 5.3584151017869925e6 84534.15521772992
0.437472 5.086409015412269e6 80835.21078140411
0.439095 4.829133414517123e6 77310.65282944724
0.440717 4.585740744587619e6 73951.66647599326
0.442339 4.355435069528788e6 70749.91233957587
0.443962 4.137468755295093e6 67697.49928619352
0.445584 3.931139377611354e6 64786.958826343856
0.447207 3.73578683790258e6 62011.221060143886
0.448829 3.5507906727286945e6 59363.592071786785
0.450452 3.375567543106297e6 56837.73268120161
0.452074 3.209568891102702e6 54427.63846695244
0.453697 3.052278752012779e6 52127.62098013235
0.455319 2.9032117112841196e6 49932.29007434274
0.456942 2.761910996145124e6 47836.537281796605
0.458564 2.6279466926204134e6 45835.52017020407
0.460187 2.500914079291772e6 43924.64761938563
0.461809 2.380432069786334e6 42099.56596056264
0.463431 2.2661417565495763e6 40356.145924990444
0.465054 2.157705048994105e6 38690.47035207172
0.466676 2.0548033996082456e6 37098.82261032052
0.468299 1.9571366120647609e6 35577.67568755392
0.469921 1.8644217257927253e6 34123.681909501334
0.471544 1.776391971866697e6 32733.663248636098
0.473166 1.6927957954298456e6 31404.602187478253
0.474789 1.6133959402032294e6 30133.633102894535
0.476411 1.5379685909447602e6 28918.03414004599
0.478034 1.4663025700096563e6 27755.21954662153
0.479656 1.3981985844317107e6 26642.732439844956
0.481279 1.3334685201925791e6 25578.237980473932
0.482901 1.2719347805764663e6 24559.516929624948
0.484524 1.2134296657211045e6 23584.45956576958
0.486146 1.1577947906739218e6 22651.05994065447
0.487768 1.1048805394464263e6 21757.41045421869
0.489391 1.0545455527305373e6 20901.696729814154
0.491013 1.0066562470993835e6 20082.19277218741
0.492636 961086.3636623638 19297.256391757477
0.494258 917716.5442814123 18545.324879736036
0.495881 876433.933582645 17824.910919577338
0.497503 837131.8051160586 17134.59872113023
0.499126 799709.2101259563 16473.04036468955
0.500748 764070.647497288 15838.952342921111
0.502371 730125.7535383732 15231.112289357277
0.503993 697789.0103491078 14648.355882839805
0.505616 666979.4716063883 14089.573917924326
0.507238 637620.5046752975 13553.709531855378
0.50886 609639.5480262276 13039.755579281496
0.510483 582967.8830047378 12546.75214640285
0.512105 557540.419063138 12073.78419673594
0.513728 533295.4916206367 11619.979341140634
0.51535 510174.67177291133 11184.505725187744
0.516973 488122.58712221886 10766.57002734987
0.518595 467086.7530461382 10365.415561880422
0.520218 447017.41376680456 9980.32048060258
0.52184 427867.3926232846 9610.596068164961
0.523463 409591.9509879094 9255.585125637172
0.525085 392148.65530290356 8914.660437613144
0.526708 375497.2517468889 8587.22331826917
0.52833 359599.5480718113 8272.702232084204
0.529952 344419.3021798321 7970.5514851758235
0.531575 329922.1170367508 7680.249983435847
0.533197 316075.34154383076 7401.300053867076
0.53482 302847.9770134863 7133.226325725814
0.536442 290210.5889164006 6875.574668267483
0.538065 278135.22358828475 6627.911182072971
0.539687 266595.3296037713 6389.82124110268
0.54131 255565.68354302348 6160.908582785978
0.542932 245022.31989351043 5940.794443603247
0.544555 234942.46484522425 5729.1167377600905
0.546177 225304.4737523874 5525.529276685996
0.5478 216087.77204856664 5329.701027215737
0.549422 207272.79941505968 5141.315406429744
0.551044 198840.95701457697 4960.069611241393
0.552667 190774.5576135934 4785.673980923822
0.554289 183056.77842741713 4617.851390867959
0.555912 175671.61653198994 4456.336675956719
0.557534 168603.8466958043 4300.876082028236
0.559157 161838.98149406957 4151.226743983641
0.560779 155363.23357550032 4007.1561891733727
0.562402 149163.47995980314 3868.4418647695998
0.564024 143227.228251159 3734.8706879017377
0.565647 137542.58465979394 3606.238617397911
0.567269 132098.2237300845 3482.3502460368804
0.568892 126883.35967962332 3363.018412273692
0.570514 121887.71925926514 3248.0638304571303
0.572136 117101.51604944404 3137.3147386094233
0.573759 112515.4261129862 3030.6065628876895
0.575381 108120.56492928798 2927.781597893189
0.577004 103908.46553907618 2828.688702038175
0.578626 99871.05783306967 2733.183007221683
0.580249 96000.64892170644 2641.125642104894
0.581871 92289.90452670632 2552.3834683134155
0.583494 88731.83133864743 2466.8288289292063
0.585116 85319.76028791872 2384.339308667599
0.586739 82047.33067942256 2304.797505166489
0.588361 78908.47514421408 2228.0908108440335
0.589984 75897.40536393045 2154.111204809409
0.591606 73008.59852635389 2082.7550543375014
0.593228 70236.78447280939 2013.9229254436252
0.594851 67576.93350030282 1947.519402117768
0.596473 65024.2447833936 1883.4529138005944
0.598096 62574.13538275447 1821.6355707045159
0.599718 60222.22980921242 1761.9830066031782
0.601341 57964.35011380789 1704.4142287318723
0.602963 55796.506476041955 1648.851474459325
0.604586 53714.888264025976 1595.2200744083846
0.606208 51715.85554169666 1543.4483217192997
0.607831 49795.93099963129 1493.467347164574
0.609453 47951.79228728767 1445.2109998389842
0.611076 46180.264725705696 1398.6157331619177
0.612698 44478.31438085662 1353.6204959424201
0.61432 42843.041478907195 1310.1666282695742
0.615943 41271.674145680925 1268.1977620025566
0.617565 39761.56245356407 1227.659725645867
0.619188 38310.172760007976 1188.5004534057105
0.62081 36915.08232263701 1150.669898233564
0.622433 35573.9741767749 1114.1199486723376
0.624055 34284.63226196817 1078.8043493296218
0.625678 33044.936784801095 1044.6786248110052
0.6273 31852.859805977998 1011.7000069545353
0.628923 30706.46104028665 979.8273652150926
0.630545 29603.88385866412 949.021140054714
0.632168 28543.35148215781 919.2432792018884
0.63379 27523.163358112197 890.4571766493384
0.635412 26541.691709424493 862.627614266106
0.637035 25597.37824819245 835.7207059056602
0.638657 24688.731045534823 809.703843897404
0.64028 23814.321549793014 784.5456478142762
0.641902 22972.781745731776 760.2159154142322
0.643525 22162.801447739832 736.6855756582494
0.645147 21383.12572039655 713.926643712078
0.64677 20632.552420112846 691.9121778432831
0.648392 19909.929851881832 670.6162381293425
0.650015 19214.15453548109 650.0138468964559
0.651637 18544.169075760896 630.080950812489
0.65326 17898.960131926644 610.794384561053
0.654882 17277.556480985895 592.1318360270776
0.656504 16679.027170776975 574.0718129275214
0.658127 16102.479758228763 556.593610823862
0.659749 15547.05862872367 539.6772824559872
0.661372 15011.943392644387 523.3036083398549
0.662994 14496.347355384096 507.4540685739558
0.664617 13999.51605728654 492.1108158021007
0.666239 13520.725880161452 477.2566492824885
0.667862 13059.282717188575 462.8749900152573
0.669484 12614.520703183915 448.9498568829286
0.671107 12185.80100235235 435.465843760181
0.672729 11772.51065079485 422.4080975513991
0.674352 11374.061451174632 409.76229711630066
0.675974 10989.88891707454 397.51463304573406
0.677596 10619.451264701278 385.65178825144267
0.679219 10262.228449707083 374.16091933521295
0.680841 9917.721247010215 363.0296387043862
0.682464 9585.450371598776 352.24599740215376
0.684086 9264.955638402334 341.79846862249815
0.685709 8955.79515940881 331.6759318809493
0.687331 8657.544576293796 321.8676578136312
0.688954 8369.796326913169 312.3632935782656
0.690576 8092.15894409062 303.15284883197046
0.692199 7824.256385207781 294.22668226181656
0.693821 7565.727391176331 285.57548864511404
0.695444 7316.224873440732 277.19028641747065
0.697066 7075.415327724788 269.0624057275602
0.698688 6842.978273297642 261.1834769585185
0.700311 6618.60571659282 253.54541969670146
0.701933 6402.00163807049 246.1404321294181
0.703556 6192.881501265477 238.9609808540268
0.705178 5990.971783014491 231.9997910815502
0.706801 5796.009523903299 225.24983721868827
0.708423 5607.74189802045 218.70433381279796
0.710046 5425.925801147414 212.3567268450874
0.711668 5250.327456555655 206.20068535788081
0.713291 5080.722037620705 200.23009340242874
0.714913 4916.893306500104 194.43904229431328
0.716536 4758.633268157648 188.82182316404896
0.718158 4605.741839049627 183.37291979099774
0.719781 4458.026529821045 178.08700170923373
0.721403 4315.302141389882 172.9589175744589
0.723025 4177.39047382666 167.98368878154562
0.724648 4044.120047463732 163.1565033227055
0.72627 3915.325835695125 158.47270987671115
0.727893 3790.8490089527013 153.92781212000423
0.729515 3670.5366893677974 149.5174632508897
0.731138 3554.2417156504166 145.2374607184023
0.73276 3441.8224177392635 141.0837411477648
0.734383 3333.14240079656 137.05237545470976
0.736005 3228.070338140802 133.13956414123467
0.737628 3126.4797727294103 129.3416327656926
0.73925 3028.2489268206637 125.65502758039179
0.740873 2933.260519461351 122.07631133017435
0.742495 2841.401591462301 118.6021592057016
0.744117 2752.563337539456 115.22935494543397
0.74574 2666.6409453126544 111.95478708054577
0.747362 2583.5334408679655 108.77544531723794
0.748985 2503.1435406028613 105.68841705114889
0.750607 2425.377509085898 102.69088400876822
0.75223 2350.145022674756 99.78011901097987
0.753852 2277.3590386477017 96.95348285403759
0.755475 2206.9356696146397 94.20842130348672
0.757097 2138.7940629841805 91.54246219670831
0.75872 2072.8562852731684 88.95321264995377
0.760342 2009.0472110544213 86.43835636588581
0.761965 1947.2944163476052 83.99565103781337
0.763587 1887.5280762666375 81.62292584695837
0.765209 1829.6808667453372 79.31807904923352
0.766832 1773.6878701707194 77.07907564815619
0.768454 1719.4864847609133 74.90394515065177
0.770077 1667.0163375318084 72.79077940263589
0.771699 1616.2192007032172 70.73773050137957
0.773322 1567.0389114019792 68.74300878178687
0.774944 1519.4212945255083 66.80488087382093
0.776567 1473.3140886353067 64.92166782843128
0.778189 1428.666874755487 63.091743309430214
0.779812 1385.4310079568568 61.31353184887121
0.781434 1343.559551612178 59.58550716357821
0.783057 1303.00721421321 57.90619053056328
0.784679 1263.730288644742 56.274149219160925
0.786301 1225.686593815382 54.68799497778828
0.787924 1188.8354185491592 53.14638257332781
0.789546 1153.1374676459975 51.64800838119744
0.791169 1118.5548100231429 50.19160902425723
0.792791 1085.050828853275 48.775960058765094
0.794414 1052.590173618675 47.399874705668786
0.796036 1021.1387140041543 46.062202625582344
0.797659 990.6634955547931 44.76182873586293
0.799281 961.1326970275811 43.49767206825915
0.800904 932.5155893691101 42.26868466566702
0.802526 904.7824962542285 41.073850516578325
0.804149 877.9047561233655 39.91218452586498
0.805771 851.8546856588171 38.78273152059304
0.807393 826.6055446427468 37.68456528960805
0.809016 802.1315021420813 36.61678765568305
0.810638 778.407603967723 35.57852757906336
0.812261 755.409741357726 34.56894029129098
0.813883 733.1146208361033 33.58720645822657
0.815506 711.4997352009941 32.63253137123404
0.817128 690.543335597782 31.704144165526735
0.818751 670.2244046346169 30.80129706471519
0.820373 650.5226304995086 29.923264650628894
0.821996 631.4183820398513 29.06934315752152
0.823618 612.8926847668562 28.23884978980081
0.825241 594.9271977488585 27.43112206245665
0.826863 577.5041913589774 26.64551716339125
0.828485 560.6065258439818 25.881411336884355
0.830108 544.217630682588 25.13819928745588
0.83173 528.3214847026693 24.41529360341352
0.833353 512.9025969281231 23.712124199400886
0.834975 497.9459881273024 23.02813777728599
0.836598 483.4371730360696 22.362797304753556
0.83822 469.36214322958705 21.71558151098928
0.839843 455.7073506180183 21.085984398863907
0.841465 442.4596915423187 20.47351477305052
0.843088 429.6064914472067 19.877695783524025
0.84471 417.13549010936845 19.298064483916484
0.846333 405.0348273997866 18.734171404217065
0.847955 393.2930295599529 18.185580137327303
0.849577 381.89899597249934 17.651866938996776
0.8512 370.841986407577 17.132620340683623
0.852822 360.11160872703397 16.62744077489971
0.854445 349.69780702917285 16.135940212616518
0.856067 339.5908502175152 15.65774181232213
0.85769 329.78132097768173 15.192479580334805
0.859312 320.2601051471125 14.739798041993911
0.860935 311.0183814629352 14.299351923359477
0.862557 302.0476116738876 13.870805843067835
0.86418 293.33953100273084 13.45383401400155
0.865802 284.8861389461354 13.048119954444044
0.867425 276.6796903995121 12.653356208402041
0.869047 268.71268709475834 12.26924407478819
0.870669 260.9778693393503 11.895493345169365
0.872292 253.46820804566894 11.53182204979445
0.873914 246.17689703985613 11.17795621162659
0.875537 239.0973456399362 10.83362960811432
0.877159 232.22317149331036 10.498583540444637
0.878782 225.54819366413076 10.172566610031437
0.880404 219.06642596140637 9.855334501999389
0.882027 212.77207049905584 9.546649775433128
0.883649 206.65951147945947 9.24628166016957
0.885272 200.72330919237015 8.954005859917539
0.886894 194.95819422137023 8.66960436149801
0.888517 189.35906185034557 8.392865250004174
0.890139 183.92096666274463 8.123582529688289
0.891761 178.63911732665025 7.861555950388041
0.893384 173.50887155897092 7.6065908393124495
0.895006 168.52573126229734 7.358497938012739
0.896629 163.68533782822635 7.117093244370487
0.898251 158.9834676011729 6.882197859439804
0.899874 154.4160274969265 6.653637838987123
0.901496 149.97905077042222 6.431244049576687
0.903119 145.6686929273955 6.214852029055369
0.904741 141.4812277747992 6.0043018512951685
0.906364 137.4130436050441 5.799437995056596
0.907986 133.4606395093165 5.600109216841159
0.909609 129.62062181539076 5.406168427604773
0.911231 125.88970064553837 5.217472573209015
0.912853 122.26468659028573 5.033882518491023
0.914476 118.74248749394015 4.855262934836492
0.916098 115.32010534794568 4.681482191144805
0.917721 111.9946332882796 4.512412248078179
0.919343 108.7632526932423 4.347928555491213
0.920966 105.62323037811906 4.187909952939781
0.922588 102.57191588333114 4.032238573172394
0.924211 99.60673885280812 3.8807997485097507
0.925833 96.72520649944184 3.7334819200216725
0.927456 93.92490115458737 3.5901765494134352
0.929078 91.20347789869533 3.45077803353659
0.930701 88.55866227025886 3.315183621441908
0.932323 85.9882480503684 3.183293333895193
0.933945 83.49009512025567 3.0550098852788743
0.935568 81.062127389312 2.930238607804923
0.93719 78.7023307911529 2.808887377967559
0.938813 76.40875134538675 2.690866545165732
0.940435 74.17949328283328 2.5760888624283256
0.942058 72.01271723201559 2.4644694191768712
0.94368 69.90663846483045 2.355925575962833
0.945303 67.85952519937234 2.250376901118438
0.946925 65.8696969579638 2.1477451092621775
0.948548 63.93552297850999 2.0479540016017506
0.95017 62.05542067736677 1.9509294079794746
0.951793 60.22785416197076 1.8565991306065008
0.953415 58.45133279154598 1.7648928894341207
0.955037 56.724409784261915 1.6757422691124324
0.95666 55.04568086927029 1.5890806674873437
0.958282 53.41378298210977 1.504843245589666
0.959905 51.82739300201605 1.422966879070331
0.961527 50.285226529730515 1.34339011103821
0.96315 48.78603670444554 1.266053106257746
0.964772 47.32861305857654 1.1908976066653167
0.966395 45.91178040909393 1.1178668881644471
0.968017 44.53439778419477 1.0469057186611774
0.96964 43.195357384133686 0.9779603173023741
0.971262 41.89358357507612 0.9109783148805617
0.972885 40.628031914876736 0.8459087153703759
0.974507 39.39768820972132 0.7827018585626577
0.97613 38.20156760061054 0.7213093837632583
0.977752 37.038713678696645 0.6616841945246836
0.979374 35.9081976285214 0.6037804243798739
0.980997 34.80911739823268 0.5475534035480427
0.982619 33.74059689589236 0.492959626583791
0.984242 32.70178521101637 0.43995672094129823
0.985864 31.691855860519684 0.388503416426639
0.987487 30.710006058264085 0.33855951551163965
0.989109 29.755456007437086 0.29008586448399143
0.990732 28.827448215015973 0.24304432540879173
0.992354 27.92524682759513 0.19739774887762795
0.993977 27.048136987880874 0.15310994752195128
0.995599 26.19542421118123 0.11014567026827304
0.997222 25.36643378124145 0.06847057731344197
0.998844 24.56051016479665 0.028051215798805096
1.00047 23.777016444236086 -0.011145003837165657
1.00209 23.015333767792733 -0.049149830847670994
1.00371 22.274860816692964 -0.08599419652695595
1.00533 21.555013288718296 -0.12170823593897762
1.00696 20.855223397651624 -0.15632130904342656
1.00858 20.174939388096895 -0.18986202123657536
1.0102 19.513625065178687 -0.22235824332400567
1.01182 18.870759338645048 -0.2538371309416334
1.01345 18.24583578091162 -0.28432514344104165
1.01507 17.63836219860321 -0.313848062254547
1.01669 17.047860217160142 -0.3424310087551006
1.01831 16.473864878094332 -0.37009846162549476
1.01994 15.915924248492196 -0.3968742737510609
1.02156 15.373599042375247 -0.42278168864951127
1.02318 14.846462253542251 -0.4478433564512385
1.0248 14.334098799529293 -0.4720813494429281
1.02643 13.836105176335552 -0.4955171771870086
1.02805 13.352089123575944 -0.5181718012290077
1.02967 12.881669299730165 -0.5400656494046476
1.03129 12.424474967171298 -0.5612186297580175
1.03292 11.980145686666031 -0.5816501440819204
1.03454 11.548331021048922 -0.6013791010911342
1.03616 11.128690247783375 -0.6204239292389753
1.03778 10.720892080130346 -0.6388025891873066
1.03941 10.324614396656752 -0.6565325859397562
1.04103 9.93954397882189 -0.6736309806477023
1.04265 9.565376256390925 -0.6901144020982213
1.04427 9.201815060431244 -0.7059990578929938
1.0459 8.848572383656212 -0.7213007453268294
1.04752 8.50536814788797 -0.7360348619742765
1.04914 8.171929978418563 -0.7502164159925075
1.05076 7.847992985056211 -0.7638600361483983
1.05239 7.533299549649372 -0.7769799815775675
1.05401 7.227599119889132 -0.7895901512828312
1.05563 6.93064800919615 -0.80170409337935
1.05725 6.642209202504841 -0.8133350140935489
1.05888 6.362052167763491 -0.8244957865226303
1.0605 6.089952672974849 -0.83519895916136
1.06212 5.825692608607123 -0.845456764202583
1.06374 5.569059815211463 -0.8552811256177177
1.06536 5.31984791608601 -0.8646836670233555
1.06699 5.077856154833029 -0.8736757193398492
1.06861 4.842889237659603 -0.8822683282476471
1.07023 4.614757180277595 -0.8904722614469482
1.07185 4.3932751592629335 -0.8982980157260887
1.07348 4.178263367738793 -0.9057558238439294
1.0751 3.969546875251724 -0.9128556612313372
1.07672 3.7669554917134747 -0.9196072525167396
1.07834 3.5703236352857295 -0.926020077880561
1.07997 3.379490204088581 -0.9321033792432183
1.08159 3.1942984516175446 -0.937866166291236
1.08321 3.014595865757174 -0.9433172223458854
1.08483 2.840234051283247 -0.9484651100786485
1.08646 2.6710686157487618 -0.9533181770776631
1.08808 2.5069590586520727 -0.9578845612692124
1.0897 2.347768663788847 -0.9621721961981884
1.09132 2.1933643946927184 -0.9661888161713517
1.09295 2.0436167930721725 -0.969941961267101
1.09457 1.898399880154345 -0.9734389822153671
1.09619 1.7575910608490324 -0.9766870451511356
1.09781 1.6210710306489662 -0.9796931362450092
1.09944 1.48872368518516 -0.9824640662141151
1.10106 1.3604360323582358 -0.9850064747165888
1.10268 1.236098106969572 -0.987326834632754
1.1043 1.1156028877781872 -0.9894314562360418
1.10593 0.9988462169115895 -0.991326491256604
1.10755 0.8857267215610831 -0.9930179368404966
1.10917 0.7761457378941834 -0.9945116394072224
1.11079 0.6700072371188032 -0.9958132984083479
1.11242 0.5672177536358186 -0.9969284699898353
1.11404 0.4676863152188764 -0.9978625705606523
1.11566 0.37132437516166433 -0.9986208802701533
1.11728 0.2780457463351832 -0.9992085463966609
1.11891 0.1877665370990123 -0.9996305866495971
1.12053 0.10040508901243998 -0.9998918923874673
1.12215 0.015881916292834208 -0.9999972317539105
1.12377 -0.015997595292624626 -0.9999882110561065
1.1254 -0.03573550333927825 -0.9999410017769415
1.12702 -0.0554140065406607 -0.9998577128339342
1.12864 -0.07503193926564411 -0.9997383502378683
1.13026 -0.09458814286380496 -0.9995829226028847
1.13189 -0.11408146571768754 -0.9993914411458609
1.13351 -0.13351076329459102 -0.9991639196856004
1.13513 -0.1528748981978734 -0.9989003746418363
1.13675 -0.17217274021778786 -0.9986008250340461
1.13838 -0.19140316638180674 -0.9982652924800788
1.14 -0.210565061004486 -0.9978938011945954
1.14162 -0.2296573157368263 -0.9974863779873204
1.14324 -0.24867882961514487 -0.9970430522611082
1.14487 -0.26762850910945296 -0.9965638560098204
1.14649 -0.2865052681713344 -0.9960488238160168
1.14811 -0.3053080282813373 -0.99549799284846
1.14973 -0.3240357184958392 -0.9949114028594328
1.15136 -0.34268727549343414 -0.9942890961818698
1.15298 -0.36126164362080093 -0.9936311177263016
1.1546 -0.3797577749380664 -0.9929375149776143
1.15622 -0.3981746292636577 -0.9922083379916224
1.15785 -0.4165111742186407 -0.9914436393914563
1.15947 -0.43476638527055567 -0.9906434743637644
1.16109 -0.4529392457767117 -0.9898079006547315
1.16271 -0.4710287470269883 -0.9889369785659095
1.16434 -0.4890338882861028 -0.9880307709498675
1.16596 -0.5069536768353587 -0.9870893432056547
1.16758 -0.5247871280138694 -0.9861127632740807
1.1692 -0.5425332652592555 -0.9851011016328133
1.17082 -0.5601911201478117 -0.9840544312912909
1.17245 -0.5777597324341557 -0.9829728277854547
1.17407 -0.5952381500903217 -0.981856369172297
1.17569 -0.6126254293443436 -0.9807051360242278
1.17731 -0.6299206347182917 -0.9795192114232607
1.17894 -0.6471228390657751 -0.9782986809550164
1.18056 -0.664231123608904 -0.9770436327025461
1.18218 -0.681244577974712 -0.9757541572399758
1.1838 -0.6981623002310462 -0.974430347625968
1.18543 -0.7149833969218911 -0.9730722993970078
1.18705 -0.731706983102172 -0.9716801105605066
1.18867 -0.7483321823719996 -0.9702538815877302
1.19029 -0.7648581269103686 -0.9687937154065477
1.19192 -0.7812839575083101 -0.967299717394003
1.19354 -0.7976088236014885 -0.9657719953687104
1.19516 -0.8138318833022493 -0.9642106595830738
1.19678 -0.8299523034311218 -0.9626158227153291
1.19841 -0.8459692595477464 -0.9609875998614135
1.20003 -0.8618819359812686 -0.9593261085266586
1.20165 -0.8776895258601635 -0.9576314686173105
1.20327 -0.8933912311415071 -0.9559038024318768
1.2049 -0.9089862626396855 -0.9541432346522998
1.20652 -0.9244738400545458 -0.952349892334959
1.20814 -0.9398531919989903 -0.9505239049015015
1.20976 -0.9551235560259943 -0.9486654041295023
1.21139 -0.9702841786550754 -0.9467745241429537
1.21301 -0.9853343153981937 -0.9448514014025862
1.21463 -1.000273230785083 -0.94289617469602
1.21625 -1.0151001983880221 -0.9409089851277499
1.21788 -1.0298145008460327 -0.9388899761089613
1.2195 -1.0444154298885213 -0.9368392933471799
1.22112 -1.0589022863583326 -0.934757084835758
1.22274 -1.073274380234255 -0.9326435008431933
1.22437 -1.087531030652943 -0.9304986939022838
1.22599 -1.1016715659302756 -0.9283228187991206
1.22761 -1.115695323582137 -0.9261160325619172
1.22923 -1.1296016503446349 -0.9238784944496767
1.23086 -1.1433899021937342 -0.9216103659406991
1.23248 -1.157059444364336 -0.9193118107209265
1.2341 -1.170609651368759 -0.916982994672132
1.23572 -1.184039907014668 -0.914624085859947
1.23735 -1.1973496044224194 -0.9122352545217329
1.23897 -1.2105381460418319 -0.9098166730542954
1.24059 -1.223604943668385 -0.9073685160014424
1.24221 -1.236549418458838 -0.904890960041389
1.24384 -1.2493710009462844 -0.9023841839740043
1.24546 -1.2620691310546115 -0.8998483687079111
1.24708 -1.2746432581124025 -0.8972836972474278
1.2487 -1.2870928408662536 -0.8946903546793626
1.25033 -1.2994173474935151 -0.8920685281596552
1.25195 -1.3116162556144597 -0.889418406899871
1.25357 -1.3236890523038696 -0.8867401821535457
1.25519 -1.3356352341020565 -0.8840340472023824
1.25682 -1.3474543070252885 -0.8813001973423045
1.25844 -1.3591457865756575 -0.8785388298693599
1.26006 -1.3707091977503632 -0.8757501440654836
1.26168 -1.3821440750504197 -0.8729343411841156
1.26331 -1.3934499624887877 -0.8700916244356767
1.26493 -1.4046264135979327 -0.8672221989729036
1.26655 -1.4156729914368036 -0.8643262718760436
1.26817 -1.4265892685972428 -0.8614040521379088
1.2698 -1.4373748272098108 -0.8584557506487954
1.27142 -1.448029258949045 -0.8554815801812632
1.27304 -1.4585521650381414 -0.8524817553747801
1.27466 -1.468943156253062 -0.8494564927202326
1.27628 -1.4792018529260684 -0.8464060105443016
1.27791 -1.4893278849486815 -0.8433305289937071
1.27953 -1.4993208917740755 -0.8402302700193185
1.28115 -1.5091805224188861 -0.83710545736014
1.28277 -1.5189064354644615 -0.8339563165271615
1.2844 -1.528498299057534 -0.8307830747870855
1.28602 -1.5379557909103243 -0.8275859611459238
1.28764 -1.5472785983000774 -0.8243652063324727
1.28926 -1.5564664180680254 -0.8211210427816608
1.29089 -1.5655189566177865 -0.8178537046177748
1.29251 -1.574435929913198 -0.8145634276375626
1.29413 -1.5832170634755738 -0.8112504492932175
1.29575 -1.591862092380407 -0.8079150086752418
1.29738 -1.600370761253502 -0.8045573464951907
1.299 -1.6087428242665442 -0.8011777050683024
1.30062 -1.6169780451321054 -0.7977763282960093
1.30224 -1.625076197098088 -0.7943534616483376
1.30387 -1.633037062941614 -0.7909093521461901
1.30549 -1.6408604349623388 -0.7874442483435218
1.30711 -1.6485461149752247 -0.7839584003094007
1.30873 -1.6560939143027442 -0.7804520596099613
1.31036 -1.6635036537665309 -0.7769254792902496
1.31198 -1.6707751636784758 -0.7733789138559612
1.3136 -1.6779082838312667 -0.7698126192550749
1.31522 -1.6849028634883805 -0.7662268528593793
1.31685 -1.691758761373513 -0.7626218734459022
1.31847 -1.6984758456594709 -0.7589979411782325
1.32009 -1.7050539939565048 -0.7553553175877462
1.32171 -1.7114930933001022 -0.7516942655547314
1.32334 -1.717793040138229 -0.7480150492894174
1.32496 -1.7239537403180285 -0.7443179343129067
1.32658 -1.729975109071974 -0.740603187438014
1.3282 -1.7358570710034886 -0.7368710767500084
1.32983 -1.741599560072011 -0.7331218715872695
1.33145 -1.747202519577534 -0.7293558425218474
1.33307 -1.7526659021446007 -0.7255732613399377
1.33469 -1.7579896697057662 -0.7217744010222661
1.33632 -1.763173793484526 -0.7179595357243883
1.33794 -1.76821825397771 -0.7141289407569057
1.33956 -1.7731230409373515 -0.7102828925655943
1.34118 -1.7778881533520203 -0.7064216687114576
1.34281 -1.7825135994276327 -0.7025455478506935
1.34443 -1.7869993965677378 -0.6986548097145844
1.34605 -1.791345571353278 -0.6947497350893104
1.34767 -1.7955521595218293 -0.6908306057956846
1.3493 -1.7996192059463214 -0.6868977046688163
1.35092 -1.8035467646132421 -0.6829513155376963
1.35254 -1.8073348986003221 -0.6789917232047171
1.35416 -1.8109836800537114 -0.6750192134251178
1.35579 -1.8144931901646397 -0.6710340728863611
1.35741 -1.8178635191455719 -0.6670365891874449
1.35903 -1.8210947662058492 -0.663027050818146
1.36065 -1.8241870395268334 -0.6590057471382007
1.36228 -1.8271404562365412 -0.6549729683564235
1.3639 -1.829955142383782 -0.6509290055097601
1.36552 -1.8326312329117924 -0.6468741504422875
1.36714 -1.8351688716313783 -0.6428086957841509
1.36877 -1.8375682111935605 -0.6387329349304446
1.37039 -1.8398294130617303 -0.6346471620200389
1.37201 -1.8419526474833106 -0.6305516719143527
1.37363 -1.8439380934609353 -0.6264467601760746
1.37526 -1.845785938723141 -0.6223327230478302
1.37688 -1.8474963796945751 -0.6182098574308066
1.3785 -1.8490696214657245 -0.6140784608633232
1.38012 -1.8505058777621688 -0.60993883149936
1.38175 -1.8518053709133533 -0.60579126808704
1.38337 -1.8529683318208934 -0.6016360699470691
1.38499 -1.8539949999264078 -0.597473536951136
1.38661 -1.8548856231788826 -0.5933039695002685
1.38823 -1.855640458001571 -0.5891276685031568
1.38986 -1.8562597692584302 -0.5849449353544369
1.39148 -1.8567438302200996 -0.580756071912939
1.3931 -1.8570929225294193 -0.576561380479903
1.39472 -1.8573073361664971 -0.5723611637771628
1.39635 -1.8573873694133207 -0.5681557249252991
1.39797 -1.8573333288179228 -0.563945367421764
1.39959 -1.8571455291580963 -0.5597303951189768
1.40121 -1.8568242934046741 -0.5555111122023982
1.40284 -1.8563699526843556 -0.5512878231685768
1.40446 -1.8557828462421075 -0.547060832803173
1.40608 -1.8550633214031211 -0.5428304461589651
1.4077 -1.8542117335343415 -0.5385969685338332
1.40933 -1.8532284460055652 -0.5343607054487274
1.41095 -1.8521138301501134 -0.5301219626256167
1.41257 -1.8508682652250792 -0.5258810459654296
1.41419 -1.8494921383711576 -0.5216382615259745
1.41582 -1.8479858445720534 -0.5173939154998537
1.41744 -1.8463497866134806 -0.5131483141923658
1.41906 -1.8445843750417437 -0.5089017639994007
1.42068 -1.8426900281219154 -0.5046545713853265
1.42231 -1.8406671717956076 -0.5004070428608751
1.42393 -1.8385162396383385 -0.4961594849610177
1.42555 -1.836237672816505 -0.4919122042228474
1.42717 -1.8338319200439521 -0.487665507163455
1.4288 -1.8312994375381566 -0.483419700257808
1.43042 -1.8286406889760163 -0.4791750899166335
1.43204 -1.8258561454492566 -0.4749319824643051
1.43366 -1.82294628541945 -0.4706906841167371
1.43529 -1.819911594672658 -0.46645150095928256
1.43691 -1.8167525662736967 -0.4622147389246474
1.43853 -1.8134697005200293 -0.45798070377081
1.44015 -1.810063504895284 -0.45374970105895573
1.44178 -1.8065344940224122 -0.44952203613142505
1.4434 -1.802883189616478 -0.4452980140896772
1.44502 -1.799110120437091 -0.44107793977227383
1.44664 -1.7952158222404784 -0.43686211773287553
1.44827 -1.7912008377312094 -0.4326508522182667
1.44989 -1.7870657165135657 -0.42844444714639673
1.45151 -1.7828110150425662 -0.42424320608444765
1.45313 -1.7784372965746504 -0.42004743222692575
1.45476 -1.7739451311180197 -0.4158574283737809
1.45638 -1.7693350953826474 -0.4116734969085545
1.458 -1.7646077727299514 -0.40749593977655707
1.45962 -1.7597637531221375 -0.40332505846307587
1.46125 -1.754803633071225 -0.3991611539716198
1.46287 -1.7497280155877426 -0.395004526802196
1.46449 -1.7445375101291072 -0.39085547692962197
1.46611 -1.7392327325476915 -0.38671430378187854
1.46774 -1.733814305038579 -0.3825813062185006
1.46936 -1.728282856087011 -0.3784567825090086
1.47098 -1.7226390204155275 -0.3743410303113819
1.4726 -1.7168834389308145 -0.3702343466505805
1.47423 -1.7110167586702494 -0.3661370278971072
1.47585 -1.7050396327481543 -0.3620493697456194
1.47747 -1.6989527203017616 -0.3579716671935895
1.47909 -1.692756686436895 -0.3539042145200165
1.48072 -1.6864522021733668 -0.3498473052641875
1.48234 -1.6800399443900953 -0.3458012322044929
1.48396 -1.673520595769956 -0.34176628733729886
1.48558 -1.666894844744355 -0.33774276185587493
1.48721 -1.6601633854375368 -0.3337309461293766
1.48883 -1.653326917610632 -0.32973112968189255
1.49045 -1.6463861466054446 -0.3257436011715491
1.49207 -1.6393417832879822 -0.3217686483696788
1.49369 -1.6321945439917411 -0.31780655814005265
1.49532 -1.6249451504607317 -0.3138576164181762
1.49694 -1.6175943297922761 -0.30992210819065724
1.49856 -1.6101428143795538 -0.30600031747463663
1.50018 -1.6025913418539142 -0.3020925272972914
1.50181 -1.5949406550269603 -0.2981990196754112
1.50343 -1.5871915018324005 -0.29432007559504325
1.50505 -1.57934463526768 -0.29045597499121645
1.50667 -1.571400813335383 -0.2866069967277365
1.5083 -1.5633607989844336 -0.2827734185770636
1.50992 -1.5552253600510684 -0.2789555172002651
1.51154 -1.5469952691996103 -0.2751535681270487
1.51316 -1.5386713038630355 -0.2713678457358796
1.51479 -1.530254246183336 -0.26759862323417716
1.51641 -1.5217448829516915 -0.263846172638601
1.51803 -1.5131440055484409 -0.26011076475541617
1.51965 -1.5044524098828749 -0.25639266916095393
1.52128 -1.4956708963328351 -0.25269215418215407
1.5229 -1.4868002696841356 -0.24900948687720148
1.52452 -1.4778413390698086 -0.24534493301625315
1.52614 -1.4687949179091735 -0.24169875706225752
1.52777 -1.459661823846744 -0.2380712221518686
1.52939 -1.4504428786909647 -0.23446259007645864
1.53101 -1.4411389083527832 -0.23087312126322013
1.53263 -1.4317507427840788 -0.22730307475637623
1.53426 -1.4222792159159259 -0.22375270819848314
1.53588 -1.4127251655967148 -0.22022227781183856
1.5375 -1.403089433530123 -0.21671203837998898
1.53912 -1.3933728652129544 -0.21322224322934347
1.54075 -1.3835763098728324 -0.20975314421089175
1.54237 -1.3737006204057638 -0.2063049916820272
1.54399 -1.3637466533135814 -0.2028780344884813
1.54561 -1.353715268641251 -0.1994725199463636
1.54724 -1.3436073299140638 -0.1960886938243135
1.54886 -1.3334237040747148 -0.1927268003257645
1.55048 -1.323165261420262 -0.18938708207131927
1.5521 -1.3128328755389864 -0.18606978008124142
1.55373 -1.3024274232471413 -0.1827751337580612
1.55535 -1.2919497845256003 -0.17950338086929718
1.55697 -1.2814008424564198 -0.1762547575302993
1.55859 -1.2707814831592992 -0.1730294981872076
1.56022 -1.2600925957279576 -0.16982783560003245
1.56184 -1.2493350721664254 -0.1666500008258578
1.56346 -1.2385098073252605 -0.1634962232021655
1.56508 -1.2276176988376846 -0.1603667303302847
1.56671 -1.2166596470556446 -0.15726174805896598
1.56833 -1.205636554985823 -0.1541815004680831
1.56995 -1.194549328225566 -0.15112620985246172
1.57157 -1.183398874898761 -0.148096096705836
1.5732 -1.1721861055916611 -0.14509137970493624
1.57482 -1.160911933288657 -0.1421122756937081
1.57644 -1.1495772733079992 -0.1391589996676632
1.57806 -1.1381830432374769 -0.13623176475836207
1.57969 -1.1267301628700706 -0.13333078221803496
1.58131 -1.1152195541395504 -0.1304562614043352
1.58293 -1.1036521410560607 -0.12760840976523036
1.58455 -1.09202884964167 -0.12478743282403071
1.58618 -1.0803506078658969 -0.12199353416455827
1.5878 -1.068618345581227 -0.11922691541645347
1.58942 -1.0568329944586063 -0.11648777624062467
1.59104 -1.0449954879229242 -0.11377631431483759
1.59267 -1.033106761088502 -0.11109272531945225
1.59429 -1.0211677506945676 -0.10843720292329828
1.59591 -1.0091793950407324 -0.10580993876969957
1.59753 -0.9971426339224838 -0.10321112246264397
1.59915 -0.9850584085666788 -0.100640941553099
1.60078 -0.9729276615670548 -0.09809958152547815
1.6024 -0.9607513368197546 -0.09558722578425294
1.60402 -0.9485303794588865 -0.09310405564071877
1.60564 -0.9362657357920932 -0.09065025029990947
1.60727 -0.9239583532361627 -0.0882259868476638
1.60889 -0.91160918025267 -0.08583144023784706
1.61051 -0.8992191662836533 -0.08346678327972334
1.61213 -0.8867892616873416 -0.0811321866254856
1.61376 -0.8743204176739133 -0.07882781875793854
1.61538 -0.8618135862413269 -0.07655384597834147
1.617 -0.8492697201111815 -0.07431043239440582
1.61862 -0.8366897726646553 -0.07209773990845103
1.62025 -0.8240746978784912 -0.06991592820572157
1.62187 -0.8114254502610596 -0.0677651547428626
1.62349 -0.7987429847884855 -0.06564557473655586
1.62511 -0.7860282568408489 -0.06355734115231959
1.62674 -0.7732822221384607 -0.06150060469346719
1.62836 -0.7605058366782343 -0.05947551379023297
1.62998 -0.7477000566701217 -0.05748221458905989
1.6316 -0.7348658384736555 -0.0555208509420525
1.63323 -0.7220041385345759 -0.053591564396594515
1.63485 -0.709115913321556 -0.051694494185135165
1.63647 -0.6962021192630343 -0.04982977721514037
1.63809 -0.6832637126841373 -0.04799754805921164
1.63972 -0.6703016497437322 -0.046197938945375494
1.64134 -0.6573168863715715 -0.04443107974754046
1.64296 -0.6443103782055681 -0.04269709797612409
1.64458 -0.6312830805291809 -0.04099611876885123
1.64621 -0.6182359482089326 -0.03932826488172214
1.64783 -0.6051699356320489 -0.03769365668015534
1.64945 -0.5920859966442328 -0.036092412130299234
1.65107 -0.578985084487567 -0.03452464679051892
1.6527 -0.5658681517385723 -0.03299047380305775
1.65432 -0.5527361502463887 -0.031490003885871864
1.65594 -0.5395900310711121 -0.030023345324638573
1.65756 -0.5264307444222854 -0.028590603964943284
1.65919 -0.5132592395975322 -0.02719188320463961
1.66081 -0.5000764649213616 -0.02582728398638845
1.66243 -0.4868833676841161 -0.02449690479037181
1.66405 -0.4736808940811079 -0.023200841627187163
1.66568 -0.46046998915189996 -0.021939188030917767
1.6673 -0.4472515967197768 -0.020712035052382394
1.66892 -0.4340266593313775 -0.019519471252565035
1.67054 -0.42079611819651963 -0.0183615826962229
1.67217 -0.4075609131281995 -0.01723845294567594
1.67379 -0.39432198248277245 -0.01615016305477579
1.67541 -0.3810802631003403 -0.015096791563056655
1.67703 -0.3678366902453172 -0.014078414490067193
1.67866 -0.35459219754719734 -0.013095105329884671
1.68028 -0.3413477169415214 -0.012146935045809881
1.6819 -0.32810417861105184 -0.0112339720652479
1.68352 -0.31486251092714723 -0.01035628227476737
1.68515 -0.3016236403913583 -0.009513929015348088
1.68677 -0.288388491577221 -0.008706973077807323
1.68839 -0.2751579870722913 -0.007935472698415325
1.69001 -0.2619330474203766 -0.007199483554690023
1.69164 -0.24871459106400828 -0.006499058761380905
1.69326 -0.2355035342871342 -0.005834248866634528
1.69488 -0.22230079115804127 -0.0052051018483472156
1.6965 -0.2091072734725213 -0.00461166311070238
1.69813 -0.19592389069725796 -0.004053975480893701
1.69975 -0.18275154991347445 -0.0035320792060344885
1.70137 -0.16959115576081177 -0.0030460119502535576
1.70299 -0.15644361038145801 -0.002595808791976406
1.70461 -0.14330981336452603 -0.002181502221393794
1.70624 -0.13019066169069224 -0.0018031221381173967
1.70786 -0.11708704967708355 -0.0014606958490219757
1.70948 -0.10399986892242497 -0.0011542480662740662
1.7111 -0.09093000825246293 -0.0008838009055492924
1.71273 -0.0778783536656391 -0.0006493738844358665
1.71435 -0.06484578827903943 -0.0004509839210263822
1.71597 -0.05183319227462061 -0.0002886453326966798
1.71759 -0.03884144284570617 -0.00016236983507234015
1.71922 -0.02587141414376095 -0.00007216654118380461
1.72084 -0.012923977225455643 -0.000018041960808234947
1.72246 4.88847716424496e-16 0.
