#1001 0.1 1.92246
0.1 4.799997599999998e15 3.999996e12
0.101822 3.7276118144532085e15 3.2205969660098037e12
0.103645 2.9078261553878605e15 2.603052929967547e12
0.105467 2.2781713161070155e15 2.1117436655684346e12
0.10729 1.792338670472272e15 1.7193162160190403e12
0.109112 1.4158210139096992e15 1.4046697953496995e12
0.110935 1.1227759077982665e15 1.1514546204804026e12
0.112757 8.937560181091672e14 9.469479693524983e11
0.11458 7.140578637937792e14 7.812085776022455e11
0.116402 5.725141547950186e14 6.464374513525363e11
0.118225 4.606060571432463e14 5.364925097295016e11
0.120047 3.7180741573544656e14 4.4651841203188086e11
0.12187 3.010980141411517e14 3.726630294510794e11
0.123692 2.4460062877674688e14 3.118593830969767e11
0.125514 1.993091791705344e14 2.616572601158384e11
0.127337 1.6288422476472262e14 2.2009268502482724e11
0.129159 1.3349847520940977e14 1.8558635421863428e11
0.130982 1.0971960486648648e14 1.568643176210115e11
0.132804 9.042101025763e13 1.3289581414945808e11
0.134627 7.471358483466775e13 1.1284438289408652e11
0.136449 6.1893365434120125e13 9.60292857654761e10
0.138272 5.140121136420872e13 8.189496734873737e10
0.140094 4.279164029550973e13 6.998680069272057e10
0.141917 3.570865819385409e13 5.993176568763658e10
0.143739 2.9866950563891855e13 5.142301057012765e10
0.145562 2.5037197810165664e13 4.420748000129624e10
0.147384 2.1034573835313918e13 3.8075972295081924e10
0.149206 1.7709709808652957e13 3.285512661787986e10
0.151029 1.4941573197711166e13 2.840094802349808e10
0.152851 1.2631839519559125e13 2.4593561340825317e10
0.154674 1.0700431070484607e13 2.1332949730881382e10
0.156496 9.081970715227611e12 1.85354843820886e10
0.158319 7.722955301821757e12 1.613109152534302e10
0.160141 6.5794966266317e12 1.4060934177758049e10
0.161964 5.615511261743858e12 1.22755106492275e10
0.163786 4.801266345599002e12 1.0733091319314068e10
0.165609 4.11220841700029e12 9.398430633322296e9
0.167431 3.5280178965770894e12 8.241703543279137e9
0.169254 3.0318439165719707e12 7.237625405890035e9
0.171076 2.609683652497392e12 6.364722170487492e9
0.172898 2.2498777169895537e12 5.604723955829911e9
0.174721 1.942698995446927e12 4.94206014679464e9
0.176543 1.6800168870374202e12 4.363438193064619e9
0.178366 1.4550225348745571e12 3.857491560734788e9
0.180188 1.262003495418521e12 3.4144849314267673e9
0.182011 1.0961585720573114e12 3.026066886339955e9
0.183833 9.534453477227471e11 2.685062053363141e9
0.185656 8.304543947398816e11 2.3852961124228277e9
0.187478 7.243052937942793e11 2.1214482102490323e9
0.189301 6.32560518147208e11 1.8889262807266266e9
0.191123 5.531539813067878e11 1.6837615410456045e9
0.192946 4.8433164347429877e11 1.5025190691431608e9
0.194768 4.2460205357277905e11 1.3422218903300307e9
0.19659 3.72695092730569e11 1.2002864313870199e9
0.198413 3.275275001205028e11 1.0744675556693928e9
0.200235 2.8817401764807886e11 9.628116865216846e8
0.202058 2.5384319776172974e11 8.636167696611296e8
0.20388 2.2385708789645114e11 7.753980271388978e8
0.205703 1.97634143169666e11 6.968586233688459e8
0.207525 1.7467483186179706e11 6.268645035077764e8
0.209348 1.5454949069861185e11 5.644227810719296e8
0.21117 1.3688806284034297e11 5.0866314908840984e8
0.212993 1.2137141386217223e11 4.5882187059555185e8
0.214815 1.0772397237535904e11 4.142279726248114e8
0.216638 9.570748430520949e10 3.7429132514416844e8
0.21846 8.511570484586562e10 3.384923346539144e8
0.220282 7.576988107986032e10 3.063730227166778e8
0.222105 6.751490226204559e10 2.7752929392894673e8
0.223927 6.021601470253018e10 2.516042267412558e8
0.22575 5.375601475964947e10 2.2828224497194362e8
0.227572 4.803284725877439e10 2.072840485527049e8
0.229395 4.2957548166760765e10 1.8836219959095532e8
0.231217 3.8452479969451164e10 1.7129727473280764e8
0.23304 3.444981624496225e10 1.5589450747762904e8
0.234862 3.0890238665248837e10 1.4198085487912e8
0.236685 2.7721815312484818e10 1.2940243226036073e8
0.238507 2.4899033946648544e10 1.180222674161331e8
0.24033 2.238196785642309e10 1.0771833248062968e8
0.242152 2.0135555291387337e10 9.838181737544248e7
0.243975 1.812897631253616e10 8.991561366710575e7
0.245797 1.6335113296017202e10 8.223298187841469e7
0.247619 1.4730083352781263e10 7.52563789169883e7
0.249442 1.3292832643898851e10 6.891642539590296e7
0.251264 1.2004784027033182e10 6.3150995298967674e7
0.253087 1.0849530705272917e10 5.790441275039225e7
0.254909 9.812569599741343e9 5.312674263865212e7
0.256732 8.881069061027008e9 4.877316356275811e7
0.258554 8.043666295766876e9 4.4803413054553725e7
0.260377 7.290290534007712e9 4.118129631603704e7
0.262199 6.612008517384307e9 3.787425082412714e7
0.264022 6.000889362082517e9 3.4852960120769404e7
0.265844 5.449886256135529e9 3.2091010944292493e7
0.267667 4.952732798071016e9 2.9564588586052716e7
0.269489 4.50385208193161e9 2.725220598965573e7
0.271311 4.098276889547295e9 2.513446266132723e7
0.273134 3.731579570836593e9 2.319382994038653e7
0.274956 3.39981038210334e9 2.1414459597761765e7
0.276779 3.0994432152334876e9 1.9782013096275575e7
0.278601 2.827327791164429e9 1.8283509166056193e7
0.280424 2.5806475122181845e9 1.690718762798063e7
0.282246 2.356882272599362e9 1.5642387642771326e7
0.284069 2.1537756168954697e9 1.4479438777777057e7
0.285891 1.9693057147739918e9 1.340956347148883e7
0.287714 1.8016596879503272e9 1.2424789640861863e7
0.289536 1.6492108843587263e9 1.1517872321470467e7
0.291359 1.5104987455409727e9 1.0682223357961575e7
0.293181 1.3842109576417458e9 9.9118482744017e6
0.295003 1.269167614981435e9 9.201289552853432e6
0.296826 1.1643071587518785e9 8.545575635537036e6
0.298648 1.0686738826238788e9 7.940175042684935e6
0.300471 9.814068225477557e8 7.380955065944157e6
0.302293 9.017298702700646e8 6.864144557029688e6
0.304116 8.289429695114276e8 6.386300384238509e6
0.305938 7.624142707240236e8 5.944277176242973e6
0.307761 7.01573135193405e8 5.535200014025335e6
0.309583 6.459038922451272e8 5.1564397685348485e6
0.311406 5.949402647019426e8 4.805590814207922e6
0.313228 5.482603877194908e8 4.480450877381413e6
0.315051 5.0548235488727593e8 4.1790028042817516e6
0.316873 4.662602331731538e8 3.8993980560667943e6
0.318695 4.302804950487032e8 3.6399417586652376e6
0.320518 3.9725882207735896e8 3.3990791531932265e6
0.32234 3.6693723947900605e8 3.1753833087858115e6
0.324163 3.390815457927328e8 2.967543973988151e6
0.325985 3.134790058210409e8 2.774357455608265e6
0.327808 2.8993627862126565e8 2.5947174253138495e6
0.32963 2.6827755547213027e8 2.427606564416132e6
0.331453 2.483428855364791e8 2.2720889663601182e6
0.333275 2.299866694101069e8 2.1273032245540037e6
0.335098 2.1307630293036968e8 1.9924561404273557e6
0.33692 1.9749095555115905e8 1.8668169931026984e6
0.338743 1.831204693028294e8 1.749712317881646e6
0.340565 1.6986436587303883e8 1.6405211459588842e6
0.342387 1.5763095069019052e8 1.5386706624506868e6
0.34421 1.463365040854827e8 1.4436322440172944e6
0.346032 1.3590455067015865e8 1.3549178411223944e6
0.347855 1.262651990070117e8 1.2720766733534522e6
0.349677 1.1735454449319082e8 1.1946922092648798e6
0.3515 1.0911412911695687e8 1.1223794049381737e6
0.353322 1.0149045241481273e8 1.0547821779112206e6
0.355145 9.443452854674368e7 991571.0953419164
0.356967 8.790148493437146e7 932441.2572644312
0.35879 8.185019837691367e7 877110.357592822
0.360612 7.624296497935462e7 825316.9071464473
0.362435 7.10452006018381e7 776818.6044329528
0.364257 6.622516887398512e7 731390.8412436887
0.366079 6.175373411704467e7 688825.3313077069
0.367902 5.760413678442785e7 648928.8513270157
0.369724 5.375178927069374e7 611522.0846888361
0.371547 5.0174090153561875e7 576438.5590309852
0.373369 4.685025512570173e7 543523.6696330698
0.375192 4.376116304533773e7 512633.78132745076
0.377014 4.088921568923953e7 483635.4022773439
0.378837 3.821820993034835e7 456404.4235615327
0.380659 3.5733221186814584e7 430825.41904216126
0.382482 3.342049710108946e7 406791.0004791399
0.384304 3.1267360508267812e7 384201.2232967856
0.386127 2.9262120843306024e7 362963.03880976455
0.387949 2.739399321810414e7 342989.78908008884
0.389771 2.565302447268658e7 324200.7409083359
0.391594 2.4030025570685513e7 306520.65576367744
0.393416 2.2516509768780358e7 289879.39273143525
0.395239 2.110463604333788e7 274211.5418064001
0.397061 1.9787157305843744e7 259456.08508733488
0.398884 1.855737298234019e7 245556.08363501835
0.400706 1.740908557147312e7 232458.38794476193
0.402529 1.6336560831330871e7 220113.37015626195
0.404351 1.5334491277409934e7 208474.6762804514
0.406174 1.4397962703113683e7 197498.99686610373
0.407996 1.3522423460485741e7 187145.85465954384
0.409819 1.2703656262676235e7 177377.40793009408
0.411641 1.1937752291184029e7 168158.26824285678
0.413463 1.1221087410432419e7 159455.33156002066
0.415286 1.0550300309919262e7 151237.62164293902
0.417108 9.922272410214797e6 143476.14481052826
0.418931 9.334109383619007e6 136143.7551857303
0.420753 8.78312415348489e6 129215.0296315827
0.422576 8.2668212481890395e6 122666.1516423059
0.424398 7.782882396606996e6 116474.80351336754
0.426221 7.32915326183152e6 110620.06616812412
0.428043 6.903631218852555e6 105082.32606782438
0.429866 6.504454090083289e6 99843.18867686403
0.431688 6.129889760044698e6 94885.39799657515
0.433511 5.778326597280323e6 90192.76171881899
0.435333 5.448264617726748e6 85750.08158552641
0.437155 5.13830732936955e6 81543.08857237763
0.438978 4.847154203120666e6 77558.38254423713
0.4408 4.57359371950708e6 73783.37605703024
0.442623 4.316496945004602e6 70206.24200562217
0.444445 4.0748115957208755e6 66815.86484014297
0.446268 3.847556549664487e6 63601.79509426451
0.44809 3.6338167720611515e6 60554.206988316466
0.449913 3.4327386211226108e6 57663.8588879737
0.451735 3.2435255043638092e6 54922.056415687075
0.453558 3.065433858022285e6 52320.6180271784
0.45538 2.8977694243811034e6 49851.84287927629
0.457203 2.739883803852081e6 47508.48082824534
0.459025 2.5911712605565195e6 45283.70440963172
0.460847 2.451065761861611e6 43171.08266159943
0.46267 2.3190382339063813e6 41164.55666384379
0.464492 2.194594016594007e6 39258.416673497486
0.466315 2.0772705028496112e6 37447.28074806546
0.468137 1.9666349481540574e6 35726.07475338462
0.46996 1.8622824374754685e6 34090.013661964076
0.471782 1.7638339977388033e6 32534.584053859428
0.473605 1.6709348449086444e6 31055.5277385244
0.475427 1.5832527556181434e6 29648.826421900856
0.47725 1.5004765540645912e6 28310.687348386098
0.479072 1.4223147056153265e6 27037.52985229979
0.480895 1.3484940092320761e6 25825.97275808213
0.482717 1.2787583814323824e6 24672.822572724428
0.484539 1.212867725068017e6 23575.062417889138
0.486362 1.1505968767163842e6 22529.84165284065
0.488184 1.091734626955631e6 21534.46614270411
0.490007 1.0360828082309898e6 20586.389129720217
0.491829 983455.4454219771 19683.202668083115
0.493652 933677.9645901368 18822.629585657916
0.495474 886586.455728048 18002.515938388307
0.497297 842026.9856443375 17220.823925538396
0.499119 799854.9574088933 16475.62523607817
0.500942 759934.5130493004 15765.094798534728
0.502764 722137.9764355482 15087.50490849977
0.504587 686345.3335170081 14441.219709719842
0.506409 652443.7472850531 13824.690006310886
0.508231 620327.1050279526 13236.448385137692
0.510054 589895.5956230757 12675.10462879538
0.511876 561055.314776191 12139.34140092678
0.513699 533717.8962698237 11627.910186818006
0.515521 507800.1674232882 11139.627473337936
0.517344 483223.8270969196 10673.371153333308
0.519166 459915.14469323773 10228.077140565412
0.520989 437804.6787188714 9802.736182181856
0.522811 416827.0135738539 9396.39085656154
0.524634 396920.5133300141 9008.132745158911
0.526456 378027.0913482076 8637.099767707661
0.528279 360091.99466562347 8282.473670828203
0.530101 343063.6021598652 7943.47766072159
0.531924 326893.2355664067 7619.374171227891
0.533746 311534.98249078565 7309.462759082213
0.535568 296945.5306169204 7013.078118720102
0.537391 283084.0123685771 6729.588209467624
0.539213 269911.85933260404 6458.39248840313
0.541036 257392.6658004174 6198.9202425998665
0.542858 245492.06082858887 5950.629014851827
0.544681 234177.58826061405 5713.003117354278
0.546503 223418.59419015725 5485.552228153693
0.548326 213186.12138158237 5267.810065503699
0.550148 203452.81019654364 5059.333135564233
0.551971 194192.8056060393 4859.6995491621965
0.553793 185381.66989578592 4668.507903594878
0.555616 176996.30069921486 4485.376225703437
0.557438 169014.85401697794 4309.940972673919
0.55926 161416.67190470404 4141.856087238862
0.561083 154182.21453200895 3980.7921041541063
0.562905 147292.99633553217 3826.4353050144496
0.564728 140731.52600718284 3678.4869186487076
0.56655 134481.25007588952 3536.6623645003538
0.568373 128526.49985710224 3400.6905365552957
0.570195 122852.44155913254 3270.313125523855
0.572018 117445.0293492428 3145.2839771204913
0.57384 112290.9611952758 3025.368484412541
0.575663 107377.63731061343 2910.343012329431
0.577485 102693.12104143768 2799.9943525361286
0.579308 98226.1020456911 2694.1192069802064
0.58113 93965.86162285502 2592.523698521016
0.582952 89902.24006272727 2495.022907142211
0.584775 86025.60588983791 2401.4404303363876
0.586597 82326.82688803072 2311.6079663322625
0.58842 78797.24279709875 2225.364918911915
0.590242 75428.63958023932 2142.558022637888
0.592065 72213.2251675017 2063.040987377645
0.593887 69143.60658640014 1986.6741610769318
0.59571 66212.76839645574 1913.3242097933248
0.597532 63414.052349659934 1842.863814057721
0.599355 60741.138203737624 1775.171380684465
0.601177 58188.02561965238 1710.1307692006592
0.603 55749.017079064564 1647.6310321120063
0.604822 53418.701761443015 1587.5661682667192
0.606644 51191.94032426203 1529.8348886203776
0.608467 49063.85053320809 1474.3403937437743
0.610289 47029.793692581756 1420.990162452434
0.612112 45085.361829140355 1369.6957509711283
0.613934 43226.365585484244 1320.3726020792608
0.615757 41448.822781767165 1272.9398637136683
0.617579 39748.94760701793 1227.320216534243
0.619402 38123.1404037082 1183.4397099850655
0.621224 36567.978011399275 1141.2276064092923
0.623047 35080.20463736125 1100.6162328002833
0.624869 33656.72322398785 1061.5408397941865
0.626692 32294.587284639052 1023.9394675306867
0.628514 30990.993181239548 987.7528180288912
0.630336 29743.272818550275 952.924133744376
0.632159 28548.886731522944 919.3990819915027
0.633981 27405.417543542462 887.1256449320147
0.635804 26310.56377467744 856.0540148470266
0.637626 25262.133980287083 826.1364944246372
0.639449 24258.041201489257 797.3274018096515
0.641271 23296.297710077684 769.5829801754062
0.643094 22375.010031494283 742.8613115904075
0.644916 21492.37423041825 717.1222349645268
0.646739 20646.67144443074 692.327267870831
0.648561 19836.263652056805 668.4395320498775
0.650384 19059.589662278315 645.4236824134049
0.652206 18315.161313355486 623.2458393739531
0.654028 17601.559869493885 601.8735243359971
0.655851 16917.43260455078 581.2755981926825
0.657673 16261.489562593504 561.4222026804307
0.659496 15632.500485701832 542.2847044512362
0.661318 15029.29189995441 523.8356417297546
0.663141 14450.74435105212 506.0486734291289
0.664963 13895.7897815151 488.8985306059444
0.666786 13363.409041844963 472.3609701408383
0.668608 12852.629528471847 456.412730537082
0.670431 12362.52294170881 441.0314897349459
0.672253 11892.203157315405 426.1958248448154
0.674076 11440.82420562941 411.88517370698355
0.675898 11007.578352561975 398.07979819066105
0.67772 10591.694277068204 384.76074914916774
0.679543 10192.435340003347 371.9098329524303
0.681365 9809.09793955659 359.50957952189344
0.683188 9441.009948718121 347.5432117966392
0.68501 9087.52923048607 335.9946165631198
0.686833 8748.04222675432 324.8483165842279
0.688655 8421.962617044517 314.08944396663503
0.690478 8108.730043454589 303.7037147083462
0.6923 7807.808898393355 293.6774043712741
0.694123 7518.687171856974 283.9973248263727
0.695945 7240.875355178334 274.65080202141667
0.697768 6973.905398346222 265.6256547239868
0.69959 6717.3297181473 256.91017419451356
0.701412 6470.720254531382 248.49310474644125
0.703235 6233.667572739764 240.36362515266507
0.705057 6005.780008867648 232.51133085936152
0.70688 5786.68285665607 224.92621697022415
0.708702 5576.01759342544 217.59866196588598
0.710525 5373.441143173984 210.51941212502135
0.712347 5178.625174968539 203.67956661521097
0.71417 4991.255434854144 197.0705632231902
0.715992 4811.031109602052 190.68416469555106
0.717815 4637.6642207040395 184.5124456623401
0.719637 4470.879047104283 178.54778011731156
0.72146 4310.411575238757 172.78282942982574
0.723282 4156.008975026741 167.21053086458497
0.725104 4007.4291005293408 161.82408658649732
0.726927 3864.4400140566595 156.61695312904658
0.728749 3726.819532568118 151.58283130555
0.730572 3594.3547952702806 146.7156565436576
0.732394 3466.8418513725687 142.00958962435308
0.734217 3344.0852670149834 137.4590078076059
0.736039 3225.8977504321865 133.05849632763568
0.737862 3112.099794466225 128.80284024155176
0.739684 3002.5193355853844 124.68701661587963
0.741507 2896.991428609473 120.70618703619357
0.743329 2795.3579363824647 116.8556904257638
0.745152 2697.4672336717626 113.13103615976897
0.746974 2603.173924609788 109.52789746223894
0.748796 2512.338573028012 106.0421050734843
0.750619 2424.827445066251 102.66964117632196
0.752441 2340.5122634709287 99.40663356994173
0.754264 2259.269973025337 96.24935008076145
0.756086 2180.982516582772 93.19419320010341
0.757909 2105.5366211996366 90.23769493898185
0.759731 2032.8235938906803 87.37651189072773
0.761554 1962.7391265521683 84.60742049259785
0.763376 1895.1831096212175 81.92731247790807
0.765199 1830.0594540608288 79.33319051060982
0.767021 1767.2759212803512 76.8221639945914
0.768844 1706.7439606202402 74.3914450503272
0.770666 1648.3785540481676 72.03834465182754
0.772488 1592.0980677307575 69.76026891715104
0.774311 1537.824110161614 67.55471554604301
0.776133 1485.481396541812 65.41927039854532
0.777956 1434.997619123756 63.35160420869353
0.779778 1386.303323243355 61.34946942767698
0.781601 1339.3317887786584 59.41069719108347
0.783423 1294.0189167858036 57.53319440508385
0.785246 1250.3031210750437 55.714940946638244
0.787068 1208.1252245010255 53.953986973018075
0.788891 1167.4283597523065 52.24845033614478
0.790713 1128.1578744353308 50.59651409743599
0.792536 1090.2612402578784 48.99642413904269
0.794358 1053.687966126251 47.446486867533714
0.796181 1018.3895149792637 45.94506700625361
0.798003 984.319224190505 44.4905854727472
0.799825 951.4322293782556 43.08151733778984
0.801648 919.6853914700571 41.71638986272001
0.80347 889.0372268760786 40.393780611903075
0.805293 859.4478406323173 39.11231563729686
0.807115 830.8788623811107 37.870667732213555
0.808938 803.2933850626906 36.66755475149783
0.81076 776.6559061973437 35.5017379954583
0.812583 750.9322716433791 34.37202065500174
0.814405 726.0896217213967 33.27724631552581
0.816228 702.0963396004519 32.21629751723036
0.81805 678.9220018465066 31.18809436960433
0.819873 656.5373310381657 30.191593217938767
0.821695 634.9141503590627 29.225785359808068
0.823517 614.0253400804141 28.28969580954433
0.82534 593.8447958512272 27.382382108814028
0.827162 574.3473887174099 26.50293318148414
0.828985 555.5089267946403 25.650468231039262
0.830807 537.306118523242 24.824135678883202
0.83263 519.7165374365975 24.023112141927086
0.834452 502.7185883777202 23.246601447933156
0.836275 486.29147510156537 22.493833687143443
0.838097 470.41516920347397 21.76406429878496
0.83992 455.07038031682885 21.05657319110012
0.841742 440.23852752555973 20.370663893605126
0.843565 425.90171193957065 19.705662740333736
0.845387 412.0426903834847 19.060918082871616
0.847209 398.6448501513186 18.43579953203779
0.849032 385.6921847818081 17.829697227113726
0.850854 373.16927081111794 17.242021131565938
0.852677 361.0612454615962 16.672200354249952
0.854499 349.3537852270509 16.11968249512484
0.856322 338.03308531678204 15.583933014545583
0.858144 327.0858399222689 15.064434625238182
0.859967 316.4992232719911 14.560686706098465
0.861789 306.26087144138904 14.07220473698955
0.863612 296.3588648864042 13.598519753744995
0.865434 286.7817116704326 13.139177822617931
0.867257 277.5183313558249 12.69373953344413
0.869079 268.5580395323423 12.261779510818307
0.870901 259.89053295616037 11.84288594260871
0.872724 251.5058752741675 11.436660125162652
0.874546 243.3944833093972 11.042716024580713
0.876369 235.54711388447058 10.660679853461698
0.878191 227.95485116093565 10.290189662544087
0.880014 220.60909447332276 9.93089494669178
0.881836 213.50154663766364 9.582456264693619
0.883659 206.62420271507688 9.244544872366859
0.885481 199.96933921185718 8.916842368474391
0.887304 193.5295036982991 8.599040352984863
0.889126 187.29750482923868 8.290840097222304
0.890949 181.26640275002362 7.9919522254701825
0.892771 175.42949987231307 7.702096407611039
0.894593 169.78033200476705 7.421001062399279
0.896416 164.3126598243184 7.1484030709795725
0.898238 159.02046067432383 6.884047500278896
0.900061 153.89792067646482 6.627687335914022
0.901883 148.93942714382763 6.37908322426978
0.903706 144.1395612831078 6.138003223417003
0.905528 139.49309117439992 5.90422256255093
0.907351 134.9949650175094 5.677523409644146
0.909173 130.64030463418487 5.457694647017943
0.910996 126.42439921611319 5.244531654549055
0.912818 122.34269930893787 5.037836100237938
0.914641 118.39081102296855 4.837415737875868
0.916463 114.56449046163186 4.643084211557623
0.918285 110.85963835908686 4.454660866796141
0.920108 107.27229491877934 4.271970568004807
0.92193 103.79863484504835 4.094843522121348
0.923753 100.43496256022321 3.923115108156013
0.925575 97.17770759995548 3.756625712454996
0.927398 94.02342017983428 3.5952205694774104
0.92922 90.96876692660736 3.4387496078916895
0.931043 88.0105267676111 3.2870673018047825
0.932865 85.14558697226809 3.140032526943993
0.934688 82.37093933976135 2.9975084216180736
0.93651 79.68367652723316 2.859362252290933
0.938333 77.0809885130847 2.7254652836065754
0.940155 74.56015919017202 2.5956926527108983
0.941977 72.11856308390267 2.469923247720531
0.9438 69.75366219044002 2.348039590195368
0.945622 67.46300293041196 2.2299277214757183
0.947445 65.24421321370811 2.1154770927509405
0.949267 63.09499961112333 2.0045804587305076
0.95109 61.01314462877831 1.8971337747936854
0.952912 58.99650408140543 1.7930360974981552
0.954735 57.0430045607478 1.6921894883322643
0.956557 55.150640995466645 1.5944989206000217
0.95838 53.31747429909474 1.4998721893314633
0.960202 51.54162910271119 1.4082198241153767
0.962025 49.82129156914385 1.3194550047546452
0.963847 48.15470728563169 1.2334934796483061
0.965669 46.54017923199989 1.150253486807756
0.967492 44.97606582151645 1.069655677417745
0.969314 43.460779011709754 0.9916230418562169
0.971137 41.99278248253333 0.9160808380898162
0.972959 40.57058987936568 0.8429565223650082
0.974782 39.192763118431564 0.7721796821175912
0.976604 37.85791075232493 0.7036819710260804
0.978427 36.56468639340296 0.6373970461369485
0.980249 35.311787192908426 0.5732605069924963
0.982072 34.09795237375996 0.5112098366943014
0.983894 32.921961815029256 0.4511843448377677
0.985717 31.782634686200886 0.39312511225532987
0.987539 30.678828129383856 0.33697493750827245
0.989361 29.60943598771389 0.2826782850690517
0.991184 28.57338757825396 0.23018123513811872
0.993006 27.569646507764098 0.1794314350411712
0.994829 26.597209529775146 0.13037805215458942
0.996651 25.655105441459916 0.08297172830875343
0.998474 24.74239401885268 0.03716453562046951
1.0003 23.858164989024427 -0.0070900662923500946
1.00212 23.001537037871536 -0.04983727175914732
1.00394 22.171656852229045 -0.0911209692121564
1.00576 21.36769819506712 -0.13098378009102074
1.00759 20.588861012576285 -0.16946709653747494
1.00941 19.834370571992377 -0.20661111791952402
1.01123 19.103476629055354 -0.24245488622319344
1.01305 18.395452624037297 -0.27703632034865056
1.01488 17.709594905315566 -0.3103922493462359
1.0167 17.045221979504657 -0.3425584446267238
1.01852 16.40167378719795 -0.37356965117898255
1.02034 15.778311003405198 -0.4034596178270564
1.02217 15.174514361806382 -0.43226112655764837
1.02399 14.589684001974737 -0.46000602094789933
1.02581 14.023238838753628 -0.48672523372236
1.02763 13.474615953001745 -0.5124488134670817
1.02946 12.943270002950678 -0.537205950527829
1.03128 12.4286726554464 -0.5610250021184902
1.0331 11.930312036373385 -0.583933516664874
1.03492 11.447692199585742 -0.6059582574083011
1.03675 10.980332613694701 -0.6271252252924948
1.03857 10.52776766608558 -0.6474596811565774
1.04039 10.089546183560351 -0.6669861672561597
1.04221 9.665230969024162 -0.6857285281338075
1.04404 9.254398353655182 -0.7037099308594494
1.04586 8.856637764017812 -0.7209528846606439
1.04768 8.471551303598586 -0.7374792599619013
1.0495 8.098753348263951 -0.7533103068516755
1.05133 7.737870155155783 -0.7684666729950305
1.05315 7.388539484559386 -0.782968421009334
1.05497 7.050410234295114 -0.7968350453198356
1.05679 6.72314208620048 -0.8100854885113855
1.05862 6.406405164286138 -0.8227381571920205
1.06044 6.099879704163313 -0.8348109373836619
1.06226 5.803255733355152 -0.8463212094546366
1.06408 5.516232762118317 -0.8572858626082636
1.0659 5.238519484414395 -0.867721308941301
1.06773 4.96983348868379 -0.8776434970855811
1.06955 4.7099009780868935 -0.8870679254457274
1.07137 4.458456499889659 -0.8960096550454517
1.07319 4.215242683681806 -0.9044833219945017
1.07502 3.980009988127221 -0.9125031495879492
1.07684 3.752516455956773 -0.9200829600491365
1.07866 3.5325274769237853 -0.927236185927226
1.08048 3.3198155584527087 -0.9339758811599523
1.08231 3.1141601037206503 -0.9403147318118288
1.08413 2.915347196920843 -0.9462650664977461
1.08595 2.7231693954659564 -0.9518388665015605
1.08777 2.5374255288975447 -0.957047775598991
1.0896 2.3579205042762084 -0.9619031095938135
1.09142 2.1844651178350047 -0.9664158655760908
1.09324 2.016875872686111 -0.970596730910865
1.09506 1.8549748023782333 -0.9744560919655016
1.09689 1.6985893001090888 -0.9780040425835872
1.09871 1.5475519534045847 -0.9812503923130527
1.10053 1.4017003840821622 -0.9842046743959474
1.10235 1.260877093322797 -0.9868761535270398
1.10418 1.1249293116816668 -0.9892738333882298
1.106 0.9937088538739793 -0.9914064639654867
1.10782 0.867071978177495 -0.9932825486548658
1.10964 0.7448792502990884 -0.9949103511639181
1.11147 0.6269954115581171 -0.9962979022146299
1.11329 0.5132892512438433 -0.9974530060538158
1.11511 0.4036334830097439 -0.9983832467767295
1.11693 0.2979046251717817 -0.9990959944694533
1.11876 0.19598288478247047 -0.9995984111754697
1.12058 0.0977520453568697 -0.9998974566916452
1.1224 0.00309935813095738 -0.9999998941986878
1.12422 -0.012082213867523044 -0.9999880357931443
1.12605 -0.02454129866159811 -0.9999504767445755
1.12787 -0.03695886456832977 -0.999887310507952
1.12969 -0.04933447550476342 -0.9997985403186134
1.13151 -0.06166769829408346 -0.9996841707233199
1.13334 -0.07395810267476534 -0.9995442075800194
1.13516 -0.08620526130963274 -0.9993786580575469
1.13698 -0.09840874979481948 -0.9991875306352578
1.1388 -0.11056814666863535 -0.9989708351025932
1.14063 -0.12268303342033558 -0.9987285825585792
1.14245 -0.13475299449879324 -0.9984607854112576
1.14427 -0.14677761732107364 -0.9981674573770507
1.14609 -0.15875649228091096 -0.997848613480059
1.14792 -0.17068921275708585 -0.997504270051291
1.14974 -0.1825753751217038 -0.9971344447278279
1.15156 -0.19441457874837365 -0.9967391564519188
1.15338 -0.20620642602028574 -0.9963184254700114
1.15521 -0.21795052233818926 -0.995872273331715
1.15703 -0.2296464761282663 -0.9954007228886965
1.15885 -0.2412938988499125 -0.9949037982935096
1.16067 -0.2528924050033989 -0.9943815249983585
1.1625 -0.26444161213744727 -0.9938339297537937
1.16432 -0.2759411408566936 -0.9932610406073421
1.16614 -0.2873906148290496 -0.9926628869020702
1.16796 -0.29878966079296065 -0.9920394992750812
1.16979 -0.31013790856455736 -0.9913909096559462
1.17161 -0.32143499104470363 -0.9907171512650682
1.17343 -0.3326805442259378 -0.9900182586119808
1.17525 -0.3438742071993087 -0.989294267493581
1.17708 -0.3550156221611047 -0.9885452149922946
1.1789 -0.36610443441947593 -0.9877711394741788
1.18072 -0.3771402924009487 -0.9869720805869548
1.18254 -0.38812284765683336 -0.9861480792579791
1.18436 -0.3990517548695234 -0.9852991776921456
1.18619 -0.4099266718586851 -0.9844254193697249
1.18801 -0.4207472595873401 -0.9835268490441373
1.18983 -0.43151318216783746 -0.9826035127396597
1.19165 -0.4422241068677163 -0.9816554577490694
1.19348 -0.45287970411545886 -0.9806827326312205
1.1953 -0.46347964750613224 -0.9796853872085579
1.19712 -0.47402361380692143 -0.9786634725645649
1.19894 -0.48451128296254853 -0.9776170410411467
1.20077 -0.49494233810058286 -0.9765461462359494
1.20259 -0.5053164655366388 -0.9754508429996152
1.20441 -0.5156333547794609 -0.9743311874329726
1.20623 -0.5258926985358966 -0.9731872368841633
1.20806 -0.5360941927157612 -0.9720190499457039
1.20988 -0.546237536436579 -0.9708266864514861
1.2117 -0.5563224320282223 -0.9696102074737114
1.21352 -0.5663485850374319 -0.9683696753197631
1.21535 -0.576315704232224 -0.9671051535290147
1.21717 -0.5862235016061842 -0.965816706869576
1.21899 -0.5960716923826459 -0.9645044013349752
1.22081 -0.605859995018756 -0.9631683041407788
1.22264 -0.6155881312094232 -0.9618084837211496
1.22446 -0.6252558258911545 -0.9604250097253401
1.22628 -0.6348628072457735 -0.9590179530141265
1.2281 -0.6444088067040256 -0.9575873856561787
1.22993 -0.6538935589490654 -0.9561333809243687
1.23175 -0.6633168019198299 -0.9546560132920181
1.23357 -0.6726782768142952 -0.9531553584290833
1.23539 -0.6819777280926156 -0.9516314931982799
1.23722 -0.6912149034801485 -0.9500844956511456
1.23904 -0.7003895539703602 -0.9485144450240428
1.24086 -0.7095014338276172 -0.9469214217340998
1.24268 -0.7185503005898582 -0.945305507375092
1.24451 -0.7275359150711512 -0.943666784713263
1.24633 -0.736458041364131 -0.942005337683085
1.24815 -0.7453164468423207 -0.9403212513829597
1.24997 -0.7541109021623351 -0.9386146120708598
1.2518 -0.7628411812659674 -0.936885507159911
1.25362 -0.7715070613821546 -0.9351340252139144
1.25544 -0.7801083230288288 -0.9333602559428107
1.25726 -0.7886447500146511 -0.9315642901980847
1.25909 -0.7971161294406199 -0.929746219968113
1.26091 -0.8055222517015694 -0.9279061383734512
1.26273 -0.813862910487545 -0.9260441396620651
1.26455 -0.822137902785062 -0.9241603192045031
1.26638 -0.8303470288782441 -0.9222547734890119
1.2682 -0.8384900923498445 -0.9203276001165928
1.27002 -0.8465669000821475 -0.918378897796005
1.27184 -0.854577262257752 -0.9164087663387079
1.27367 -0.862520992360235 -0.9144173066537498
1.27549 -0.8703979071746973 -0.9124046207425984
1.27731 -0.8782078267881885 -0.9103708116939181
1.27913 -0.885950574590016 -0.9083159836782878
1.28096 -0.8936259772719306 -0.906240241942867
1.28278 -0.9012338648281982 -0.9041436928060038
1.2846 -0.9087740705555469 -0.9020264436517904
1.28642 -0.9162464310529992 -0.8998886029245623
1.28825 -0.9236507862215831 -0.8977302801233441
1.29007 -0.9309869792639248 -0.8955515857962408
1.29189 -0.9382548566837203 -0.8933526315347762
1.29371 -0.9454542682850924 -0.891133529968176
1.29554 -0.9525850671718228 -0.8888943947576003
1.29736 -0.9596471097464687 -0.8866353405903216
1.29918 -0.9666402557093612 -0.8843564831738497
1.301 -0.9735643680574808 -0.8820579392300065
1.30282 -0.9804193130832178 -0.8797398264889469
1.30465 -0.98720496037301 -0.8774022636831288
1.30647 -0.9939211828058683 -0.8750453705412311
1.30829 -1.0005678565517726 -0.8726692677820229
1.31011 -1.0071448610699592 -0.8702740771081786
1.31194 -1.0136520791070844 -0.8678599212000453
1.31376 -1.0200893966952707 -0.865426923709359
1.31558 -1.0264567031500336 -0.8629752092529112
1.3174 -1.0327538910680927 -0.8605049034061657
1.31923 -1.0389808563250589 -0.8580161326968276
1.32105 -1.0451374980730113 -0.8555090245983619
1.32287 -1.0512237187379472 -0.8529837075234644
1.32469 -1.0572394240171226 -0.8504403108174848
1.32652 -1.063184522876266 -0.8478789647518017
1.32834 -1.0690589275466842 -0.8452998005171495
1.33016 -1.0748625535222414 -0.8427029502169001
1.33198 -1.0805953195562261 -0.8400885468602952
1.33381 -1.0862571476580996 -0.8374567243556352
1.33563 -1.0918479630901268 -0.8348076175034188
1.33745 -1.097367694363889 -0.8321413619894402
1.33927 -1.1028162732366824 -0.8294580943778381
1.3411 -1.1081936347077976 -0.8267579521041017
1.34292 -1.1134997170146834 -0.8240410734680312
1.34474 -1.118734461628994 -0.821307597626654
1.34656 -1.12389781325252 -0.8185576645870968
1.34839 -1.1289897198130034 -0.8157914151994154
1.35021 -1.1340101324598375 -0.8130089911493801
1.35203 -1.1389590055596495 -0.8102105349512179
1.35385 -1.1438362966917692 -0.8073961899403145
1.35568 -1.1486419666435832 -0.8045661002658704
1.3575 -1.1533759794057703 -0.8017204108835204
1.35932 -1.1580383021674268 -0.7988592675479074
1.36114 -1.1626289053110737 -0.795982816805217
1.36297 -1.1671477624075524 -0.7930912059856718
1.36479 -1.1715948502108047 -0.790184583195986
1.36661 -1.1759701486525382 -0.7872630973117771
1.36843 -1.1802736408367809 -0.7843268979699436
1.37026 -1.1845053130343182 -0.7813761355609983
1.37208 -1.1886651546770222 -0.7784109612213668
1.3739 -1.1927531583520636 -0.7754315268256453
1.37572 -1.1967693197960134 -0.7724379849788228
1.37755 -1.200713637888831 -0.7694304890084636
1.37937 -1.2045861146477423 -0.7664091929568552
1.38119 -1.2083867552210044 -0.7633742515731169
1.38301 -1.2121155678815578 -0.7603258203052752
1.38484 -1.215772564020572 -0.7572640552923002
1.38666 -1.219357758140875 -0.7541891133561098
1.38848 -1.2228711678502757 -0.7511011519935362
1.3903 -1.2263128138547743 -0.7480003293682596
1.39213 -1.2296827199516642 -0.744886804302707
1.39395 -1.2329809130225233 -0.7417607362699176
1.39577 -1.2362074230260973 -0.7386222853853739
1.39759 -1.2393622829910715 -0.7354716123988018
1.39942 -1.242445529008738 -0.7323088786859362
1.40124 -1.245457200225551 -0.7291342462402561
1.40306 -1.2483973388355758 -0.725947877664687
1.40488 -1.2512659900728313 -0.7227499361632719
1.40671 -1.2540632022035227 -0.7195405855328132
1.40853 -1.25678902651817 -0.7163199901544827
1.41035 -1.2594435173236287 -0.7130883149854015
1.41217 -1.2620267319350036 -0.7098457255501923
1.414 -1.264538730667461 -0.7065923879324998
1.41582 -1.266979576827928 -0.7033284687664849
1.41764 -1.2693493367066957 -0.7000541352282894
1.41946 -1.271648079568912 -0.6967695550274741
1.42128 -1.2738758776459707 -0.6934748963984274
1.42311 -1.2760328061267996 -0.6901703280917496
1.42493 -1.2781189431490427 -0.6868560193656097
1.42675 -1.2801343697901413 -0.6835321399770748
1.42857 -1.2820791700583105 -0.6801988601734167
1.4304 -1.2839534308834155 -0.6768563506833908
1.43222 -1.285757242107746 -0.6735047827084923
1.43404 -1.2874906964766866 -0.670144327914187
1.43586 -1.2891538896292916 -0.6667751584211183
1.43769 -1.290746920088754 -0.6633974467962922
1.43951 -1.292269889252778 -0.6600113660442377
1.44133 -1.29372290138385 -0.6566170895981459
1.44315 -1.2951060635994132 -0.6532147913109869
1.44498 -1.2964194858619391 -0.6498046454466048
1.4468 -1.2976632809689062 -0.6463868266707928
1.44862 -1.298837564542676 -0.6429615100423461
1.45044 -1.2999424550202758 -0.6395288710040957
1.45227 -1.3009780736430825 -0.636089085373923
1.45409 -1.3019445444464106 -0.6326423293357524
1.45591 -1.3028419942490033 -0.6291887794305304
1.45773 -1.3036705526424315 -0.625728612547181
1.45956 -1.304430351980394 -0.6222620059135459
1.46138 -1.305121527367926 -0.6187891370873078
1.4632 -1.3057442166505127 -0.615310183946895
1.46502 -1.3062985604031092 -0.6118253246823713
1.46685 -1.3067847019190697 -0.6083347377863088
1.46867 -1.30720278719898 -0.6048386020446458
1.47049 -1.3075529649394035 -0.6013370965275293
1.47231 -1.3078353865215322 -0.5978304005801434
1.47414 -1.3080502059997463 -0.5943186938135231
1.47596 -1.3081975800900874 -0.5908021560953547
1.47778 -1.308277668158639 -0.5872809675407634
1.4796 -1.3082906322098171 -0.5837553085030874
1.48143 -1.3082366368745753 -0.580225359564641
1.48325 -1.3081158493985174 -0.5766913015274644
1.48507 -1.3079284396299267 -0.5731533154040638
1.48689 -1.307674580007706 -0.5696115824081396
1.48872 -1.3073544455492296 -0.5660662839453054
1.49054 -1.3069682138381133 -0.5625176016037958
1.49236 -1.306516065011895 -0.5589657171451656
1.49418 -1.3059981817496324 -0.5554108124949804
1.49601 -1.3054147492594164 -0.5518530697334986
1.49783 -1.3047659552658004 -0.5482926710863448
1.49965 -1.3040519899971457 -0.5447297989151768
1.50147 -1.3032730461728856 -0.541164635708345
1.5033 -1.3024293189907068 -0.5375973640715448
1.50512 -1.3015210061136493 -0.5340281667184648
1.50694 -1.300548307657125 -0.5304572264614275
1.50876 -1.2995114261758574 -0.5268847262020261
1.51059 -1.2984105666507395 -0.5233108489217563
1.51241 -1.2972459364756153 -0.519735777672644
1.51423 -1.29601774544398 -0.5161596955678693
1.51605 -1.2947262057356044 -0.5125827857723882
1.51788 -1.2933715319030796 -0.5090052314935503
1.5197 -1.2919539408582885 -0.5054272159717151
1.52152 -1.2904736518587978 -0.5018489224708671
1.52334 -1.2889308864941769 -0.4982705342692284
1.52517 -1.28732586867224 -0.4946922346498719
1.52699 -1.2856588246052147 -0.49111420689133345
1.52881 -1.2839299827958384 -0.4875366342582237
1.53063 -1.282139574023379 -0.4839596999918425
1.53246 -1.2802878313295851 -0.4803835873007931
1.53428 -1.278374990004565 -0.476808479351598
1.5361 -1.2764012875725905 -0.4732345592593168
1.53792 -1.2743669637778363 -0.4696620100781683
1.53975 -1.272272260570045 -0.4660910147921541
1.54157 -1.2701174220901237 -0.4625217563056858
1.54339 -1.267902694655674 -0.4589544174342173
1.54521 -1.2656283267464512 -0.45538918089488023
1.54703 -1.263294568989759 -0.4518262292971271
1.54886 -1.260901674145775 -0.4482657451333767
1.55068 -1.258449897092811 -0.4447079107696654
1.5525 -1.2559394948125104 -0.4411529084363107
1.55432 -1.253370726374977 -0.4376009202185742
1.55615 -1.2507438529238426 -0.4340521280473356
1.55797 -1.2480591376612695 -0.43050671368977533
1.55979 -1.2453168458328916 -0.4269648587400643
1.56161 -1.2425172447126935 -0.42342674461006236
1.56344 -1.2396606035878266 -0.419892552520026
1.56526 -1.2367471937433663 -0.4163624634893277
1.56708 -1.233777288447008 -0.4128366583271834
1.5689 -1.230751162933705 -0.4093153176233919
1.57073 -1.2276690943902466 -0.4057986217390839
1.57255 -1.2245313619397789 -0.4022867507974859
1.57437 -1.2213382466262677 -0.3987798846746933
1.57619 -1.2180900313989054 -0.39527820299045757
1.57802 -1.2147870010964614 -0.3917818850989856
1.57984 -1.2114294424315786 -0.38829111007975414
1.58166 -1.208017643975013 -0.3848060567283371
1.58348 -1.204551896139822 -0.38132690354724774
1.58531 -1.2010324911654977 -0.3778538287367956
1.58713 -1.1974597231020485 -0.37438701018595943
1.58895 -1.193833887794029 -0.37092662546327615
1.59077 -1.1901552828645197 -0.36747285180774547
1.5926 -1.1864242076990525 -0.3640258661197514
1.59442 -1.1826409634294937 -0.3605858449520024
1.59624 -1.178805852917869 -0.35715296450048806
1.59806 -1.1749191807401498 -0.35372740059545493
1.59989 -1.1709812531699832 -0.3503093286923984
1.60171 -1.1669923781623819 -0.3468989238630791
1.60353 -1.1629528653373642 -0.34349636078655443
1.60535 -1.15886302596355 -0.34010181374023063
1.60718 -1.1547231729417118 -0.3367154565909378
1.609 -1.1505336207882826 -0.33333746278602416
1.61082 -1.1462946856188176 -0.329968005344472
1.61264 -1.142006685131419 -0.32660725684803527
1.61447 -1.1376699385901121 -0.32325538943240106
1.61629 -1.1332847668081865 -0.3199125747783722
1.61811 -1.1288514921314932 -0.3165789841030744
1.61993 -1.1243704384217026 -0.3132547881511857
1.62176 -1.119841931039526 -0.3099401571861917
1.62358 -1.115266296827895 -0.30663526098166494
1.6254 -1.1106438640951068 -0.30334026881256904
1.62722 -1.1059749625979327 -0.3000553494465876
1.62905 -1.1012599235246867 -0.29678067113548157
1.63087 -1.0964990794782645 -0.2935164016064702
1.63269 -1.0916927644591432 -0.2902627080536412
1.63451 -1.086841313848351 -0.287019757129386
1.63634 -1.081945064390401 -0.28378771493586463
1.63816 -1.0770043541761936 -0.2805667470164983
1.63998 -1.0720195226258886 -0.2773570183474897
1.6418 -1.066990910471745 -0.2741586933293738
1.64363 -1.0619188597409306 -0.2709719357785958
1.64545 -1.056803713738304 -0.26779690891912256
1.64727 -1.0516458170291663 -0.2646337753740817
1.64909 -1.0464455154219843 -0.26148269715743
1.65092 -1.04120315595109 -0.25834383566565866
1.65274 -1.0359190868593502 -0.25521735166952475
1.65456 -1.0305936575808123 -0.2521034053058163
1.65638 -1.0252272187233251 -0.24900215606915066
1.65821 -1.0198201220511325 -0.24591376280380606
1.66003 -1.0143727204674506 -0.2428383836955843
1.66185 -1.0088853679970151 -0.23977617626370984
1.66367 -1.0033584197686103 -0.2367272973527601
1.66549 -0.9977922319975758 -0.23369190312463384
1.66732 -0.9921871619682964 -0.23067014905055194
1.66914 -0.9865435680166638 -0.2276621899030935
1.67096 -0.9808618095125302 -0.22466817974826903
1.67278 -0.9751422468421348 -0.22168827193763008
1.67461 -0.9693852413905194 -0.21872261910041302
1.67643 -0.9635911555239227 -0.21577137313572325
1.67825 -0.9577603525721596 -0.21283468520475313
1.68007 -0.9518931968109888 -0.209912705723041
1.6819 -0.9459900534444624 -0.20700558435276706
1.68372 -0.9400512885872607 -0.20411346999508628
1.68554 -0.9340772692470208 -0.20123651078250304
1.68736 -0.9280683633066431 -0.19837485407128375
1.68919 -0.9220249395065965 -0.1955286464339091
1.69101 -0.9159473674272058 -0.19269803365156668
1.69283 -0.9098360174709317 -0.18988316070668398
1.69465 -0.9036912608446424 -0.18708417177550296
1.69648 -0.8975134695418766 -0.18430121022069545
1.6983 -0.8913030163250943 -0.18153441858401853
1.70012 -0.8850602747079308 -0.17878393857901642
1.70194 -0.8787856189374336 -0.17604991108376034
1.70377 -0.8724794239763004 -0.17333247613363234
1.70559 -0.8661420654851109 -0.17063177291415388
1.70741 -0.8597739198045533 -0.16794793975385658
1.70923 -0.8533753639376502 -0.16528111411719637
1.71106 -0.8469467755319812 -0.16263143259751411
1.71288 -0.8404885328618994 -0.1599990309100372
1.7147 -0.8340010148107566 -0.15738404388493055
1.71652 -0.8274846008531189 -0.15478660546038925
1.71835 -0.820939671036987 -0.15220684867577883
1.72017 -0.814366605966019 -0.1496449056648207
1.72199 -0.8077657867817514 -0.14710090764882489
1.72381 -0.8011375951458276 -0.14457498492996868
1.72564 -0.7944824132222269 -0.14206726688462257
1.72746 -0.7878006236594961 -0.13957788195672327
1.72928 -0.7810926095729915 -0.13710695765119607
1.7311 -0.7743587545271234 -0.13465462052742283
1.73293 -0.7675994425176044 -0.1322209961927603
1.73475 -0.7608150579537115 -0.12980620929610642
1.73657 -0.7540059856405495 -0.1274103835215159
1.73839 -0.7471726107613295 -0.12503364158186592
1.74022 -0.7403153188596507 -0.12267610521256911
1.74204 -0.7334344958217963 -0.12033789516533977
1.74386 -0.7265305278590402 -0.11801913120200869
1.74568 -0.7196038014899638 -0.1157199320883896
1.74751 -0.7126547035227834 -0.11344041558819362
1.74933 -0.7056836210376984 -0.11118069845700096
1.75115 -0.6986909413692449 -0.10894089643627858
1.75297 -0.6916770520886663 -0.10672112424745228
1.7548 -0.6846423409863033 -0.10452149558603063
1.75662 -0.6775871960539932 -0.10234212311578239
1.75844 -0.6705120054674922 -0.10018311846296513
1.76026 -0.6634171575689125 -0.09804459221060824
1.76209 -0.6563030408491745 -0.09592665389284805
1.76391 -0.649170043930485 -0.09382941198931893
1.76573 -0.6420185555488298 -0.09175297391959614
1.76755 -0.6348489645364859 -0.08969744603769392
1.76938 -0.6276616598045609 -0.08766293362661792
1.7712 -0.6204570303255464 -0.08564954089297361
1.77302 -0.6132354651159004 -0.08365737096162762
1.77484 -0.60599735321865 -0.08168652587042691
1.77667 -0.5987430836860168 -0.07973710656497113
1.77849 -0.5914730455620699 -0.07780921289344367
1.78031 -0.5841876278654041 -0.07590294360149663
1.78213 -0.5768872195718392 -0.07401839632719298
1.78395 -0.5695722095971543 -0.072155667596006
1.78578 -0.5622429867798421 -0.07031485281587557
1.7876 -0.5548999398638964 -0.06849604627232098
1.78942 -0.5475434574816259 -0.06669934112361142
1.79124 -0.540173928136497 -0.06492482939599509
1.79307 -0.5327917401860109 -0.06317260197898511
1.79489 -0.5253972818246081 -0.0614427486207052
1.79671 -0.5179909410666009 -0.0597353579232911
1.79853 -0.5105731057291504 -0.05805051733835387
1.80036 -0.5031441634152649 -0.05638831316250059
1.80218 -0.49570450149683454 -0.05474883053291357
1.804 -0.48825450709770596 -0.05313215342299005
1.80582 -0.48079456707678403 -0.05153836463804107
1.80765 -0.47332506801117635 -0.04996754581105045
1.80947 -0.4658463961793704 -0.04841977739849357
1.81129 -0.4583589375444466 -0.04689513867621553
1.81311 -0.4508630777373349 -0.045393707735372435
1.81494 -0.44335920204010415 -0.0439155614784299
1.81676 -0.4358476953692912 -0.0424607756152251
1.81858 -0.42832894225927537 -0.04102942465908854
1.8204 -0.420803326845685 -0.03962158192302789
1.82223 -0.41327123284885287 -0.03823731951597287
1.82405 -0.40573304355730894 -0.0368767083390813
1.82587 -0.3981891418113151 -0.035539818082108376
1.82769 -0.39063990998644776 -0.03422671721983672
1.82952 -0.3830857299772193 -0.032937473008569196
1.83134 -0.37552698318074507 -0.03167215148268443
1.83316 -0.3679640504804582 -0.030430817451253755
1.83498 -0.36039731222986754 -0.029213534494722637
1.83681 -0.3528271482363607 -0.028020364961653832
1.83863 -0.3452539377450594 -0.0268513699655335
1.84045 -0.3376780594227155 -0.0257066093816416
1.84227 -0.3300998913416621 -0.024586141843984444
1.8441 -0.3225198109638096 -0.02349002474229267
1.84592 -0.31493819512468746 -0.022418314219079916
1.84774 -0.30735542001754895 -0.021371065166769232
1.84956 -0.2997718611775134 -0.020348331224880223
1.85139 -0.29218789346576474 -0.01935016477728224
1.85321 -0.28460389105380524 -0.018376616949510538
1.85503 -0.2770202274077558 -0.01742773760614913
1.85685 -0.2694372752727159 -0.016503575348274957
1.85868 -0.26185540665717294 -0.015604177510970207
1.8605 -0.25427499281746613 -0.014729590160896366
1.86232 -0.24669640424230954 -0.013879858093936104
1.86414 -0.23912001063736707 -0.013055024832897777
1.86597 -0.23154618090988324 -0.012255132625286769
1.86779 -0.22397528315337575 -0.011480222441141219
1.86961 -0.2164076846323789 -0.010730333970933925
1.87143 -0.20884375176725142 -0.010005505623539634
1.87326 -0.20128385011903893 -0.009305774524266841
1.87508 -0.19372834437439548 -0.008631176512956973
1.8769 -0.18617759833056893 -0.007981746142148749
1.87872 -0.1786319748804429 -0.007357516675308151
1.88055 -0.1710918359976397 -0.006758520085124342
1.88237 -0.1635575427216885 -0.006184787051873197
1.88419 -0.15602945514325245 -0.00563634696184423
1.88601 -0.14850793238941765 -0.0051132279058370145
1.88784 -0.14099333260905025 -0.004615456677721563
1.88966 -0.13348601295821094 -0.004143058773065755
1.89148 -0.1259863295856402 -0.00369605838783027
1.8933 -0.11849463761830482 -0.003274478417128801
1.89513 -0.11101129114700589 -0.002878340454054773
1.89695 -0.10353664321206558 -0.00250766478857678
1.89877 -0.09607104578906744 -0.002162470406498196
1.90059 -0.08861484977466857 -0.001842774988485285
1.90241 -0.08116840497248277 -0.0015485949091609275
1.90424 -0.0737320600790253 -0.001279945236267066
1.90606 -0.06630616266973334 -0.0010368397298918808
1.90788 -0.0588910591850507 -0.0008192908417655742
1.9097 -0.05148709491658284 -0.0006273097146223261
1.91153 -0.04409461399332599 -0.0004609061816296389
1.91335 -0.036713959367963005 -0.0003200887658848517
1.91517 -0.02934547280323072 -0.00020486467997848923
1.91699 -0.02198949485836306 -0.00011523982562477997
1.91882 -0.014646364875602589 -0.00005121879335945323
1.92064 -0.0073164209667847535 -0.000012804862304371945
1.92246 -1.2507445621914328e-16 0.
