#1001 0.10001 3.02246
0.10001 4.793282639232277e15 3.9951991209437056e12
0.102932 3.2026429113279715e15 2.827689057885323e12
0.105855 2.1641490559485975e15 2.020819779415983e12
0.108777 1.4780934474215205e15 1.457462146249447e12
0.1117 1.019780803637739e15 1.0603030714476714e12
0.114622 7.103545912909562e14 7.777345446831937e11
0.117545 4.9934108699464856e14 5.749388793517952e11
0.120467 3.540616969177657e14 4.281879211822107e11
0.12339 2.531278175318149e14 3.211552976175149e11
0.126312 1.8239481868480484e14 2.425046458844764e11
0.129235 1.3241607949565278e14 1.8429584293118533e11
0.132157 9.682309108931244e13 1.4092132012445148e11
0.135079 7.128384073384044e13 1.0838942936566519e11
0.138002 5.282625778344527e13 8.383726168060225e10
0.140924 3.939452710414344e13 6.5196591894536705e10
0.143847 2.955542830791889e13 5.0962929114610664e10
0.146769 2.2302252629002836e13 4.0034587896594925e10
0.149692 1.6922764977027537e13 3.1599701989194057e10
0.152614 1.2909570286224549e13 2.505632227515804e10
0.155537 9.898791584664607e12 1.9955517762965946e10
0.158459 7.627803133810627e12 1.5960586211667019e10
0.161381 5.905887844711762e12 1.2817625287690481e10
0.164304 4.593725995466703e12 1.0334168807278172e10
0.167226 3.5889617232638315e12 8.363585435004517e9
0.170149 2.815981157225094e12 6.79362016061989e9
0.173071 2.2186284483566206e12 5.537931928157007e9
0.175994 1.7549843179278975e12 4.529810640678157e9
0.178916 1.3936015334478713e12 3.7174882412412634e9
0.181839 1.1107756814585654e12 3.0606220219214463e9
0.184761 8.885558712038445e11 2.527644421006615e9
0.187684 7.132872204230507e11 2.0937565239612913e9
0.190606 5.745375909639545e11 1.739402084308963e9
0.193528 4.643034218113301e11 1.44910193319729e9
0.196451 3.7641930788258545e11 1.2105599084388945e9
0.199373 3.0611704529881506e11 1.0139742493857203e9
0.202296 2.496948448773885e11 8.515051369704365e8
0.205218 2.0426812194490393e11 7.168613886610805e8
0.208141 1.6758096086902197e11 6.04978446210623e8
0.211063 1.3786290383705322e11 5.117665818511549e8
0.213986 1.1371973958745256e11 4.339133179680084e8
0.216908 9.40499015170219e10 3.687278572934946e8
0.219831 7.798023191943965e10 3.140181838266805e8
0.222753 6.4816447745059586e10 2.6799365943440315e8
0.225675 5.400480877107045e10 2.2918758412534273e8
0.228598 4.510235312342826e10 1.963954397460452e8
0.23152 3.7753708249356895e10 1.6862549400173193e8
0.234443 3.1672966053902832e10 1.4505917620206758e8
0.237365 2.662947143840621e10 1.2501920172599643e8
0.240288 2.243664492701957e10 1.0794385920463395e8
0.24321 1.894316518975354e10 9.336621318526722e7
0.246133 1.6025992821465845e10 8.0897238491697e7
0.249055 1.3584835102412415e10 7.021210802127069e7
0.251978 1.1537741839540354e10 6.103901654381793e7
0.2549 9.81759161512408e9 5.3150049289519235e7
0.257822 8.36928096838366e9 4.635370346494685e7
0.260745 7.147470045297879e9 4.0488749261159085e7
0.263667 6.11476996142395e9 3.5419178994699255e7
0.26659 5.240281714291668e9 3.1030042292471576e7
0.269512 4.498415609164834e9 2.7224004440381374e7
0.272435 3.8679350812939267e9 2.391849629861147e7
0.275357 3.3311804673317056e9 2.1043349208782103e7
0.27828 2.873437431072433e9 1.853882838242324e7
0.281202 2.4824219461316986e9 1.6353994387564477e7
0.284124 2.147859412955686e9 1.4445335343926175e7
0.287047 1.8611399731763632e9 1.27756229303297e7
0.289969 1.6150356388396034e9 1.1312953800945893e7
0.292892 1.4034676775843537e9 1.0029944896373948e7
0.295814 1.2213149431217542e9 8.903056736221878e6
0.298737 1.0642556347554737e9 7.91202334258973e6
0.301659 9.286364051123447e8 7.03937116874289e6
0.304582 8.113638861068208e8 6.270012454369061e6
0.307504 7.098146278930341e8 5.590900926455045e6
0.310427 6.217601901985124e8 4.990739816097836e6
0.313349 5.453047263255801e8 4.459733849489374e6
0.316271 4.788328860065249e8 3.989378262869975e6
0.319194 4.2096625701263875e8 3.572279040590335e6
0.322116 3.705268850721568e8 3.20199952643849e6
0.325039 3.265066716873723e8 2.872929346700151e6
0.327961 2.880416613834358e8 2.5801722380070253e6
0.330884 2.543904029913075e8 2.3194499175047684e6
0.333806 2.2491571115655082e8 2.0870195865246537e6
0.336729 1.9906927031102136e8 1.879603037546219e6
0.339651 1.7637861862433264e8 1.6943256507207034e6
0.342574 1.5643612781938297e8 1.528663831201542e6
0.345496 1.3888965930432785e8 1.380399660728697e6
0.348418 1.2343463036212724e8 1.2475817235300315e6
0.351341 1.098072681917637e8 1.1284912235712074e6
0.354263 9.777886607268924e7 1.0216126424120825e6
0.357186 8.71508861772884e7 925608.2984749138
0.360108 7.775077868684892e7 839296.2627670675
0.363031 6.942840777451889e7 761631.165827069
0.365953 6.2052992440103404e7 691687.4982056681
0.368876 5.5510484719586916e7 628645.0640934164
0.371798 4.970131994208144e7 571776.2963814612
0.37472 4.453848387559783e7 520435.1828457505
0.377643 3.994585012583011e7 474047.58840885066
0.380565 3.5856748305491254e7 432102.78850676515
0.383488 3.2212729504011817e7 394146.05426697846
0.38641 2.8962500647518326e7 359772.1521577912
0.389333 2.6061003603463188e7 328619.6395609071
0.392255 2.346861848294003e7 300365.8538241904
0.395178 2.1150473634488232e7 274722.50616978307
0.3981 1.9075847395851072e7 251431.80370304384
0.401023 1.7217648849513292e7 230263.03297624897
0.403945 1.5551966676328307e7 211009.54735027623
0.406867 1.405767677130794e7 193486.1079733226
0.40979 1.2716100620324058e7 177526.53473273828
0.412712 1.1510707572617985e7 162981.62918285967
0.415635 1.0426855112292893e7 149717.33633470087
0.418557 9.451562058134554e6 137613.11642028476
0.42148 8.573310326823417e6 126560.5014071857
0.424402 7.781871498105333e6 116461.81421603206
0.427325 7.068154937154282e6 107229.03135245045
0.430247 6.424074672165255e6 98782.7720626895
0.43317 5.842432605126709e6 91051.3992082369
0.436092 5.316815960017944e6 83970.2188713609
0.439014 4.841507153217527e6 77480.76728702814
0.441937 4.411404512358881e6 71530.17507823059
0.444859 4.0219524778870638e6 66070.59997829236
0.447782 3.6690801009656233e6 61058.72027835306
0.450704 3.3491468062457866e6 56455.282160883704
0.453627 3.0588945218275003e6 52224.69488803705
0.456549 2.7954053944847225e6 48334.6685217224
0.459472 2.5560644084320525e6 44755.88947342923
0.462394 2.338526312744351e6 41461.729727123966
0.465317 2.14068633785847e6 38427.98605769533
0.468239 1.9606542469744196e6 35632.64598877645
0.471161 1.7967313249922213e6 33055.67760462532
0.474084 1.647389957037628e6 30678.840657399243
0.477006 1.5112554916466842e6 28485.51669911768
0.479929 1.3870901211575596e6 26460.556221662187
0.482851 1.2737785445389473e6 24590.14101246528
0.485774 1.1703152064062022e6 22861.660131741093
0.488696 1.075792930889193e6 21263.59809237503
0.491619 989392.7907943686 19785.433978685855
0.494541 910375.0715576408 18417.550377631895
0.497463 838071.2061686228 17151.151117762187
0.500386 771876.5718670528 15978.186919178006
0.503308 711244.0522341852 14891.288153589678
0.506231 655678.2795555354 13883.703998657074
0.509153 604730.4822160751 12949.247346441385
0.512076 557993.8705777855 12082.24489306634
0.514998 515099.50243307865 11277.491896560798
0.517921 475712.57585632545 10530.211143175584
0.520843 439529.1032038985 9836.015709989546
0.523766 406272.92523931805 9190.875153996332
0.526688 375693.02897114604 8591.084795681754
0.52961 347561.1368621148 8033.237798868359
0.532533 321669.5386647417 7514.199778777544
0.535455 297829.14031848736 7031.0856972340935
0.538378 275867.7071569082 6581.238828073371
0.5413 255628.28116387158 6162.211597414191
0.544223 236967.75422451302 5771.748122812748
0.547145 219755.58127266733 5407.7682926562775
0.550068 203872.61897178972 5068.353242709928
0.55299 189210.07710665785 4751.732100687305
0.555913 175668.57123129463 4456.2698822465
0.558835 163157.2663345727 4180.456433072263
0.561757 151593.10236638584 3922.896321823642
0.56468 140900.09342970033 3682.2995978291046
0.567602 131008.69330073669 3457.4733356007955
0.570525 121855.22070311505 3247.3138956149573
0.573447 113381.33844250639 3050.7998374488066
0.57637 105533.58111561433 2866.9854273532073
0.579292 98262.92664932116 2694.994687740745
0.582215 91524.40740995047 2534.0159409427906
0.585137 85276.7570551769 2383.2968039882585
0.588059 79482.08968793906 2242.139595131483
0.590982 74105.60821774483 2109.89711644785
0.593904 69115.33914454226 1985.9687800637896
0.596827 64481.89125775552 1869.7970485253713
0.599749 60178.235991719244 1760.8641624691722
0.602672 56179.50740166023 1658.6891311670506
0.605594 52462.81992435856 1562.8249636981018
0.608517 49007.10226712399 1472.8561204787898
0.611439 45792.94592992469 1388.3961666756077
0.614362 42802.46701034567 1309.0856106517201
0.617284 40019.18007127319 1234.5899120763074
0.620206 37427.88296831671 1164.5976456664864
0.623129 35014.55163937818 1098.818807750601
0.626051 32766.243953676498 1036.9832539494714
0.628974 30671.01180301241 978.8392572795996
0.631896 28717.82069510527 924.1521768990624
0.634819 26896.476178295554 872.7032285509677
0.637741 25197.55648957989 824.2883485192416
0.640664 23612.350874503132 778.7171436034861
0.643586 22132.803078510675 735.8119202505833
0.646509 20751.459555502413 695.406786555765
0.649431 19461.421981037605 657.3468213706112
0.652353 18256.303695348117 621.487305234138
0.655276 17130.18973543671 587.6930082802966
0.658198 16077.60014641203 555.8375306743405
0.661121 15093.456290174208 525.8026914953515
0.664043 14173.049894889939 497.4779623155226
0.666966 13312.014611652976 470.7599420317489
0.669888 12506.299865536766 445.5518697839447
0.672811 11752.146807124354 421.7631730496944
0.675733 11046.066187733479 399.3090482386065
0.678656 10384.817997105625 378.1100713236241
0.681578 9765.39271645555 358.0918362427464
0.6845 9184.994052610558 339.18461898420645
0.687423 8641.023030637289 321.32306543304753
0.690345 8131.063332961441 304.4459012080874
0.693268 7652.86778263898 288.49566185702633
0.69619 7204.345877220016 273.41844190470715
0.699113 6783.552287645277 259.16366136647144
0.702035 6388.676243898453 245.68384844591665
0.704958 6018.031735776115 232.9344372350593
0.70788 5670.0484631862855 220.87357932559033
0.710802 5343.26347590497 209.46196832335144
0.713725 5036.313447752191 198.6626763348655
0.716647 4747.927534743008 188.44100156538403
0.71957 4476.920770961832 178.76432623289713
0.722492 4222.187959738097 169.601984062405
0.725415 3982.698021200491 160.9251366798929
0.728337 3757.488760484255 152.70665827623304
0.73126 3545.6620237903 144.92102795808657
0.734182 3346.379212168458 137.54422924603637
0.737105 3158.8571253443615 130.553656220021
0.740027 2982.364110148273 123.92802584887386
0.742949 2816.2164901550595 117.6472960747009
0.745872 2659.77525502198 111.69258925412409
0.748794 2512.4429897320506 106.04612058735108
0.751717 2373.661025527434 100.69113119273764
0.754639 2242.9067957636203 95.61182550920238
0.757562 2119.691381241056 90.7933127316719
0.760484 2003.5572307879424 86.22155200583998
0.763407 1894.076043984491 81.88330112804445
0.766329 1790.8468039442462 77.76606851412367
0.769252 1693.493949009849 73.85806821783325
0.772174 1601.665673085453 70.14817779487602
0.775096 1515.0323451232614 66.62589882293426
0.778019 1433.2850390122655 63.28131990136117
0.780941 1356.1341657895227 60.105081966499604
0.783864 1283.308200712362 57.08834576998904
0.786786 1214.5524982989455 54.22276137799939
0.789709 1149.628188968042 51.500439559129624
0.792631 1088.3111513911704 48.9139249378087
0.795554 1030.3910551141103 46.45617079846699
0.798476 975.6704684140558 44.12051543359105
0.801398 923.964026735514 41.900659936035325
0.804321 875.0976573957441 39.79064734272649
0.807243 828.9078565709268 37.784843043165125
0.810166 785.241014869867 35.87791637196209
0.813088 743.9527880748589 34.064823310062565
0.816011 704.9075098809725 32.340790224349625
0.818933 667.9776436975282 30.70129858000401
0.821856 633.043270790046 29.142070564350014
0.824778 599.9916122393068 27.65905556497747
0.827701 568.7165823772427 26.24841744869596
0.830623 539.118371528778 24.90652259139508
0.833545 511.1030560451841 23.629928612149648
0.836468 484.5822337593381 22.415373767958513
0.83939 459.4726831271033 21.25976696833973
0.842313 435.6960444430081 20.160178371650694
0.845235 413.178521633003 19.113830527464465
0.848158 391.85060323328855 18.11809003163128
0.85108 371.64680126245395 17.1704596627966
0.854003 352.5054067852641 16.26857097114506
0.856925 334.3682610507683 15.410177292002682
0.859848 317.1805411655825 14.593147158670396
0.86277 300.8905593357008 13.815458090485183
0.865692 285.4495747773495 13.075190733620053
0.868615 270.811617459767 12.370523333551011
0.871537 256.93332290056986 11.699726519439501
0.87446 243.77377728805914 11.06115838191581
0.877382 231.2943722545833 10.45325982690129
0.880305 219.45866867134006 9.874550189187387
0.883227 208.23226887790358 9.323623090497525
0.88615 197.58269679967168 8.799142527700797
0.889072 187.47928544344933 8.29983917772846
0.891995 177.89307129584617 7.824506906570296
0.894917 168.79669518114298 7.371999470498098
0.897839 160.16430916506405 6.941227398388467
0.900762 151.97148911854518 6.531155044691473
0.903684 144.195152581344 6.140797803226618
0.906607 136.81348158928128 5.76921947257987
0.909529 129.80585015118749 5.415529764431209
0.912452 123.15275608238903 5.078881946662919
0.915374 116.83575692086694 4.758470613586544
0.918297 110.837409670228 4.453529576083628
0.921219 105.14121413036708 4.163329864883841
0.924141 99.7315595923268 3.8871778406061503
0.927064 94.5936746883943 3.6244134045657574
0.929986 89.71358020204795 3.3744083047026088
0.932909 85.07804465499713 3.136564531319623
0.935831 80.67454250035894 2.9103127976296275
0.938754 76.49121476199952 2.6951111004024035
0.941676 72.51683197033704 2.4904433562775816
0.944599 68.74075925446483 2.295818109566474
0.947521 65.15292345939517 2.110767307608066
0.950444 61.743782165558 1.9348451399716202
0.953366 58.50429449547685 1.7676269380113458
0.956288 55.42589359981878 1.6087081314801406
0.959211 52.50046072180196 1.4577032590967205
0.962133 49.720300745297784 1.3142450301388573
0.965056 47.07811913788748 1.1779834343012991
0.967978 44.56700020568255 1.0485848972138836
0.970901 42.18038658189435 0.9257314791629456
0.973823 39.91205987598872 0.8091201146974276
0.976746 37.756122414787285 0.6984618909318101
0.979668 35.70698001112149 0.5934813624806763
0.982591 33.75932569960528 0.4939159010752343
0.985513 31.908124382809003 0.3995150780210164
0.988435 30.148598334584968 0.31004007775820774
0.991358 28.476213510551585 0.22526314088285115
0.99428 26.886666618784037 0.1449670350776575
0.997203 25.375872906611594 0.06894455248694964
1.00013 23.939954622093868 -0.0030019678489972
1.00305 22.575230111247 -0.07106109380927617
1.00597 21.278203514439898 -0.13541273149429278
1.00889 20.04555502757177 -0.19622853518430583
1.01182 18.874131695708478 -0.2536722970603198
1.01474 17.76093870878086 -0.30790031773348625
1.01766 16.703131170762404 -0.3590617585722162
1.02058 15.698006315439185 -0.40729897676306237
1.0235 14.74299614348119 -0.4527478439907364
1.02643 13.83566045701592 -0.49553804957531833
1.02935 12.973680269309748 -0.5357933888596711
1.03227 12.154851568477499 -0.5736320375977719
1.03519 11.377079415378097 -0.609166813054629
1.03812 10.638372357013072 -0.6425054224907139
1.04104 9.936837137834607 -0.673750699668128
1.04396 9.270673692393723 -0.7030008299820816
1.04688 8.63817040371936 -0.7303495647893952
1.04981 8.037699612723646 -0.7558864254756399
1.05273 7.467713364776207 -0.7796968977741945
1.05565 6.926739380388762 -0.8018626168235325
1.05857 6.413377237700239 -0.822461543423779
1.0615 5.9262947551589145 -0.8415681319294579
1.06442 5.4642245634595925 -0.859253490192748
1.06734 5.025960856418207 -0.8755855319500483
1.07026 4.610356311051839 -0.8906291220244029
1.07319 4.216319167684951 -0.904446214697058
1.07611 3.84281046142055 -0.917095985583336
1.07903 3.488841396804441 -0.9286349573307779
1.08195 3.153470857969737 -0.9391171194412395
1.08488 2.835803046982646 -0.9485940425032313
1.0878 2.5349852435172227 -0.9571149871062277
1.09072 2.250205679370955 -0.96472700769485
1.09364 1.980691521694736 -0.971475051607765
1.09657 1.7257069591506211 -0.977402053533784
1.09949 1.4845513855324493 -0.9825490256058884
1.10241 1.2565576756858345 -0.9869551433428356
1.10533 1.041090548849448 -0.9906578276374629
1.10826 0.8375450148078109 -0.9936928229808375
1.11118 0.645344898498761 -0.9960942721019601
1.1141 0.4639414389578697 -0.9978947871937633
1.11702 0.2928119587065799 -0.9991255178876719
1.11995 0.13145859990344005 -0.9998162161309305
1.12287 -0.0004944701402631891 -0.9999998872425553
1.12579 -0.0040417273508226515 -0.9999924271376754
1.12871 -0.007570521389952058 -0.9999732922203356
1.13164 -0.01108091287303224 -0.9999424829373356
1.13456 -0.014572961795004887 -0.9999000000080713
1.13748 -0.018046727540259138 -0.9998458444245186
1.1404 -0.021502268892363327 -0.999780017451209
1.14333 -0.0249396440436489 -0.999702520625201
1.14625 -0.02835891060464591 -0.9996133557560438
1.14917 -0.031760125613376905 -0.9995125249257351
1.15209 -0.0351433455445064 -0.9994000304886725
1.15502 -0.03850862631835268 -0.9992758750715991
1.15794 -0.04185602330976117 -0.9991400615735411
1.16086 -0.045185591356845925 -0.9989925931657404
1.16378 -0.04849738476959635 -0.9988334732915816
1.1667 -0.051791457338355516 -0.9986627056665102
1.16963 -0.0550678623421694 -0.9984802942779465
1.17255 -0.05832665255701303 -0.9982862433851927
1.17547 -0.06156788026389098 -0.9980805575193328
1.17839 -0.06479159725681746 -0.9978632414831273
1.18132 -0.06799785485067779 -0.9976343003509013
1.18424 -0.07118670388897096 -0.9973937394684251
1.18716 -0.07435819475143975 -0.9971415644527903
1.19008 -0.077512377361585 -0.996877781192278
1.19301 -0.08064930119407007 -0.9966023958462216
1.19593 -0.0837690152820143 -0.9963154148448632
1.19885 -0.08687156822418121 -0.996016844889203
1.20177 -0.0899570081920585 -0.9957066929508429
1.2047 -0.0930253829368351 -0.9953849662718243
1.20762 -0.09607673979627489 -0.995051672364458
1.21054 -0.09911112570149155 -0.9947068190111498
1.21346 -0.10212858718362228 -0.9943504142642179
1.21639 -0.10512917038040542 -0.9939824664457058
1.21931 -0.10811292104266092 -0.9936029841471867
1.22223 -0.11107988454067867 -0.9932119762295648
1.22515 -0.11403010587051195 -0.9928094518228661
1.22808 -0.11696362966018083 -0.9923954203260268
1.231 -0.1198805001757855 -0.9919698914066739
1.23392 -0.12278076132753052 -0.9915328750008983
1.23684 -0.12566445667566428 -0.9910843813130237
1.23977 -0.1285316294363306 -0.9906244208153682
1.24269 -0.1313823224873377 -0.9901530042479993
1.24561 -0.134216578373843 -0.9896701426184842
1.24853 -0.13703443931395864 -0.9891758472016313
1.25146 -0.1398359472042746 -0.9886701295392282
1.25438 -0.1426211436253043 -0.988153001439771
1.2573 -0.14539006984685096 -0.9876244749781903
1.26022 -0.14814276683330013 -0.9870845624955673
1.26315 -0.1508792752488345 -0.9865332765988473
1.26607 -0.15359963546257568 -0.9859706301605435
1.26899 -0.15630388755365263 -0.9853966363184389
1.27191 -0.15899207131619938 -0.984811308475277
1.27484 -0.1616642262642807 -0.9842146602984505
1.27776 -0.16432039163674897 -0.9836067057196816
1.28068 -0.1669606064020325 -0.9829874589346963
1.2836 -0.16958490926285558 -0.9823569344028944
1.28653 -0.17219333866089395 -0.9817151468470098
1.28945 -0.17478593278136287 -0.9810621112527683
1.29237 -0.177362729557542 -0.9803978428685369
1.29529 -0.17992376667523582 -0.9797223572049684
1.29822 -0.18246908157717331 -0.9790356700346383
1.30114 -0.1849987114673444 -0.9783377973916775
1.30406 -0.18751269331527654 -0.9776287555713971
1.30698 -0.1900110638602511 -0.9769085611299084
1.30991 -0.19249385961546248 -0.9761772308837364
1.31283 -0.19496111687211726 -0.9754347819094267
1.31575 -0.19741287170347804 -0.9746812315431466
1.31867 -0.199849159968849 -0.9739165973802811
1.32159 -0.2022700173175092 -0.9731408972750217
1.32452 -0.20467547919258838 -0.9723541493399492
1.32744 -0.20706558083489043 -0.9715563719456111
1.33036 -0.20944035728666408 -0.9707475837200921
1.33328 -0.21179984339532 -0.9699278035485803
1.33621 -0.21414407381709882 -0.9690970505729251
1.33913 -0.2164730830206863 -0.9682553441911904
1.34205 -0.21878690529077988 -0.9674027040572024
1.34497 -0.22108557473160487 -0.96653915008009
1.3479 -0.223369125270384 -0.96566470242382
1.35082 -0.22563759066075717 -0.9647793815067264
1.35374 -0.22789100448615549 -0.9638832080010336
1.35666 -0.23012940016312775 -0.9629762028323738
1.35959 -0.23235281094462254 -0.9620583871792985
1.36251 -0.2345612699232241 -0.9611297824727832
1.36543 -0.236754810034344 -0.9601904103957281
1.36835 -0.23893346405936944 -0.9592402928824508
1.37128 -0.24109726462876713 -0.9582794521181752
1.3742 -0.24324624422514632 -0.9573079105385124
1.37712 -0.24538043518627853 -0.9563256908289375
1.38004 -0.2474998697080761 -0.9553328159242596
1.38297 -0.24960457984752976 -0.9543293090080864
1.38589 -0.2516945975256069 -0.9533151935122832
1.38881 -0.25376995453010875 -0.9522904931164249
1.39173 -0.25583068251848945 -0.9512552317472436
1.39466 -0.2578768130206353 -0.9502094335780704
1.39758 -0.259908377441608 -0.9491531230282699
1.4005 -0.2619254070643481 -0.948086324762671
1.40342 -0.26392793305234247 -0.9470090636909902
1.40635 -0.2659159864522549 -0.9459213649672507
1.40927 -0.2678895981965217 -0.9448232539891939
1.41219 -0.2698487991059098 -0.9437147563976881
1.41511 -0.2717936198920416 -0.942595898076128
1.41804 -0.2737240911598842 -0.9414667051498316
1.42096 -0.2756402434102044 -0.9403272039854295
1.42388 -0.27754210704199117 -0.9391774211902493
1.4268 -0.27942971235484354 -0.938017383611695
1.42973 -0.28130308955132677 -0.9368471183366187
1.43265 -0.2831622687392946 -0.93566665269069
1.43557 -0.2850072799341824 -0.9344760142377562
1.43849 -0.28683815306126537 -0.9332752307791996
1.44142 -0.28865491795788883 -0.9320643303532883
1.44434 -0.2904576043756654 -0.9308433412345214
1.44726 -0.29224624198264326 -0.9296122919329685
1.45018 -0.2940208603654445 -0.9283712111936044
1.45311 -0.29578148903137363 -0.9271201279956378
1.45603 -0.2975281574104964 -0.9258590715518349
1.45895 -0.29926089485769153 -0.9245880713078362
1.46187 -0.30097973065467254 -0.9233071569414703
1.4648 -0.3026846940119827 -0.9220163583620602
1.46772 -0.30437581407096154 -0.920715705709725
1.47064 -0.3060531199056842 -0.9194052293546766
1.47356 -0.3077166405248745 -0.9180849598965095
1.47648 -0.30936640487379163 -0.9167549281634872
1.47941 -0.3110024418360886 -0.9154151652118224
1.48233 -0.3126247802356474 -0.9140657023249512
1.48525 -0.31423344883838694 -0.9127065710128031
1.48817 -0.3158284763540466 -0.9113378030110653
1.4911 -0.317409891437944 -0.9099594302804407
1.49402 -0.3189777226927088 -0.9085714850059037
1.49694 -0.32053199866999227 -0.9071739995959465
1.49986 -0.32207274787215256 -0.9057670066818235
1.50279 -0.32359999875391626 -0.904350539116789
1.50571 -0.3251137797240164 -0.9029246299753302
1.50863 -0.32661411914680777 -0.9014893125523953
1.51155 -0.3281010453438596 -0.9000446203626151
1.51448 -0.3295745865955244 -0.8985905871395214
1.5174 -0.33103477114248653 -0.8971272468347589
1.52032 -0.33248162718728624 -0.8956546336172921
1.52324 -0.3339151828958249 -0.8941727818726083
1.52617 -0.335335466398846 -0.8926817262019139
1.52909 -0.33674250579339743 -0.8911815014213268
1.53201 -0.33813632914427 -0.8896721425610636
1.53493 -0.3395169644854187 -0.8881536848646213
1.53786 -0.34088443982135974 -0.8866261637879547
1.54078 -0.3422387831285513 -0.8850896149986478
1.5437 -0.3435800223567503 -0.8835440743750824
1.54662 -0.344908185430353 -0.8819895780055986
1.54955 -0.34622330024971404 -0.8804261621876537
1.55247 -0.3475253946924468 -0.878853863426973
1.55539 -0.34881449661470465 -0.8772727184366993
1.55831 -0.3500906338524433 -0.8756827641365341
1.56124 -0.35135383422266536 -0.8740840376518763
1.56416 -0.3526041255246453 -0.8724765763129549
1.56708 -0.35384153554113706 -0.8708604176539578
1.57 -0.35506609203956374 -0.8692355994121552
1.57293 -0.35627782277318887 -0.867602159527018
1.57585 -0.3574767554822712 -0.8659601361393328
1.57877 -0.35866291789520166 -0.8643095675903103
1.58169 -0.3598363377296225 -0.8626504924206908
1.58462 -0.36099704269353067 -0.8609829493698439
1.58754 -0.36214506048636436 -0.8593069773748643
1.59046 -0.36328041880007206 -0.8576226155696618
1.59338 -0.36440314532016577 -0.8559299032840488
1.59631 -0.36551326772675874 -0.854228880042821
1.59923 -0.3666108136955865 -0.8525195855648343
1.60215 -0.3676958108990119 -0.8508020597620782
1.60507 -0.368768287007015 -0.8490763427387436
1.608 -0.3698282696881677 -0.8473424747902858
1.61092 -0.37087578661059256 -0.8456004964024844
1.61384 -0.37191086544290697 -0.8438504482504973
1.61676 -0.372933533855152 -0.8420923711979111
1.61969 -0.37394381951970695 -0.8403263062957881
1.62261 -0.37494175011218894 -0.8385522947817052
1.62553 -0.3759273533123382 -0.8367703780787936
1.62845 -0.3769006568048892 -0.8349805977947697
1.63137 -0.37786168828042743 -0.8331829957209654
1.6343 -0.3788104754362327 -0.8313776138313502
1.63722 -0.37974704597710773 -0.8295644942815527
1.64014 -0.38067142761619455 -0.8277436794078752
1.64306 -0.38158364807577516 -0.8259152117263064
1.64599 -0.38248373508806177 -0.8240791339315274
1.64891 -0.3833717163959711 -0.8222354888959154
1.65183 -0.38424761975388744 -0.8203843196685422
1.65475 -0.3851114729284118 -0.8185256694741698
1.65768 -0.3859633036990984 -0.8166595817122404
1.6606 -0.38680313985917925 -0.8147860999558632
1.66352 -0.3876310092162753 -0.8129052679507972
1.66644 -0.38844693959309584 -0.8110171296144291
1.66937 -0.3892509588281252 -0.809121729034749
1.67229 -0.3900430947762976 -0.8072191104693197
1.67521 -0.39082337530966027 -0.8053093183442438
1.67813 -0.3915918283180239 -0.8033923972531265
1.68106 -0.39234848170960235 -0.8014683919560344
1.68398 -0.3930933634116399 -0.7995373473784497
1.6869 -0.3938265013710278 -0.7975993086102222
1.68982 -0.39454792355490886 -0.7956543209045153
1.69275 -0.3952576579512707 -0.7937024296767506
1.69567 -0.3959557325695288 -0.7917436805035462
1.69859 -0.3966421754410975 -0.7897781191216533
1.70151 -0.3973170146199501 -0.7878057914268881
1.70444 -0.39798027818316994 -0.7858267434730601
1.70736 -0.3986319942314879 -0.7838410214708966
1.71028 -0.3992721908898118 -0.7818486717869637
1.7132 -0.3999008963077443 -0.7798497409425839
1.71613 -0.4005181386600906 -0.7778442756127495
1.71905 -0.40112394614735586 -0.7758323226250331
1.72197 -0.4017183469962325 -0.7738139289584938
1.72489 -0.40230136946007766 -0.7717891417425805
1.72782 -0.40287304181938055 -0.7697580082560311
1.73074 -0.4034333923822198 -0.7677205759257693
1.73366 -0.4039824494847118 -0.7656768923257962
1.73658 -0.40452024149144833 -0.7636270051760801
1.73951 -0.4050467967959259 -0.7615709623414422
1.74243 -0.4055621438209643 -0.7595088118304381
1.74535 -0.40606631101911694 -0.7574406017942383
1.74827 -0.40655932687307167 -0.7553663805255033
1.7512 -0.40704121989604203 -0.7532861964572548
1.75412 -0.4075120186321498 -0.7512000981617462
1.75704 -0.4079717516567984 -0.749108134349328
1.75996 -0.4084204475770379 -0.7470103538673106
1.76289 -0.4088581350319204 -0.7449068056988233
1.76581 -0.40928484269284765 -0.7427975389616706
1.76873 -0.409700599263909 -0.7406826029071857
1.77165 -0.4101054334822119 -0.7385620469190801
1.77458 -0.4104993741182031 -0.7364359205122908
1.7775 -0.4108824499759823 -0.7343042733318237
1.78042 -0.4112546898936063 -0.7321671551515949
1.78334 -0.41161612274338666 -0.7300246158732681
1.78626 -0.41196677743217747 -0.7278767055250894
1.78919 -0.41230668290165634 -0.7257234742607196
1.79211 -0.4126358681285969 -0.7235649723580624
1.79503 -0.41295436212513364 -0.7214012502180912
1.79795 -0.4132621939390181 -0.7192323583636715
1.80088 -0.4135593926538695 -0.7170583474383815
1.8038 -0.41384598738941464 -0.7148792682053298
1.80672 -0.41412200730172316 -0.71269517154597
1.80964 -0.41438748158343286 -0.7105061084589119
1.81257 -0.4146424394639699 -0.7083121300587321
1.81549 -0.4148869102097593 -0.7061132875747789
1.81841 -0.4151209231244298 -0.7039096323499774
1.82133 -0.4153445075490114 -0.7017012158396297
1.82426 -0.41555769286212463 -0.6994880896102142
1.82718 -0.4157605084801638 -0.6972703053381808
1.8301 -0.4159529838574727 -0.6950479148087447
1.83302 -0.4161351484865139 -0.6928209699146773
1.83595 -0.4163070318980305 -0.6905895226550941
1.83887 -0.4164686636612012 -0.6883536251342408
1.84179 -0.4166200733837894 -0.6861133295602763
1.84471 -0.41676129071228435 -0.6838686882440546
1.84764 -0.4168923453320367 -0.6816197535979023
1.85056 -0.41701326696738694 -0.6793665781343953
1.85348 -0.4171240853817878 -0.6771092144651318
1.8564 -0.4172248303779196 -0.6748477152995059
1.85933 -0.41731553179779945 -0.6725821334434743
1.86225 -0.4173962195228851 -0.6703125217983248
1.86517 -0.4174669234741706 -0.6680389333594404
1.86809 -0.41752767361227744 -0.665761421215063
1.87102 -0.41757849993753887 -0.663480038545052
1.87394 -0.4176194324900782 -0.661194838619644
1.87686 -0.4176505013498812 -0.6589058747982082
1.87978 -0.4176717366368619 -0.6566132005280005
1.88271 -0.4176831685109243 -0.6543168693429167
1.88563 -0.41768482717201527 -0.6520169348622404
1.88855 -0.41767674286017464 -0.6497134507893922
1.89147 -0.4176589458555776 -0.6474064709106759
1.8944 -0.41763146647857224 -0.6450960490940227
1.89732 -0.41759433508971133 -0.6427822392877321
1.90024 -0.4175475820897781 -0.6404650955192137
1.90316 -0.417491237919807 -0.6381446718937245
1.90609 -0.41742533306109925 -0.6358210225931067
1.90901 -0.41734989803523176 -0.6334942018745218
1.91193 -0.41726496340406183 -0.6311642640691837
1.91485 -0.41717055976972606 -0.6288312635810898
1.91778 -0.4170667177746342 -0.6264952548857519
1.9207 -0.41695346810145717 -0.6241562925289229
1.92362 -0.4168308414731108 -0.621814431125324
1.92654 -0.4166988686527337 -0.6194697253573682
1.92946 -0.41655758044366026 -0.6171222299738851
1.93239 -0.4164070076893891 -0.6147719997888419
1.93531 -0.4162471812735456 -0.6124190896800631
1.93823 -0.41607813211983996 -0.610063554587949
1.94115 -0.41589989119202103 -0.6077054495141935
1.94408 -0.4157124894938239 -0.6053448295204997
1.947 -0.4155159580689136 -0.6029817497272942
1.94992 -0.4153103280008244 -0.6006162653124391
1.95284 -0.4150956304128931 -0.5982484315099446
1.95577 -0.41487189646818873 -0.5958783036086798
1.95869 -0.41463915736943746 -0.5935059369510802
1.96161 -0.4143974443589423 -0.5911313869318564
1.96453 -0.4141467887184993 -0.5887547089967002
1.96746 -0.41388722176930787 -0.5863759586409909
1.97038 -0.41361877487187837 -0.5839951914084982
1.9733 -0.41334147942593324 -0.5816124628900861
1.97622 -0.41305536687030586 -0.579227828722414
1.97915 -0.4127604686828334 -0.5768413445866387
1.98207 -0.4124568163802461 -0.5744530662071141
1.98499 -0.4121444415180527 -0.572063049350089
1.98791 -0.4118233756904204 -0.5696713498224055
1.99084 -0.411493650530052 -0.5672780234701965
1.99376 -0.4111552977080583 -0.5648831261775812
1.99668 -0.410808348933826 -0.56248671386536
1.9996 -0.4104528359548822 -0.5600888424897088
2.00253 -0.4100887905567549 -0.557689568040873
2.00545 -0.4097162445628287 -0.5552889465418598
2.00837 -0.40933522983419746 -0.5528870340471294
2.01129 -0.4089457782695128 -0.5504838866412873
2.01422 -0.4085479218048281 -0.5480795604377735
2.01714 -0.4081416924134398 -0.5456741115775541
2.02006 -0.40772712210572387 -0.543267596227808
2.02298 -0.40730424292896894 -0.5408600705806172
2.02591 -0.406873086967206 -0.5384515908516537
2.02883 -0.40643368634103366 -0.5360422132788679
2.03175 -0.4059860732074404 -0.5336319941211742
2.03467 -0.40553027975962325 -0.5312209896571385
2.0376 -0.40506633822680194 -0.5288092561836633
2.04052 -0.40459428087403077 -0.5263968500146731
2.04344 -0.4041141400020062 -0.523983827479801
2.04636 -0.4036259479468707 -0.5215702449230714
2.04929 -0.4031297370800144 -0.5191561587015848
2.05221 -0.4026255398078716 -0.5167416251842031
2.05513 -0.4021133885717152 -0.5143267007502319
2.05805 -0.4015933158474472 -0.5119114417881054
2.06098 -0.4010653541453862 -0.5094959046940684
2.0639 -0.4005295360100511 -0.5070801458708596
2.06682 -0.39998589401994245 -0.504664221726397
2.06974 -0.3994344607873192 -0.502248188672457
2.07267 -0.3988752689579737 -0.4998321031233597
2.07559 -0.3983083512110025 -0.4974160214946508
2.07851 -0.3977337402585744 -0.4950000002017849
2.08143 -0.39715146884569585 -0.4925840956588068
2.08435 -0.39656156974997214 -0.49016836427703636
2.08728 -0.3959640757813668 -0.48775286246374927
2.0902 -0.3953590197819569 -0.48533764662086076
2.09312 -0.3947464346256868 -0.4829227731436101
2.09604 -0.3941263532181166 -0.48050829841924037
2.09897 -0.3934988084961706 -0.4780942788256852
2.10189 -0.39286383342788006 -0.47568077073024995
2.10481 -0.3922214610121255 -0.4732678304882969
2.10773 -0.3915717242783742 -0.47085551444192897
2.11066 -0.39091465628641664 -0.46844387891867445
2.11358 -0.3902502901260983 -0.46603298023017126
2.1165 -0.3895786589170505 -0.4636228746708517
2.11942 -0.38889979580841705 -0.4612136185166291
2.12235 -0.38821373397857933 -0.45880526802358323
2.12527 -0.3875205066348784 -0.4563978794266462
2.12819 -0.3868201470133336 -0.4539915089382902
2.13111 -0.38611268837835966 -0.4515862127472148
2.13404 -0.38539816402248106 -0.4491820470170338
2.13696 -0.3846766072660432 -0.4467790678849666
2.13988 -0.3839480514569214 -0.44437733146052383
2.1428 -0.3832125299702278 -0.4419768938241996
2.14573 -0.38247007620801476 -0.4395778110261612
2.14865 -0.3817207235989772 -0.4371801390849408
2.15157 -0.3809645055981512 -0.4347839339861266
2.15449 -0.3802014556866109 -0.43238925168105646
2.15742 -0.3794316073711629 -0.4299961480855107
2.16034 -0.37865499418403825 -0.42760467907840694
2.16326 -0.37787164968258247 -0.42521490050049593
2.16618 -0.3770816074489425 -0.42282686815305537
2.16911 -0.37628490108975177 -0.42044063779659013
2.17203 -0.37548156423581364 -0.41805626514952743
2.17495 -0.3746716305417816 -0.4156738058869176
2.17787 -0.37385513368583795 -0.41329331563913363
2.1808 -0.37303210736936987 -0.4109148499905714
2.18372 -0.37220258531664374 -0.40853846447835285
2.18664 -0.37136660127447724 -0.40616421459102925
2.18956 -0.37052418901190876 -0.4037921557672841
2.19249 -0.3696753823198658 -0.40142234339464045
2.19541 -0.36882021501083034 -0.399054832808166
2.19833 -0.3679587209185028 -0.39668967928918286
2.20125 -0.36709093389746345 -0.39432693806397445
2.20418 -0.3662168878228328 -0.3919666643024978
2.2071 -0.36533661658992855 -0.389608913117095
2.21002 -0.36445015411392173 -0.387253739561205
2.21294 -0.3635575343294914 -0.38490119862808103
2.21587 -0.36265879119047517 -0.38255134524950263
2.21879 -0.36175395866952065 -0.380204234294496
2.22171 -0.360843070757733 -0.37785992056805173
2.22463 -0.3599261614643219 -0.375518458809845
2.22756 -0.3590032648162457 -0.3731799036929577
2.23048 -0.35807441485785496 -0.37084430982260175
2.2334 -0.35713964565053274 -0.36851173173484353
2.23632 -0.3561989912723352 -0.3661822238953324
2.23924 -0.3552524858176278 -0.3638558406980259
2.24217 -0.35430016339672254 -0.36153263646392175
2.24509 -0.3533420581355115 -0.35921266543978925
2.24801 -0.35237820417509963 -0.3568959817969021
2.25093 -0.3514086356714362 -0.3545826396297733
2.25386 -0.35043338679494374 -0.3522726929548934
2.25678 -0.34945249173014586 -0.34996619570946774
2.2597 -0.3484659846752938 -0.34766320175015686
2.26262 -0.3474738998419913 -0.3453637648518214
2.26555 -0.34647627145481685 -0.34306793870626295
2.26847 -0.3454731337509464 -0.3407757769209734
2.27139 -0.3444645209797729 -0.3384873330178808
2.27431 -0.3434504674025256 -0.33620266043210123
2.27724 -0.34243100729188647 -0.3339218125106911
2.28016 -0.3414061749316069 -0.33164484251140003
2.28308 -0.34037600461612155 -0.3293718036014286
2.286 -0.33934053065016206 -0.3271027488561873
2.28893 -0.33829978734836796 -0.3248377312580554
2.29185 -0.33725380903489743 -0.3225768036951454
2.29477 -0.33620263004303647 -0.32032001896006745
2.29769 -0.3351462847148062 -0.3180674297486965
2.30062 -0.3340848074005696 -0.3158190886589428
2.30354 -0.33301823245863676 -0.3135750481895221
2.30646 -0.33194659425486833 -0.3113353607387318
2.30938 -0.3308699271622784 -0.3091000786032252
2.31231 -0.3297882655606368 -0.306869253976793
2.31523 -0.3287016438360677 -0.3046429389491422
2.31815 -0.32761009638065025 -0.3024211855046808
2.32107 -0.32651365759201556 -0.3002040455213044
2.324 -0.32541236187294426 -0.29799157076918403
2.32692 -0.32430624363096133 -0.29578381290955746
2.32984 -0.32319533727793176 -0.29358082349352377
2.33276 -0.32207967722965297 -0.2913826539608382
2.33569 -0.3209592979054483 -0.2891893556387124
2.33861 -0.3198342337277577 -0.2870009797406159
2.34153 -0.3187045191217283 -0.28481757736507785
2.34445 -0.3175701885148039 -0.2826391994944979
2.34738 -0.3164312763363134 -0.2804658969939522
2.3503 -0.315287817017058 -0.27829772061000746
2.35322 -0.31413984498889774 -0.27613472096953595
2.35614 -0.31298739468433734 -0.27397694857853305
2.35907 -0.31183050053611033 -0.27182445382093734
2.36199 -0.3106691969767633 -0.2696772869574562
2.36491 -0.30950351843823826 -0.26753549812438904
2.36783 -0.3083334993514547 -0.2653991373324599
2.37076 -0.3071591741458908 -0.26326825446564694
2.37368 -0.305980577249164 -0.26114289928001966
2.3766 -0.30479774308660973 -0.259023121402576
2.37952 -0.30361070608086077 -0.2569089703300842
2.38245 -0.30241950065142476 -0.2548004954279258
2.38537 -0.30122416121426193 -0.2526977459289459
2.38829 -0.30002472218136045 -0.25060077093229904
2.39121 -0.298821217960313 -0.2485096194023073
2.39413 -0.2976136829538912 -0.24642434016731352
2.39706 -0.29640215155962024 -0.24434498191854326
2.39998 -0.2951866581693518 -0.2422715932089673
2.4029 -0.2939672371688378 -0.24020422245216733
2.40582 -0.2927439229373022 -0.23814291792120645
2.40875 -0.29151674984701226 -0.23608772774750086
2.41167 -0.2902857522628507 -0.2340386999196974
2.41459 -0.2890509645418848 -0.2319958822825523
2.41751 -0.2878124210329369 -0.2299593225358132
2.42044 -0.28657015607615355 -0.22792906823310644
2.42336 -0.28532420400257436 -0.22590516678082673
2.42628 -0.2840745991336999 -0.22388766543702943
2.4292 -0.28282137578105976 -0.22187661131032788
2.43213 -0.281564568245779 -0.2198720513587925
2.43505 -0.2803042108181461 -0.2178740323888555
2.43797 -0.2790403377771777 -0.2158826010542173
2.44089 -0.2777729833901851 -0.21389780385475632
2.44382 -0.2765021819123396 -0.21191968713544496
2.44674 -0.27522796758623724 -0.2099482970852662
2.44966 -0.27395037464146327 -0.2079836797361354
2.45258 -0.27266943729415627 -0.2060258809618255
2.45551 -0.2713851897465718 -0.20407494647689628
2.45843 -0.27009766618664555 -0.2021309218356253
2.46135 -0.2688069007875573 -0.20019385243094723
2.46427 -0.2675129277072922 -0.1982637834933908
2.4672 -0.2662157810882036 -0.19634076009002444
2.47012 -0.2649154950565756 -0.19442482712340325
2.47304 -0.26361210372218435 -0.19251602933052103
2.47596 -0.2623056411778595 -0.19061441128176526
2.47889 -0.26099614149904565 -0.18872001737987698
2.48181 -0.25968363874336287 -0.1868328918589124
2.48473 -0.25836816695016834 -0.18495307878321277
2.48765 -0.2570497601401158 -0.183080622046373
2.49058 -0.25572845231471636 -0.18121556537021766
2.4935 -0.25440427745589894 -0.17935795230378004
2.49642 -0.2530772695255698 -0.17750782622228578
2.49934 -0.2517474624651723 -0.1756652303261389
2.50227 -0.2504148901952473 -0.1738302076399144
2.50519 -0.2490795866149916 -0.17200280101135224
2.50811 -0.24774158560181814 -0.1701830531103583
2.51103 -0.24640092101091543 -0.16837100642800717
2.51396 -0.24505762667480602 -0.16656670327555
2.51688 -0.2437117364029064 -0.16477018578342673
2.5198 -0.2423632839810858 -0.16298149590028221
2.52272 -0.24101230317122527 -0.16120067539198712
2.52565 -0.2396588277107767 -0.1594277658406621
2.52857 -0.2383028913123219 -0.15766280864370674
2.53149 -0.23694452766313162 -0.1559058450128341
2.53441 -0.23558377042472464 -0.15415691597310754
2.53734 -0.2342206532324266 -0.15241606236198246
2.54026 -0.23285520969492926 -0.15068332482835334
2.54318 -0.2314874733938495 -0.14895874383160446
2.5461 -0.23011747788328876 -0.14724235964066534
2.54902 -0.22874525668939205 -0.14553421233306985
2.55195 -0.22737084330990753 -0.14383434179402088
2.55487 -0.22599427121374582 -0.14214278771545963
2.55779 -0.22461557384053962 -0.14045958959513682
2.56071 -0.22323478460020388 -0.13878478673569306
2.56364 -0.2218519368724948 -0.13711841824373927
2.56656 -0.22046706400657054 -0.13546052302894362
2.56948 -0.2190801993205513 -0.1338111398031242
2.5724 -0.21769137610107933 -0.13217030707934385
2.57533 -0.2163006276028801 -0.13053806317101158
2.57825 -0.21490798704832254 -0.12891444619098769
2.58117 -0.2135134876269805 -0.12729949405069363
2.58409 -0.2121171624951934 -0.12569324445922736
2.58702 -0.21071904477562858 -0.12409573492248271
2.58994 -0.20931916755684227 -0.12250700274227289
2.59286 -0.20791756389284186 -0.12092708501546046
2.59578 -0.2065142668026484 -0.11935601863309009
2.59871 -0.20510930926985876 -0.11779384027952844
2.60163 -0.2037027242422092 -0.11624058643160684
2.60455 -0.20229454463113797 -0.11469629335776865
2.60747 -0.20088480331134909 -0.1131609971172245
2.6104 -0.19947353312037674 -0.1116347335591088
2.61332 -0.1980607668581487 -0.11011753832164284
2.61624 -0.19664653728655143 -0.10860944683130302
2.61916 -0.19523087712899526 -0.10711049430199293
2.62209 -0.19381381906997958 -0.10562071573422238
2.62501 -0.19239539575465867 -0.10414014591428888
2.62793 -0.19097563978840806 -0.10266881941346595
2.63085 -0.18955458373639125 -0.10120677058719596
2.63378 -0.18813226012312645 -0.09975403357428725
2.6367 -0.18670870143205504 -0.09831064229611863
2.63962 -0.18528394010510862 -0.09687663045584538
2.64254 -0.1838580085422781 -0.09545203153761272
2.64547 -0.1824309391011826 -0.09403687880577549
2.64839 -0.181002764096639 -0.09263120530411939
2.65131 -0.17957351580023195 -0.0912350438550904
2.65423 -0.17814322643988445 -0.08984842705902851
2.65716 -0.17671192819942874 -0.0884713872934062
2.66008 -0.17527965321817868 -0.08710395671207272
2.663 -0.17384643359050098 -0.08574616724450279
2.66592 -0.1724123013653886 -0.08439805059505112
2.66885 -0.1709772885460338 -0.08305963824221285
2.67177 -0.1695414270894025 -0.08173096143788772
2.67469 -0.1681047489058084 -0.0804120512066504
2.67761 -0.16666728585848842 -0.0791029383450268
2.68054 -0.16522906976317855 -0.077803653420774
2.68346 -0.16379013238768958 -0.07651422677216702
2.68638 -0.16235050545148594 -0.07523468850729098
2.6893 -0.16091022062526145 -0.0739650685033364
2.69222 -0.15946930953051885 -0.07270539640590368
2.69515 -0.15802780373914865 -0.07145570162830883
2.69807 -0.15658573477300902 -0.07021601335089855
2.70099 -0.15514313410350622 -0.06898636052036711
2.70391 -0.153700033151176 -0.0677667718490822
2.70684 -0.15225646328526474 -0.06655727581441251
2.70976 -0.15081245582331396 -0.06535790065806535
2.71268 -0.14936804203074164 -0.0641686743854244
2.7156 -0.1479232531204277 -0.06298962476489789
2.71853 -0.14647812025229853 -0.06182077932726893
2.72145 -0.14503267453291294 -0.060662165365053866
2.72437 -0.14358694701504854 -0.05951380993186339
2.72729 -0.14214096869728887 -0.05837573984177258
2.73022 -0.14069477052361198 -0.05724798166869349
2.73314 -0.1392483833829789 -0.05613056174575526
2.73606 -0.1378018381089244 -0.05502350616468932
2.73898 -0.1363551654791462 -0.05392684077522003
2.74191 -0.13490839621509731 -0.05284059118446005
2.74483 -0.13346156098157835 -0.051764782756314576
2.74775 -0.13201469038633065 -0.05069944061088716
2.75067 -0.13056781497963 -0.049644589623894175
2.7536 -0.1291209652538823 -0.04860025442608329
2.75652 -0.12767417164321876 -0.047566459402659134
2.75944 -0.12622746452309375 -0.046543228692713656
2.76236 -0.12478087420988111 -0.04553058618866168
2.76529 -0.12333443096047365 -0.04452855553568413
2.76821 -0.12188816497188262 -0.043537160131175145
2.77113 -0.12044210638083837 -0.042556423124196274
2.77405 -0.11899628526339122 -0.04158636741493549
2.77698 -0.11755073163451481 -0.04062701565417304
2.7799 -0.11610547544770898 -0.03967839024275177
2.78282 -0.11466054659460412 -0.03874051333105477
2.78574 -0.11321597490456756 -0.03781340681848788
2.78867 -0.11177179014430853 -0.03689709235296834
2.79159 -0.11032802201748658 -0.03599159133041918
2.79451 -0.10888470016432003 -0.035096924894269965
2.79743 -0.1074418541611949 -0.034213113934962736
2.80036 -0.10599951352027623 -0.03334017908946452
2.80328 -0.10455770768911923 -0.032478140740785255
2.8062 -0.10311646605028187 -0.031627019017501645
2.80912 -0.10167581792093956 -0.03078683379328806
2.81205 -0.10023579255249848 -0.029957604686451367
2.81497 -0.09879641913021273 -0.029139351059473406
2.81789 -0.09735772677280048 -0.028332092018558797
2.82081 -0.0959197445320629 -0.027535846413188958
2.82374 -0.09448250139250298 -0.026750632835681687
2.82666 -0.09304602627094595 -0.02597646962075717
2.82958 -0.09161034801616079 -0.02521337484510977
2.8325 -0.0901754954084827 -0.024461366326986145
2.83543 -0.08874149715943784 -0.02372046162576935
2.83835 -0.08730838191136694 -0.02299067804156818
2.84127 -0.08587617823705203 -0.022272032614813586
2.84419 -0.08444491463934409 -0.021564542125860786
2.84711 -0.08301461955079119 -0.020868223094597793
2.85004 -0.0815853213332683 -0.020183091780058948
2.85296 -0.08015704827760817 -0.01950916418004578
2.85588 -0.07872982860323309 -0.0188464560307533
2.8588 -0.07730369045778951 -0.018194982806402527
2.86173 -0.07587866191678094 -0.01755475971887943
2.86465 -0.07445477098320441 -0.01692580171737923
2.86757 -0.073032045587188 -0.01630812348805788
2.87049 -0.07161051358562863 -0.0157017394536888
2.87342 -0.07019020276183172 -0.015106663773326146
2.87634 -0.06877114082515214 -0.014522910341974393
2.87926 -0.0673533554106362 -0.013950492790263613
2.88218 -0.06593687407866486 -0.013389424484131274
2.88511 -0.06452172431459959 -0.01283971852451038
2.88803 -0.06310793352842627 -0.012301387747023496
2.89095 -0.06169552905440436 -0.01177444472168232
2.89387 -0.0602845381507147 -0.011258901752595696
2.8968 -0.05887498799910963 -0.010754770877680508
2.89972 -0.057466905704564246 -0.010262063868382132
2.90264 -0.05606031829492908 -0.009780792229398427
2.90556 -0.054655252720584024 -0.009310967198411957
2.90849 -0.05325173585409356 -0.008852599745827305
2.91141 -0.05184979448986398 -0.008405700574514507
2.91433 -0.0504494553438007 -0.007970280119559692
2.91725 -0.04905074505296816 -0.0075463485480211645
2.92018 -0.04765369017525061 -0.007133915758691822
2.9231 -0.0462583171890143 -0.00673299138186878
2.92602 -0.04486465249277112 -0.0063435847791274425
2.92894 -0.04347272240484363 -0.005965705043103675
2.93187 -0.04208255316303144 -0.005599360997281311
2.93479 -0.04069417092427952 -0.0052445611957858684
2.93771 -0.03930760176434685 -0.004901313923185047
2.94063 -0.03792287167747755 -0.004569627194295434
2.94356 -0.036540006576073085 -0.0042495087539951015
2.94648 -0.03515903229036581 -0.00394096607704264
2.9494 -0.03377997456809412 -0.0036440063679028523
2.95232 -0.032402859074179016 -0.003358636560578887
2.95525 -0.03102771139040213 -0.0030848633184494823
2.95817 -0.02965455701508516 -0.0028226930341137546
2.96109 -0.028283421362771347 -0.00257213182924243
2.96401 -0.026914329763907247 -0.0023331855544344027
2.96694 -0.025547307464527217 -0.0021058597890799557
2.96986 -0.024182379625938815 -0.001890159841230643
2.97278 -0.022819571324409822 -0.0016860907474758324
2.9757 -0.02145890755085678 -0.0014936572728245778
2.97863 -0.02010041321053506 -0.001312863910594153
2.98155 -0.018744113122730343 -0.001143714882305913
2.98447 -0.017390032020452268 -0.0009862141375858169
2.98739 -0.016038194550128365 -0.0008403653540730582
2.99032 -0.0146886252713008 -0.0007061719373335773
2.99324 -0.013341348656324034 -0.0005836370207805697
2.99616 -0.011996389090064204 -0.0004727634656020996
2.99908 -0.010653770869600064 -0.0003735538606930433
3.002 -0.009313518203925475 -0.0002860105225954701
3.00493 -0.007975655213653524 -0.00021013549544468546
3.00785 -0.006640205930722073 -0.0001459305509208253
3.01077 -0.005307194298101545 -0.0000933971882079998
3.01369 -0.00397664416950306 -0.000052536633959099355
3.01662 -0.0026485793090894284 -0.000023349842267150756
3.01954 -0.0013230233911871287 -5.837494643112784e-6
3.02246 -3.3496692633669984e-17 0.
