#1001 0.1 2.65246
0.1 4.799997599999998e15 3.999996e12
0.102552 3.3728397492203255e15 2.956013351108095e12
0.105105 2.390661369128564e15 2.200810507347069e12
0.107657 1.7085483070113972e15 1.6501876810766763e12
0.11021 1.2307084706829538e15 1.2457025772086655e12
0.112762 8.931929388624075e14 9.464365823658965e11
0.115315 6.529072429120199e14 7.235018088617881e11
0.117867 4.805486364658085e14 5.563418208002793e11
0.12042 3.5602064676520825e14 4.3021775772629126e11
0.122972 2.6542714965964284e14 3.3448522463137384e11
0.125525 1.9908362968747484e14 2.6140343409631992e11
0.128077 1.5018975599223806e14 2.053056775795519e11
0.13063 1.1393584560969247e14 1.6201710973841156e11
0.133182 8.689649693308512e13 1.284431415452897e11
0.135734 6.661588743838554e13 1.0227641772897902e11
0.138287 5.132202604362992e13 8.178681637573878e10
0.140839 3.972844139498398e13 6.566997855916162e10
0.143392 3.0895597204183938e13 5.293737788671459e10
0.145944 2.4133399728763586e13 4.283606195184653e10
0.148497 1.893217202226743e13 3.4789720062013145e10
0.151049 1.491348002124358e13 2.8355170699284676e10
0.153602 1.179489159687552e13 2.319006241370608e10
0.156154 9.36457502346597e12 1.9028774696694073e10
0.158707 7.462887586725319e12 1.5664347455539099e10
0.161259 5.96895884628511e12 1.29348657281744e10
0.163812 4.790862661623356e12 1.0713153435970428e10
0.166364 3.858381754783034e12 8.89893679742807e9
0.168916 3.117654926706735e12 7.412859610462891e9
0.171469 2.527198345891058e12 6.191893475652482e9
0.174021 2.0549346363931704e12 5.185803409253538e9
0.176574 1.6759646406053113e12 4.354415360850213e9
0.179126 1.3708890027866711e12 3.665495559092542e9
0.181679 1.1245386195439097e12 3.093098540770665e9
0.184231 9.250104589642823e11 2.6162756107218914e9
0.186784 7.62932410663548e11 2.2180615342089815e9
0.189336 6.309006159079421e11 1.884676800313973e9
0.191889 5.230472071900722e11 1.604897504929477e9
0.194441 4.347070299308112e11 1.3695560218251233e9
0.196994 3.621597754461018e11 1.1711440688320813e9
0.199546 3.0242977774128064e11 1.0034962041236684e9
0.202098 2.5313006061364328e11 8.61536701909859e8
0.204651 2.1234045962388553e11 7.410765274368085e8
0.207203 1.785120720867837e11 6.386500342517829e8
0.209756 1.503921164891095e11 5.513832494191772e8
0.212308 1.2696466406788144e11 4.7688735067802685e8
0.214861 1.0740375262720865e11 4.1317229120143336e8
0.217413 9.103618952978339e10 3.585765819458162e8
0.219966 7.7311959118945e10 3.1171006648890895e8
0.222518 6.578061574339251e10 2.7140717059603405e8
0.225071 5.607240154907133e10 2.3668861822812322e8
0.227623 4.788310413167454e10 2.067300078142232e8
0.230176 4.096188247026687e10 1.8083596086282325e8
0.232728 3.510145498303722e10 1.5841880755141696e8
0.23528 3.0130172192558113e10 1.3898097490094477e8
0.237833 2.5905596820523357e10 1.221004034665432e8
0.240385 2.2309292600354065e10 1.0741844670134144e8
0.242938 1.9242584632101887e10 9.46298099566405e7
0.24549 1.6623102490087826e10 8.347416870806405e7
0.248043 1.438195543899504e10 7.372917216175781e7
0.250595 1.2461419262807117e10 6.5204592143999614e7
0.253148 1.0813038098907564e10 5.773742067729312e7
0.2557 9.396063643220018e9 5.118775492888811e7
0.258253 8.176169198543191e9 4.543533689801015e7
0.260805 7.124388093663069e9 4.037663857109687e7
0.263358 6.216235643643592e9 3.592240234556482e7
0.26591 5.43098155208339e9 3.1995562122281186e7
0.268462 4.7510458670323925e9 2.8529483252505243e7
0.271015 4.1614966031409907e9 2.5466470024800576e7
0.273567 3.6496311777373943e9 2.2756498016574483e7
0.27612 3.2046270711673617e9 2.035613575660422e7
0.278672 2.8172497651422963e9 1.8227626026557397e7
0.281225 2.479608158835747e9 1.6338101995864486e7
0.283777 2.18494940806046e9 1.4658917417784043e7
0.28633 1.927486555489683e9 1.316507346351237e7
0.288882 1.7022534815000572e9 1.1834727556653796e7
0.291435 1.5049826554583218e9 1.0648771891018631e7
0.293987 1.3320019460272856e9 9.590471251319453e6
0.29654 1.1801473884176235e9 8.64515137506988e6
0.299092 1.046689332337803e9 7.799930449193532e6
0.301645 9.292698275981355e8 7.043487471200741e6
0.304197 8.258494618269231e8 6.365862159100574e6
0.306749 7.346621602769833e8 5.758281896859772e6
0.309302 6.541767023853092e8 5.213011878306697e6
0.311854 5.830639126681906e8 4.723225182695057e6
0.314407 5.201686520837283e8 4.2828899969278e6
0.316959 4.644858762124905e8 3.8866716070138523e6
0.319512 4.1514014343555474e8 3.529847126600392e6
0.322064 3.7136805377552027e8 3.2082312233144133e6
0.324617 3.325031805329432e8 2.91811135243987e6
0.327169 2.979631250294799e8 2.6561912190695014e6
0.329722 2.672383819089893e8 2.419541370094053e6
0.332274 2.3988275040371272e8 2.205555971078768e6
0.334827 2.155050672763807e8 2.0119149543001372e6
0.337379 1.937620710679647e8 1.8365508363970772e6
0.339931 1.7435223586464867e8 1.6776196001111602e6
0.342484 1.5701043691738752e8 1.5334751168758934e6
0.345036 1.4150333082691202e8 1.4026466576150013e6
0.347589 1.2762535024824125e8 1.2838190997528017e6
0.350141 1.1519522767345762e8 1.1758154905913298e6
0.352694 1.0405297523819982e8 1.0775816721078157e6
0.355246 9.40572580157804e7 988172.7109246008
0.357799 8.508310720559886e7 906740.9105940795
0.360351 7.701992723470014e7 832525.2121835129
0.362904 6.97697572784645e7 764841.8140839367
0.365456 6.324575324122247e7 703075.863555517
0.368009 5.737086096520203e7 646674.0912274588
0.370561 5.2076655478921734e7 595138.2759959112
0.373113 4.730232455698146e7 548019.4418509967
0.375666 4.299377782915522e7 504912.70040798374
0.378218 3.910286522126758e7 465452.6635694982
0.380771 3.5586690695700064e7 429309.3600212811
0.383323 3.2407009138227597e7 396184.59734911745
0.385876 2.952969585485739e7 365808.71861837304
0.388428 2.6924279535372265e7 337937.7084173987
0.390981 2.456353074157688e7 312350.6087501638
0.393533 2.2423099015233003e7 288847.2098737099
0.396086 2.0481192596687373e7 267245.9853003962
0.398638 1.87182955201672e7 247382.24379953637
0.401191 1.7116917522621505e7 229106.47440352853
0.403743 1.566137278435173e7 212282.86320703337
0.406295 1.4337584023913918e7 196787.9631933573
0.408848 1.313290890752213e7 182509.50047281958
0.4114 1.2035986113550251e7 169345.3022106267
0.413953 1.1036598723529862e7 157202.33318890704
0.416505 1.012555289899426e7 145995.82941718143
0.419058 9.2945700543848e6 135648.5185020429
0.42161 8.536190954984222e6 126089.91763149836
0.424163 7.843690359744059e6 117255.70104085327
0.426715 7.211000995614841e6 109087.12972136324
0.429268 6.632645795747223e6 101530.53692431685
0.43182 6.1036774614523165e6 94536.86371407552
0.434373 5.619624519465545e6 88061.23944473073
0.436925 5.1764431438992685e6 82062.60258590871
0.439477 4.770474098073733e6 76503.3578121377
0.44203 4.398404226722555e6 71349.06570440577
0.444582 4.0572319952129917e6 66568.16179842896
0.447135 3.744236630562383e6 62131.702057374736
0.449687 3.456950470175792e6 58013.132152216065
0.45224 3.1931341692534857e6 54188.07820493727
0.454792 2.9507544574801754e6 50634.15689222494
0.457345 2.727964170575585e6 47330.80302346896
0.459897 2.5230843131354563e6 44259.11289980512
0.46245 2.334587936428234e6 41401.70193319525
0.465002 2.161085638874794e6 38742.575158436885
0.467555 2.0013125182124225e6 36267.00940860905
0.470107 1.8541164231647304e6 33961.446047555226
0.472659 1.71844736910126e6 31813.393263201935
0.475212 1.593347996931372e6 29811.337024216726
0.477764 1.4779449675621514e6 27944.659890969906
0.480317 1.3714411958576948e6 26203.56695110032
0.482869 1.273108838340207e6 24579.018221168684
0.485422 1.182282958025063e6 23062.666919797775
0.487974 1.098355797915533e6 21646.803075117496
0.490527 1.0207716019164636e6 20324.301980941047
0.493079 949021.9283632798 19088.577062519602
0.495632 882641.4070944792 17933.536754491313
0.498184 821203.8961027614 16853.545031252605
0.500737 764318.9983527575 15843.385263858174
0.503289 711628.903414847 14898.227108098896
0.505841 662805.5221896118 14013.59615594723
0.508394 617547.8862350815 13185.34610741173
0.510946 575579.7861020594 12409.633242278735
0.513499 536647.6256696936 11682.892991486206
0.516051 500518.4717876495 11001.818426187963
0.518604 466978.2806028834 10363.340499128704
0.521156 435830.2838043324 9764.60988793084
0.523709 406893.519681483 9202.98030345387
0.526261 380001.4953835047 8675.99313866635
0.528814 355000.9681029536 8181.36334459495
0.531366 331750.83410840924 7716.966429999259
0.533919 310121.1156283362 7280.826490565216
0.536471 289992.03655705875 6871.105181707449
0.539023 271253.17882443726 6486.091556602159
0.541576 253802.71205400152 6124.192697911599
0.544128 237546.68983906144 5783.925077875704
0.546681 222398.40660085029 5463.906587095007
0.549233 208277.809564355 5162.849177466143
0.551786 195110.96090261344 4879.552069404356
0.554338 182829.54556477434 4612.895477741824
0.556891 171370.42072223758 4361.834814564125
0.559443 160675.20314539608 4125.395330776089
0.561996 150689.89116500967 3902.6671614046527
0.564548 141364.5181807616 3692.8007425787982
0.567101 132652.83495840937 3495.002570802001
0.569653 124512.01820907826 3308.5312775732846
0.572205 116902.40317237507 3132.6939946420607
0.574758 109787.23813144804 2966.8429872171005
0.57731 103132.45897506896 2810.372534309836
0.579863 96906.48209116 2662.7160370921038
0.582415 91080.01402967525 2523.3433377029833
0.584968 85625.87651189382 2391.7582323612814
0.58752 80518.84548941863 2267.496163941744
0.590073 75735.50307071483 2150.1220803643228
0.592625 71254.10123701538 2039.2284462371774
0.595178 67054.43636387067 1934.4333961937245
0.59773 63117.733650434086 1835.3790192804279
0.600283 59426.54063658872 1741.7297645923152
0.602835 55964.629058951185 1653.1709591237372
0.605387 52716.90436133041 1569.4074295092369
0.60794 49669.3222339492 1490.1622199784254
0.610492 46808.811609213044 1415.1753994448693
0.613045 44123.20359052043 1344.202951196676
0.615597 41601.165834986336 1277.0157391594294
0.61815 39232.141951412355 1213.3985451648937
0.620702 37006.29551172605 1153.1491720841223
0.623255 34914.45830776902 1096.0776080749372
0.625807 32948.08251602682 1042.0052475537975
0.62836 31099.19646093368 990.7641648335364
0.630912 29360.3636929962 942.1964366736893
0.633465 27724.645121373575 896.153510271218
0.636017 26185.563961939897 852.4956134786116
0.638569 24737.073281403533 811.0912042750665
0.641122 23373.52593594175 771.8164567367411
0.643674 22089.646719170956 734.5547809550983
0.646227 20880.50654924808 699.1963745398223
0.648779 19741.498538612075 665.6378035157829
0.651332 18668.31580243204 633.7816105831293
0.653884 17656.93087333788 603.5359488572107
0.656437 16703.576600555956 574.8142393411981
0.658989 15804.728421243524 547.5348505102537
0.661542 14957.087900685281 521.6207985024723
0.664094 14157.567446155053 496.99946651952587
0.666647 13403.276106713402 473.6023421394383
0.669199 12691.50637807142 451.3647713360999
0.671751 12019.721937948749 430.2257280854166
0.674304 11385.546243140478 410.1275985168765
0.676856 10786.751924825694 391.01597864250994
0.679409 10221.25092353916 372.83948476286923
0.681961 9687.085309723965 355.54957571249395
0.684514 9182.418739917988 339.1003861654405
0.687066 8705.52850243348 323.44857027542616
0.689619 8254.798109891814 308.5531549751551
0.692171 7828.710399200959 294.3754023057975
0.694724 7425.841102534254 280.878680190661
0.697276 7044.852855605951 268.0283411070574
0.699829 6684.489612062075 255.79160814750247
0.702381 6343.571435129932 244.13746799582108
0.704934 6020.989639814855 233.03657037578537
0.707486 5715.702260910526 222.46113355964067
0.710038 5426.729823914599 212.38485555154196
0.712591 5153.151397626136 202.7828305866386
0.715143 4894.1009087565235 193.63147061043836
0.717696 4648.763700322353 184.90843142535215
0.720248 4416.37331691511 176.5925432119853
0.722801 4196.208501169204 168.66374515202912
0.725353 3987.590386882758 161.10302389751595
0.727906 3789.8798752936336 153.89235564791665
0.730458 3602.4751819819853 147.01465161209
0.733011 3424.809542767288 140.45370664660354
0.735563 3256.349067796925 134.1941508754233
0.738116 3096.590733791462 128.22140410857475
0.740668 2945.060505122295 122.52163288909259
0.74322 2801.311575055706 117.08171000853179
0.745773 2664.922719107015 111.88917634150766
0.748325 2535.4967530134954 106.93220485925914
0.750878 2412.6590883583794 102.19956669111585
0.75343 2296.056379363512 97.68059911104294
0.755983 2185.3552548184966 93.36517533417829
0.758535 2080.2411295315383 89.24367601551853
0.761088 1980.4170900745678 85.3069623496547
0.76364 1885.6028499546203 81.54635067677769
0.766193 1795.5337696770866 77.95358850606922
0.768745 1709.9599374762963 74.52083187311008
0.771298 1628.645306776396 71.24062395308701
0.77385 1551.3668867129172 68.1058748564079
0.776402 1477.9139822935683 65.10984253783727
0.778955 1408.0874810076295 62.246114754487856
0.781507 1341.699182907802 59.50859201194602
0.78406 1278.5711713878252 56.89147144151083
0.786612 1218.5352220647192 54.389231554979816
0.789165 1161.4322473469992 51.99661782665569
0.791717 1107.111774430859 49.708629055283154
0.79427 1055.4314546157195 47.52050446146504
0.796822 1006.2566019696702 45.42771147877063
0.799375 959.4597595048539 43.42593419924428
0.801927 914.9202911435351 41.511062436363446
0.80448 872.523997867903 39.679181370684226
0.807032 832.1627565514518 37.92656174547501
0.809584 793.7341800673339 36.249650581562534
0.812137 757.141297360065 34.64506238242808
0.814689 722.2922522517938 33.10957080228794
0.817242 689.1000198334402 31.640100751486393
0.819794 657.482139364825 30.233720915025838
0.822347 627.3604626767184 28.88763666146326
0.824899 598.6609171320247 27.599183320719973
0.827452 571.3132822632699 26.365819810593536
0.830004 545.2509792595455 25.185122592921026
0.832557 520.4108725283527 24.054779941439055
0.835109 496.73308260660906 22.97258650441263
0.837662 474.1608097407208 21.936438146071545
0.840214 452.64016749821224 20.944327051800478
0.842766 432.12002581327414 19.99433708288403
0.845319 412.55186290581 19.084639367410503
0.847871 393.88962554838315 18.213488114694112
0.850424 376.08959718802026 17.379216641286654
0.852976 359.1102734602816 16.580233597317225
0.855529 342.91224466150715 15.815019382530728
0.858081 327.4580847717831 15.082122741985991
0.860634 312.71224664614635 14.380157531933826
0.863186 298.6409630148858 13.707799646921417
0.865739 285.2121529556698 13.063784099662962
0.868291 272.3953335206987 12.44690224568383
0.870844 260.1615362212785 11.855999145184951
0.873396 248.48322809015033 11.289971054987076
0.875948 237.33423705877175 10.747763043806534
0.878501 226.68968140250814 10.228366724480345
0.881053 216.52590302148568 9.730818097106443
0.883606 206.82040433871921 9.254195497391299
0.886158 197.5517886101314 8.797617644806303
0.888711 188.69970345327474 8.360241785444797
0.891263 180.24478741299495 7.9412619247461205
0.893816 172.1686193930183 7.5399071455128635
0.896368 164.45367079250505 7.155440006891466
0.898921 157.08326019606673 6.787155020216955
0.901473 150.0415104746142 6.434377197841595
0.904026 143.3133081627312 6.0964606712712675
0.906578 136.88426498609866 5.772787375130108
0.90913 130.740681419825 5.462765793654782
0.911683 124.8695121654556 5.1658297665957855
0.914235 119.25833344090778 4.881437351564963
0.916788 113.89531198367348 4.609069740024887
0.91934 108.76917567335849 4.348230224260799
0.921893 103.86918568501159 4.0984432128151935
0.924445 99.18511008975382 3.8592532919953033
0.926998 94.70719882398168 3.630224331187682
0.92955 90.42615995289286 3.4109386298310858
0.932103 86.33313715829165 3.2009961040093833
0.934655 82.41968838459653 3.000013510731052
0.937208 78.67776558069491 2.807623708060772
0.93976 75.09969547880439 2.623474949362337
0.942312 71.67816135479528 2.447230210000959
0.944865 68.40618571754338 2.2785665449367833
0.947417 65.27711387780683 2.117174475721196
0.94997 62.28459834987755 1.9627574054825683
0.952522 59.42258404185547 1.8150310605594724
0.955075 56.68529419283749 1.673722957506933
0.957627 54.067217017622426 1.5385718942652113
0.96018 51.563093021698116 1.4093274643410876
0.962732 49.16790295133067 1.2857495929094158
0.965285 46.87685634550071 1.1676080937965496
0.967837 44.68538065825235 1.0546822463594303
0.97039 42.58911092173603 0.9467603913225675
0.972942 40.583879921842616 0.8436395446816167
0.975494 38.66570885985423 0.7451250288264646
0.978047 36.83079847497375 0.6510301200778983
0.980599 35.075520603955376 0.5611757118720337
0.983152 33.39641015533873 0.4753899928637031
0.985704 31.790157476999102 0.3935081392559283
0.988257 30.253601096867268 0.31537202069615233
0.990809 28.783720817751473 0.24082991911203155
0.993362 27.37763114820954 0.1697362598899117
0.995914 26.03257505238258 0.10195135482816031
0.998467 24.745918002607258 0.03734115632464352
1.00102 23.51514231948215 -0.024222977716068073
1.00357 22.337841784873326 -0.08286450874570273
1.00612 21.211716514108875 -0.13870193267178
1.00868 20.134568074337363 -0.19184898563776231
1.01123 19.104294836705133 -0.24241484090676968
1.01378 18.11888755065847 -0.29050429725159566
1.01633 17.176425129281718 -0.3362179592348711
1.01889 16.27507063516604 -0.37965240974471737
1.02144 15.413067456844013 -0.420900375134345
1.02399 14.588735666346505 -0.46005088329733157
1.02654 13.800468548924323 -0.49718941499489366
1.0291 13.046729296439294 -0.5323980487366118
1.03165 12.326047856369428 -0.5657555995018644
1.0342 11.637017928782926 -0.597337751575973
1.03675 10.97829410403163 -0.6272171857621358
1.03931 10.348589134281264 -0.6554637012182467
1.04186 9.746671332350823 -0.6821443321560139
1.04441 9.171362091662742 -0.70732345962892
1.04696 8.621533521421497 -0.7310629186250357
1.04952 8.096106191437137 -0.7534221006707829
1.05207 7.594046981290426 -0.7744580521422866
1.05462 7.114367028806432 -0.7942255684718864
1.05717 6.656119773054027 -0.8127772844288863
1.05973 6.218399087331322 -0.8301637606453531
1.06228 5.8003374978229845 -0.8464335665500544
1.06483 5.401104483831134 -0.8616333598662289
1.06738 5.0199048556874075 -0.8758079628217377
1.06994 4.6559772066451295 -0.8890004352135579
1.07249 4.308592435236882 -0.9012521444620234
1.07504 3.9770523347546076 -0.9126028327842495
1.07759 3.6606882466765054 -0.9230906816102749
1.08015 3.358859775020604 -0.9327523733599405
1.0827 3.0709535587535344 -0.9416231506932742
1.08525 2.796382099525112 -0.9497368733420442
1.0878 2.534582642131496 -0.9571260726254289
1.09036 2.28501610523851 -0.9638220037481011
1.09291 2.0471660600154253 -0.9698546959747159
1.09546 1.8205377544454664 -0.9752530007705951
1.09801 1.6046571811868373 -0.9800446379944527
1.10057 1.3990701869613653 -0.9842562402252186
1.10312 1.2033416215463155 -0.9879133953013923
1.10567 1.017054524536841 -0.9910406871479369
1.10822 0.8398093481359853 -0.9936617349624235
1.11077 0.671223214311795 -0.9957992308289978
1.11333 0.5109292047418994 -0.9974749758257593
1.11588 0.35857568204054513 -0.9987099146882774
1.11843 0.21382564083576922 -0.999524169089252
1.12098 0.07635608733222593 -0.9999370695917107
1.12354 -0.002017444785838631 -0.9999987813978602
1.12609 -0.006791108181176255 -0.9999861287230194
1.12864 -0.011542993858577977 -0.9999597421939894
1.13119 -0.016273118584334455 -0.9999196225355679
1.13375 -0.020981498982420552 -0.9998657708497805
1.1363 -0.025668151539665042 -0.9997981886158507
1.13885 -0.030333092610850397 -0.999716877690159
1.1414 -0.03497633842374785 -0.9996218403061922
1.14396 -0.039597905084078414 -0.999513079074482
1.14651 -0.0441978085804134 -0.9993905969825327
1.14906 -0.04877606478900265 -0.9992543973947405
1.15161 -0.05333268947854349 -0.9991044840522995
1.15417 -0.057867698314881796 -0.9989408610730999
1.15672 -0.062381106865649565 -0.9987635329516147
1.15927 -0.06687293060484421 -0.9985725045587761
1.16182 -0.07134318491734043 -0.9983677811418421
1.16438 -0.07579188510334753 -0.9981493683242515
1.16693 -0.08021904638280086 -0.9979172721054705
1.16948 -0.0846246838997 -0.9976714988608272
1.17203 -0.0890088127263847 -0.9974120553413366
1.17459 -0.09337144786775374 -0.9971389486735156
1.17714 -0.0977126042654306 -0.9968521863591864
1.17969 -0.10203229680186784 -0.9965517762752711
1.18224 -0.1063305403044023 -0.9962377266735754
1.1848 -0.11060734954924971 -0.9959100461805614
1.18735 -0.11486273926545158 -0.995568743797111
1.1899 -0.11909672413876524 -0.9952138288982787
1.19245 -0.1233093188155015 -0.9948453112330339
1.19501 -0.12750053790631471 -0.9944632009239931
1.19756 -0.13167039598993627 -0.9940675084671421
1.20011 -0.13581890761686366 -0.9936582447315474
1.20266 -0.13994608731299438 -0.9932354209590579
1.20522 -0.14405194958321607 -0.9927990487639957
1.20777 -0.14813650891494498 -0.9923491401328378
1.21032 -0.15219977978161672 -0.991885707423886
1.21287 -0.15624177664613334 -0.991408763366928
1.21543 -0.16026251396425892 -0.9909183210628874
1.21798 -0.16426200618797437 -0.9904143939834641
1.22053 -0.16824026776878354 -0.9898969959707643
1.22308 -0.17219731316097445 -0.9893661412369201
1.22564 -0.1761331568248403 -0.9888218443636988
1.22819 -0.18004781322985108 -0.9882641203021032
1.23074 -0.18394129685778812 -0.9876929843719601
1.23329 -0.1878136222058303 -0.9871084522614999
1.23585 -0.19166480378960377 -0.9865105400269255
1.2384 -0.1954948561461864 -0.9858992640919716
1.24095 -0.19930379383707145 -0.985274641247453
1.2435 -0.20309163145109438 -0.984636688650804
1.24606 -0.20685838360731415 -0.9839854238256064
1.24861 -0.21060406495786071 -0.9833208646611089
1.25116 -0.21432869019073833 -0.9826430294117354
1.25371 -0.21803227403259504 -0.9819519366965832
1.25627 -0.22171483125145053 -0.9812476054989121
1.25882 -0.22537637665938715 -0.9805300551656229
1.26137 -0.22901692511520622 -0.9797993054067257
1.26392 -0.23263649152704347 -0.9790553762947986
1.26648 -0.23623509085495248 -0.9782982882644362
1.26903 -0.23981273811344794 -0.9775280621116891
1.27158 -0.24336944837401786 -0.9767447189934912
1.27413 -0.24690523676759746 -0.97594828042708
1.27669 -0.25042011848700874 -0.9751387682894048
1.27924 -0.2539141087893689 -0.9743162048165255
1.28179 -0.2573872229984597 -0.9734806126030027
1.28434 -0.26083947650706923 -0.9726320146012764
1.28689 -0.2642708847792953 -0.9717704341210356
1.28945 -0.26768146335282017 -0.9708958948285785
1.292 -0.2710712278411508 -0.9700084207461614
1.29455 -0.27444019393582675 -0.9691080362513405
1.2971 -0.27778837740859963 -0.9681947660763
1.29966 -0.28111579411357607 -0.9672686353071749
1.30221 -0.28442245998933613 -0.966329669383361
1.30476 -0.28770839106101465 -0.965377894096816
1.30731 -0.29097360344235823 -0.9644133355913511
1.30987 -0.29421811333774844 -0.963436020361913
1.31242 -0.2974419370441961 -0.9624459752538563
1.31497 -0.30064509095330877 -0.9614432274622058
1.31752 -0.3038275915532255 -0.9604278045309096
1.32008 -0.3069894554305268 -0.9593997343520821
1.32263 -0.31013069927211284 -0.9583590451652392
1.32518 -0.3132513398670568 -0.9573057655565205
1.32773 -0.3163513941084287 -0.9562399244579061
1.33029 -0.319430878995091 -0.9551615511464204
1.33284 -0.3224898116334703 -0.9540706752433291
1.33539 -0.3255282092392983 -0.9529673267133246
1.33794 -0.3285460891393301 -0.9518515358637033
1.3405 -0.33154346877303226 -0.9507233333435332
1.34305 -0.33452036569424864 -0.949582750142812
1.3456 -0.3374767975728383 -0.9484298175916153
1.34815 -0.34041278219628746 -0.947264567359237
1.35071 -0.34332833747129926 -0.9460870314533185
1.35326 -0.3462234814253545 -0.9448972422189703
1.35581 -0.3490982322082515 -0.9436952323378824
1.35836 -0.35195260809361933 -0.942481034827428
1.36092 -0.3547866274804067 -0.9412546830397552
1.36347 -0.3576003088943492 -0.940016210660872
1.36602 -0.3603936709894094 -0.9387656517097205
1.36857 -0.3631667325491972 -0.9375030405372419
1.37113 -0.3659195124883638 -0.936228411825434
1.37368 -0.36865202985397505 -0.9349418005863979
1.37623 -0.37136430382686053 -0.9336432421613762
1.37878 -0.37405635372294027 -0.9323327722197828
1.38134 -0.3767281989945305 -0.9310104267582224
1.38389 -0.37937985923162537 -0.9296762420995024
1.38644 -0.3820113541631583 -0.9283302548916343
1.38899 -0.38462270365824064 -0.9269725021068284
1.39155 -0.3872139277273799 -0.9256030210404764
1.3941 -0.3897850465236759 -0.9242218493101286
1.39665 -0.39233608034399553 -0.9228290248544602
1.3992 -0.39486704963012864 -0.921424585932228
1.40176 -0.3973779749699201 -0.9200085711212214
1.40431 -0.39986887709838526 -0.918581019317201
1.40686 -0.40233977689880124 -0.9171419697328319
1.40941 -0.404790695403781 -0.9156914618966046
1.41197 -0.40722165379632697 -0.9142295356517507
1.41452 -0.4096326734108629 -0.912756231155148
1.41707 -0.4120237757342499 -0.9112715888762176
1.41962 -0.41439498240677963 -0.9097756495958123
1.42218 -0.41674631522315037 -0.9082684544050953
1.42473 -0.4190777961334233 -0.9067500447044138
1.42728 -0.42138944724396077 -0.9052204622021593
1.42983 -0.423681290818345 -0.9036797489136238
1.43239 -0.4259533492782781 -0.9021279471598447
1.43494 -0.4282056452044658 -0.9005650995664422
1.43749 -0.43043820133748034 -0.8989912490624496
1.44004 -0.4326510405786075 -0.8974064388791327
1.4426 -0.43484418599067415 -0.8958107125488035
1.44515 -0.43701766079886023 -0.894204113903623
1.4477 -0.43917148839149117 -0.8925866870743988
1.45025 -0.44130569232081335 -0.8909584764893721
1.4528 -0.4434202963037544 -0.8893195268729969
1.45536 -0.4455153242226628 -0.8876698832447124
1.45791 -0.44759080012603514 -0.8860095909177057
1.46046 -0.44964674822922146 -0.8843386954976677
1.46301 -0.45168319291511877 -0.88265724288154
1.46557 -0.45370015873484576 -0.8809652792562533
1.46812 -0.45569767040840026 -0.8792628510974612
1.47067 -0.4576757528253032 -0.8775500051682606
1.47322 -0.45963443104522406 -0.8758267885179098
1.47578 -0.4615737302985923 -0.8740932484805342
1.47833 -0.4634936759871916 -0.8723494326738266
1.48088 -0.46539429368473917 -0.8705953889977406
1.48343 -0.4672756091374499 -0.8688311656331726
1.48599 -0.46913764826458376 -0.86705681104064
1.48854 -0.4709804371589799 -0.8652723739589496
1.49109 -0.4728040020875739 -0.8634779034038584
1.49364 -0.4746083694919014 -0.8616734486667281
1.4962 -0.47639356598858595 -0.8598590593131697
1.49875 -0.47815961836981197 -0.8580347851816841
1.5013 -0.4799065536037846 -0.8562006763822908
1.50385 -0.4816343988351727 -0.8543567832951536
1.50641 -0.48334318138553994 -0.8525031565691947
1.50896 -0.48503292875375975 -0.8506398471207057
1.51151 -0.48670366861641706 -0.8487669061319465
1.51406 -0.488355428828196 -0.8468843850497414
1.51662 -0.48998823742225295 -0.8449923355840651
1.51917 -0.4916021226105769 -0.8430908097066222
1.52172 -0.4931971127843351 -0.8411798596494204
1.52427 -0.49477323651420574 -0.8392595379033345
1.52683 -0.49633052255069693 -0.8373298972166658
1.52938 -0.4978689998244526 -0.8353909905936925
1.53193 -0.4993886974465445 -0.8334428712932136
1.53448 -0.5008896447087516 -0.8314855928270866
1.53704 -0.5023718710838267 -0.8295192089587569
1.53959 -0.5038354062257487 -0.827543773701782
1.54214 -0.5052802799699643 -0.8255593413183466
1.54469 -0.5067065223336146 -0.8235659663177732
1.54725 -0.5081141635157507 -0.8215637034550238
1.5498 -0.5095032338975358 -0.8195526077291966
1.55235 -0.5108737640424358 -0.8175327343820151
1.5549 -0.5122257846963963 -0.8155041388963108
1.55746 -0.5135593267880083 -0.8134668769944986
1.56001 -0.5148744214286617 -0.8114210046370467
1.56256 -0.5161710999126863 -0.8093665780209398
1.56511 -0.5174493937174808 -0.8073036535781345
1.56767 -0.5187093345036308 -0.8052322879740095
1.57022 -0.5199509541150134 -0.8031525381058101
1.57277 -0.5211742845788918 -0.8010644611010838
1.57532 -0.5223793581059973 -0.798968114316112
1.57788 -0.5235662070906004 -0.7968635553343344
1.58043 -0.5247348641105689 -0.7947508419647675
1.58298 -0.5258853619274174 -0.7926300322404156
1.58553 -0.5270177334863432 -0.7905011844166779
1.58809 -0.5281320119162511 -0.788364356969748
1.59064 -0.5292282305297696 -0.7862196085950075
1.59319 -0.5303064228232525 -0.7840669982054136
1.59574 -0.531366622476772 -0.781906584929881
1.5983 -0.5324088633541012 -0.7797384281116582
1.60085 -0.5334331795026835 -0.7775625873066963
1.6034 -0.5344396051535941 -0.775379122282014
1.60595 -0.5354281747214885 -0.7731880930140562
1.60851 -0.536398922804542 -0.7709895596870452
1.61106 -0.5373518841843788 -0.768783582691329
1.61361 -0.5382870938259895 -0.7665702226217213
1.61616 -0.5392045868776394 -0.7643495402758373
1.61871 -0.5401043986707662 -0.762121596652425
1.62127 -0.5409865647198675 -0.7598864529496873
1.62382 -0.5418511207223791 -0.7576441705636034
1.62637 -0.5426981025585408 -0.7553948110862405
1.62892 -0.543527546291256 -0.7531384363040631
1.63148 -0.5443394881659387 -0.7508751081962348
1.63403 -0.5451339646103509 -0.7486048889329169
1.63658 -0.545911012234432 -0.7463278408735603
1.63913 -0.546670667830117 -0.7440440265651919
1.64169 -0.5474129683711453 -0.7417535087406979
1.64424 -0.5481379510128613 -0.7394563503170989
1.64679 -0.5488456530920042 -0.7371526143938237
1.64934 -0.5495361121264878 -0.734842364250974
1.6519 -0.5502093658151747 -0.7325256633475877
1.65445 -0.550865452037636 -0.730202575319895
1.657 -0.5515044088539066 -0.7278731639795705
1.65955 -0.5521262745042278 -0.7255374933119809
1.66211 -0.5527310874087843 -0.7231956274744268
1.66466 -0.5533188861674287 -0.7208476307943809
1.66721 -0.5538897095594001 -0.7184935677677202
1.66976 -0.554443596543032 -0.7161335030569554
1.67232 -0.5549805862554524 -0.7137675014894546
1.67487 -0.5555007180122754 -0.7113956280556613
1.67742 -0.5560040313072825 -0.7090179479073111
1.67997 -0.5564905658120978 -0.7066345263556406
1.68253 -0.5569603613758531 -0.7042454288695947
1.68508 -0.5574134580248445 -0.7018507210740267
1.68763 -0.5578498959621819 -0.6994504687478965
1.69018 -0.5582697155674288 -0.6970447378224649
1.69274 -0.5586729573962339 -0.6946335943794799
1.69529 -0.5590596621799567 -0.6922171046493646
1.69784 -0.559429870825282 -0.6897953350093948
1.70039 -0.5597836244138272 -0.6873683519818792
1.70295 -0.5601209642017438 -0.6849362222323288
1.7055 -0.5604419316193079 -0.6824990125676274
1.70805 -0.5607465682705038 -0.6800567899341972
1.7106 -0.5610349159326019 -0.6776096214161579
1.71316 -0.5613070165557243 -0.675157574233486
1.71571 -0.5615629122624081 -0.6727007157401663
1.71826 -0.5618026453471563 -0.6702391134223447
1.72081 -0.5620262582759842 -0.6677728348964708
1.72337 -0.5622337936859567 -0.6653019479074437
1.72592 -0.562425294384719 -0.6628265203267495
1.72847 -0.5626008033500189 -0.6603466201505973
1.73102 -0.562760363729223 -0.6578623154980522
1.73358 -0.5629040188388237 -0.6553736746091628
1.73613 -0.5630318121639416 -0.6528807658430876
1.73868 -0.5631437873578177 -0.6503836576762178
1.74123 -0.5632399882413008 -0.6478824187002944
1.74379 -0.5633204588023268 -0.6453771176205272
1.74634 -0.5633852431953905 -0.642867823253704
1.74889 -0.5634343857410116 -0.6403546045263034
1.75144 -0.5634679309251924 -0.6378375304725997
1.754 -0.56348592339887 -0.6353166702327666
1.75655 -0.563488407977361 -0.6327920930509797
1.7591 -0.5634754296397978 -0.630263868273512
1.76165 -0.563447033528562 -0.6277320653468316
1.76421 -0.563403264948707 -0.6251967538156918
1.76676 -0.5633441693673769 -0.622658003321223
1.76931 -0.5632697924132171 -0.6201158835990176
1.77186 -0.563180179875779 -0.617570464477216
1.77442 -0.5630753777049184 -0.6150218158745884
1.77697 -0.5629554320101874 -0.612470007798613
1.77952 -0.5628203890602189 -0.6099151103435552
1.78207 -0.5626702952821068 -0.6073571936885396
1.78462 -0.5625051972607779 -0.6047963280956246
1.78718 -0.5623251417383581 -0.6022325839078706
1.78973 -0.562130175613534 -0.599666031547409
1.79228 -0.5619203459409057 -0.5970967415135079
1.79483 -0.5616956999303356 -0.5945247843806343
1.79739 -0.56145628494629 -0.5919502307965164
1.79994 -0.5612021485071755 -0.5893731514802035
1.80249 -0.5609333382846687 -0.5867936172201225
1.80504 -0.560649902103041 -0.5842116988721341
1.8076 -0.5603518879384757 -0.5816274673575856
1.81015 -0.5600393439183815 -0.5790409936613645
1.8127 -0.5597123183206993 -0.5764523488299464
1.81525 -0.5593708595732025 -0.573861603969446
1.81781 -0.5590150162527929 -0.5712688302436613
1.82036 -0.5586448370847901 -0.568674098872121
1.82291 -0.5582603709422155 -0.5660774811281271
1.82546 -0.5578616668450719 -0.5634790483367967
1.82802 -0.5574487739596156 -0.5608788718731049
1.83057 -0.5570217415976239 -0.5582770231599213
1.83312 -0.5565806192156589 -0.5556735736660511
1.83567 -0.5561254564143224 -0.5530685949042689
1.83823 -0.5556563029375097 -0.5504621584293574
1.84078 -0.5551732086716537 -0.5478543358361394
1.84333 -0.5546762236449679 -0.5452451987575129
1.84588 -0.5541653980266815 -0.5426348188624825
1.84844 -0.5536407821262707 -0.5400232678541911
1.85099 -0.5531024263926837 -0.5374106174679505
1.85354 -0.5525503814135626 -0.5347969394692702
1.85609 -0.5519846979144579 -0.5321823056518876
1.85865 -0.5514054267580403 -0.5295667878357938
1.8612 -0.550812618943306 -0.5269504578652628
1.86375 -0.5502063256047777 -0.5243333876068772
1.8663 -0.5495865980117008 -0.5217156489475536
1.86886 -0.5489534875672356 -0.5190973137925693
1.87141 -0.5483070458076426 -0.516478454063586
1.87396 -0.5476473244014651 -0.5138591416966742
1.87651 -0.5469743751487071 -0.5112394486403391
1.87907 -0.5462882499800049 -0.5086194468535411
1.88162 -0.5455890009557958 -0.5059992083037225
1.88417 -0.5448766802654819 -0.5033788049648276
1.88672 -0.5441513402265887 -0.5007583088153288
1.88928 -0.5434130332839202 -0.49813779183624685
1.89183 -0.5426618120087088 -0.4955173260091743
1.89438 -0.5418977290977615 -0.4928969833142999
1.89693 -0.541120837372601 -0.4902768357284293
1.89949 -0.5403311897786036 -0.4876569552230088
1.90204 -0.5395288393841319 -0.4850374137621486
1.90459 -0.5387138393796638 -0.4824182833006463
1.90714 -0.537886243076917 -0.4797996357820091
1.9097 -0.5370461039079697 -0.47718154313647876
1.91225 -0.5361934754243772 -0.4745640772790559
1.9148 -0.5353284112962841 -0.471947310107524
1.91735 -0.534450965311533 -0.46933131350047486
1.91991 -0.5335611913747691 -0.4667161593153337
1.92246 -0.5326591435065404 -0.464101919386386
1.92501 -0.5317448758423947 -0.461488665522804
1.92756 -0.5308184426319725 -0.4588764695066737
1.93012 -0.5298798982380958 -0.4562654030910249
1.93267 -0.528929297135854 -0.4536555379978575
1.93522 -0.5279666939116848 -0.451046945916174
1.93777 -0.5269921432624525 -0.44843969850000875
1.94033 -0.5260056999945224 -0.44583386736646036
1.94288 -0.525007419022831 -0.4432295240937244
1.94543 -0.5239973553699536 -0.4406267402191264
1.94798 -0.5229755641651681 -0.4380255872371588
1.95053 -0.5219421006435139 -0.4354261365975153
1.95309 -0.52089702014485 -0.43282845970312867
1.95564 -0.5198403781129073 -0.43023262790820993
1.95819 -0.518772230094339 -0.4276387125162884
1.96074 -0.5176926317377669 -0.42504678477825175
1.9633 -0.5166016387928246 -0.42245691589039036
1.96585 -0.5154993071091978 -0.41986917699244186
1.9684 -0.5143856926356601 -0.4172836391656347
1.97095 -0.5132608514191089 -0.41470037343073907
1.97351 -0.5121248396035926 -0.41211945074611267
1.97606 -0.5109777134293408 -0.4095409420057545
1.97861 -0.509819529231787 -0.40696491803735546
1.98116 -0.5086503434405899 -0.40439144960035356
1.98372 -0.507470212578653 -0.4018206073839907
1.98627 -0.506279193261138 -0.3992524620053699
1.98882 -0.5050773421944789 -0.39668708400751684
1.99137 -0.5038647161753897 -0.3941245438574412
1.99393 -0.5026413720898733 -0.3915649119442012
1.99648 -0.5014073669122231 -0.3890082585769705
1.99903 -0.5001627577040254 -0.3864546539831061
2.00158 -0.4989076016131576 -0.38390416830622065
2.00414 -0.49764195587278354 -0.38135687160425424
2.00669 -0.49636587780034674 -0.3788128338475516
2.00924 -0.49507942479656014 -0.37627212491693773
2.01179 -0.4937826543443948 -0.37373481460180136
2.01435 -0.4924756240080648 -0.37120097259817564
2.0169 -0.4911583914320091 -0.36867066850682473
2.01945 -0.4898310143398731 -0.3661439718313315
2.022 -0.4884935505334856 -0.36362095197618904
2.02456 -0.48714605789183435 -0.36110167824489414
2.02711 -0.48578859437003874 -0.35858621983804195
2.02966 -0.484421217998321 -0.35607464585142745
2.03221 -0.4830439868809746 -0.3535670252741472
2.03477 -0.4816569591953293 -0.3510634269867017
2.03732 -0.48026019319071617 -0.34856391975910717
2.03987 -0.47885374718742896 -0.3460685722490038
2.04242 -0.47743767957568356 -0.3435774529997714
2.04498 -0.4760120488145745 -0.3410906304386443
2.04753 -0.4745769134310318 -0.33860817287483513
2.05008 -0.47313233201877364 -0.3361301484976563
2.05263 -0.4716783632372564 -0.33365662537464646
2.05519 -0.47021506581062567 -0.3311876714497026
2.05774 -0.46874249852666255 -0.32872335454121293
2.06029 -0.46726072023572957 -0.3262637423401936
2.06284 -0.46576978984971285 -0.32380890240842886
2.0654 -0.46426976634096556 -0.32135890217661744
2.06795 -0.46276070874124725 -0.3189138089425183
2.0705 -0.4612426761406603 -0.3164736898691022
2.07305 -0.45971572768658864 -0.31403861198270766
2.07561 -0.45817992258263085 -0.3116086421711999
2.07816 -0.45663532008753394 -0.3091838471821331
2.08071 -0.45508197951412327 -0.30676429362091606
2.08326 -0.4535199602282339 -0.30435004794898446
2.08582 -0.4519493216476381 -0.3019411764819746
2.08837 -0.4503701232409714 -0.29953774538790034
2.09092 -0.4487824245266582 -0.29713982068533784
2.09347 -0.44718628507183555 -0.29474746824161124
2.09603 -0.4455817644912754 -0.2923607537709827
2.09858 -0.4439689224463039 -0.2899797428328481
2.10113 -0.44234781864372313 -0.2876045008299355
2.10368 -0.4407185128347275 -0.2852350930065102
2.10624 -0.43908106481382136 -0.282871584446581
2.10879 -0.43743553441773364 -0.2805140400721122
2.11134 -0.43578198152433334 -0.278162524641242
2.11389 -0.43412046605154186 -0.27581710274650306
2.11645 -0.43245104795624423 -0.27347783881304655
2.119 -0.43077378723320153 -0.2711447970968751
2.12155 -0.42908874391395935 -0.26881804168307555
2.1241 -0.4273959780657568 -0.2664976364840611
2.12665 -0.42569554979043367 -0.26418364523781235
2.12921 -0.42398751922333755 -0.26187613150612987
2.13176 -0.42227194653222955 -0.2595751586728867
2.13431 -0.4205488919161875 -0.257280789942286
2.13686 -0.4188184156045116 -0.2549930883371283
2.13942 -0.4170805778556264 -0.25271211669707727
2.14197 -0.415335438955983 -0.25043793767693523
2.14452 -0.41358305921895916 -0.24817061374492067
2.14707 -0.4118234989837619 -0.24591020718095424
2.14963 -0.410056818614326 -0.24365678007494718
2.15218 -0.4082830784982118 -0.2414103943250947
2.15473 -0.4065023390455061 -0.23917111163617744
2.15728 -0.4047146606877178 -0.23693899351786596
2.15984 -0.4029201038766761 -0.23471410128303116
2.16239 -0.40111872908342544 -0.2324964960460586
2.16494 -0.3993105967971238 -0.2302862387211727
2.16749 -0.3974957675239361 -0.22808339002076172
2.17005 -0.3956743017859293 -0.2258880104537091
2.1726 -0.39384626011996804 -0.22370016032373452
2.17515 -0.3920117030766077 -0.2215198997277339
2.1777 -0.39017069121898845 -0.21934728855413177
2.18026 -0.3883232851217273 -0.217182386481233
2.18281 -0.3864695453698135 -0.2150252529755864
2.18536 -0.3846095325574991 -0.2128759472903503
2.18791 -0.3827433072871913 -0.2107345284636637
2.19047 -0.3808709301683462 -0.20860105531702633
2.19302 -0.3789924618163593 -0.2064755864536829
2.19557 -0.3771079628514581 -0.2043581802570118
2.19812 -0.3752174938975923 -0.20224889488892206
2.20068 -0.3733211155813273 -0.20014778828825663
2.20323 -0.37141888853073446 -0.1980549181692004
2.20578 -0.3695108733742818 -0.19597034201969388
2.20833 -0.36759713073972694 -0.1938941170998555
2.21089 -0.3656777212530072 -0.19182630044040794
2.21344 -0.36375270553713196 -0.18976694884111256
2.21599 -0.361822144211072 -0.18771611886920714
2.21854 -0.35988609788865455 -0.18567386685785436
2.2211 -0.3579446271774521 -0.1836402489045934
2.22365 -0.35599779267767456 -0.18161532086979837
2.2262 -0.3540456549810626 -0.17959913837514552
2.22875 -0.35208827466977916 -0.17759175680208394
2.23131 -0.3501257123153018 -0.17559323129031534
2.23386 -0.348158028477315 -0.173603616736278
2.23641 -0.3461852837026049 -0.17162296779164077
2.23896 -0.34420753852395153 -0.16965133886180095
2.24152 -0.3422248534590217 -0.1676887841043888
2.24407 -0.3402372890092654 -0.16573535742778178
2.24662 -0.33824490565880905 -0.1637911124896232
2.24917 -0.336247763873351 -0.16185610269534756
2.25173 -0.33424592409905574 -0.15993038119671388
2.25428 -0.33223944676145273 -0.158014000890346
2.25683 -0.3302283922643311 -0.1561070144162806
2.25938 -0.32821282098863613 -0.15420947415651842
2.26194 -0.32619279329136946 -0.15232143223358807
2.26449 -0.3241683695044857 -0.15044294050911322
2.26704 -0.3221396099337925 -0.14857405058238893
2.26959 -0.32010657485784877 -0.146714813788962
2.27215 -0.3180693245268676 -0.1448652811992237
2.2747 -0.3160279191616162 -0.1430255036170055
2.27725 -0.313982418952317 -0.14119553157818276
2.2798 -0.3119328840575524 -0.139375415349289
2.28236 -0.3098793746031673 -0.1375652049261329
2.28491 -0.3078219506811744 -0.13576495003242584
2.28746 -0.3057606723486579 -0.13397470011841595
2.29001 -0.3036955996266822 -0.13219450435953028
2.29256 -0.3016267924991984 -0.1304244116550235
2.29512 -0.2995543109119509 -0.12866447062663433
2.29767 -0.29747821477138925 -0.1269147296172508
2.30022 -0.2953985639435769 -0.12517523668958264
2.30277 -0.2933154182531033 -0.1234460396248398
2.30533 -0.291228837481995 -0.12172718592142007
2.30788 -0.2891388813686312 -0.12001872279360581
2.31043 -0.28704560960665765 -0.11832069717026683
2.31298 -0.28494908184390133 -0.11663315569356825
2.31554 -0.28284935768128955 -0.11495614471769433
2.31809 -0.280746496671767 -0.11328971030757085
2.32064 -0.2786405583192159 -0.11163389823760272
2.32319 -0.27653160207737565 -0.10998875399041408
2.32575 -0.27441968734876665 -0.10835432275560153
2.3283 -0.27230487348361354 -0.1067306494284912
2.33085 -0.2701872197787681 -0.10511777860890525
2.3334 -0.26806678547663776 -0.10351575459993856
2.33596 -0.2659436297641129 -0.1019246214067403
2.33851 -0.2638178117714939 -0.1003444227353052
2.34106 -0.26168939057142465 -0.09877520199127376
2.34361 -0.25955842517782224 -0.09721700227873986
2.34617 -0.2574249745448127 -0.09566986639906627
2.34872 -0.2552890975656631 -0.09413383684970866
2.35127 -0.25315085307172125 -0.0926089558230494
2.35382 -0.25101029983135276 -0.09109526520523858
2.35638 -0.24886749654888 -0.0895928065750411
2.35893 -0.24672250186352554 -0.08810162120269804
2.36148 -0.24457537434835397 -0.08662175004879058
2.36403 -0.24242617250921847 -0.08515323376311601
2.36659 -0.24027495478370436 -0.0836961126835698
2.36914 -0.23812177954008143 -0.08225042683503991
2.37169 -0.23596670507625173 -0.08081621592830501
2.37424 -0.23380978961870144 -0.07939351935894479
2.3768 -0.23165109132145648 -0.07798237620625825
2.37935 -0.2294906682650367 -0.07658282523218918
2.3819 -0.22732857845541482 -0.07519490488026237
2.38445 -0.22516487982297365 -0.07381865327452641
2.38701 -0.22299963022147026 -0.07245410821850817
2.38956 -0.22083288742699822 -0.07110130719417329
2.39211 -0.21866470913695177 -0.06976028736089646
2.39466 -0.2164951529689954 -0.06843108555444144
2.39722 -0.21432427646003208 -0.06711373828594858
2.39977 -0.21215213706517555 -0.06580828174093256
2.40232 -0.20997879215672186 -0.0645147517782878
2.40487 -0.20780429902312772 -0.06323318392930366
2.40743 -0.20562871486798717 -0.06196361339668921
2.40998 -0.20345209680901047 -0.06070607505360426
2.41253 -0.20127450187700835 -0.059460603442704096
2.41508 -0.19909598701487483 -0.05822723277518893
2.41764 -0.19691660907657524 -0.05700599692986441
2.42019 -0.19473642482613257 -0.05579692945221082
2.42274 -0.19255549093662147 -0.05460006355346292
2.42529 -0.19037386398916045 -0.053415432109696126
2.42785 -0.18819160047190647 -0.052243067660924014
2.4304 -0.18600875677905543 -0.051083002410204914
2.43295 -0.18382538920984093 -0.049935268222756735
2.4355 -0.1816415539675379 -0.04879989662508244
2.43806 -0.17945730715846706 -0.04767691880410263
2.44061 -0.177272704791004 -0.046566365606300675
2.44316 -0.1750878027745885 -0.045468267536874274
2.44571 -0.17290265691873663 -0.04438265475889769
2.44827 -0.17071732293205769 -0.0433095570924934
2.45082 -0.1685318564212706 -0.04224900401401288
2.45337 -0.1663463128902249 -0.041201024655227236
2.45592 -0.16416074773892272 -0.04016564780252618
2.45847 -0.1619752162625456 -0.039142901896128235
2.46103 -0.15978977365048197 -0.03813281502929944
2.46358 -0.1576044749853569 -0.037135414947580325
2.46613 -0.15541937524206767 -0.036150729048026076
2.46868 -0.15323452928681836 -0.03517878437845201
2.47124 -0.15104999187615942 -0.03421960763669185
2.47379 -0.14886581765602827 -0.03327322516986286
2.47634 -0.14668206116079519 -0.032339662973644545
2.47889 -0.14449877681230958 -0.03141894669156231
2.48145 -0.14231601891894913 -0.03051110161428383
2.484 -0.14013384167467444 -0.029616152678924923
2.48655 -0.13795229915808324 -0.028734124468364097
2.4891 -0.13577144533146965 -0.027865041210566988
2.49166 -0.13359133403988452 -0.027008926777921438
2.49421 -0.1314120190102011 -0.026165804686581362
2.49676 -0.12923355385018173 -0.025335698095821035
2.49931 -0.1270559920475468 -0.02451862980739883
2.50187 -0.12487938696905011 -0.023714622264930707
2.50442 -0.12270379185955366 -0.02292369755327428
2.50697 -0.12052925984110725 -0.02214587739792151
2.50952 -0.11835584391202994 -0.021381183164402184
2.51208 -0.11618359694599661 -0.020629635857697393
2.51463 -0.1140125716911258 -0.019891256121662204
2.51718 -0.11184282076906996 -0.019166064238458347
2.51973 -0.10967439667411213 -0.01845408012799754
2.52229 -0.1075073517722624 -0.017755323347394603
2.52484 -0.1053417383003593 -0.01706981309042943
2.52739 -0.10317760836517242 -0.016397568187019873
2.52994 -0.10101501394251242 -0.01573860710270547
2.5325 -0.09885400687633945 -0.015092947938139423
2.53505 -0.09669463887787656 -0.014460608428591204
2.5376 -0.09453696152472853 -0.013841605943459734
2.54015 -0.09238102626000087 -0.013235957485796757
2.54271 -0.09022688439142403 -0.012643679691838994
2.54526 -0.08807458709047869 -0.012064788830551398
2.54781 -0.08592418539152881 -0.011499300803180623
2.55036 -0.08377573019095326 -0.010947231142817704
2.55292 -0.08162927224628219 -0.010408595013971622
2.55547 -0.07948486217533958 -0.009883407212153306
2.55802 -0.07734255045538545 -0.009371682163468176
2.56057 -0.07520238742226389 -0.008873433924220575
2.56313 -0.07306442326955201 -0.00838867618052741
2.56568 -0.07092870804771709 -0.007917422247942785
2.56823 -0.06879529166327196 -0.007459685071091182
2.57078 -0.0666642238779358 -0.007015477223312638
2.57334 -0.06453555430780084 -0.006584810906317351
2.57589 -0.06240933242249902 -0.0061676979498502815
2.57844 -0.06028560754437466 -0.005764149811366526
2.58099 -0.05816442884765802 -0.005374177575715899
2.58355 -0.05604584535764722 -0.004997791954839403
2.5861 -0.05392990594988866 -0.0046350032874742375
2.58865 -0.051816659349362894 -0.00428582153887036
2.5912 -0.049706154129676335 -0.003950256300516153
2.59376 -0.04759843871225388 -0.0036283167898755186
2.59631 -0.045493561365534896 -0.003320011850134197
2.59886 -0.04339157020417622 -0.003025349949957512
2.60141 -0.041292513188256 -0.0027443391832571162
2.60397 -0.03919643812248174 -0.0024769872689689443
2.60652 -0.03710339265540179 -0.0022233015508410503
2.60907 -0.03501342427862305 -0.001983288997232213
2.61162 -0.03292658032602974 -0.00175695620092009
2.61418 -0.03084290797300575 -0.001544309378920472
2.61673 -0.028762454235663953 -0.0013453543723160877
2.61928 -0.026685265970076585 -0.001160096646096842
2.62183 -0.024611389871509952 -0.0009885412890091594
2.62438 -0.022540872473662578 -0.000830693013416095
2.62694 -0.02047376014790993 -0.0006865561551685495
2.62949 -0.018410099102549992 -0.0005561346734853645
2.63204 -0.0163499353820528 -0.00043943215084518705
2.63459 -0.014293314866316905 -0.00033645179288788185
2.63715 -0.012240283269927122 -0.00024719642832637945
2.6397 -0.0101908861414166 -0.0001716685088690717
2.64225 -0.008145168862532548 -0.00010987010915219919
2.6448 -0.006103176647508549 -0.00006180292668334086
2.64736 -0.004064954542337907 -0.00002746828179456262
2.64991 -0.0020305474240510835 -6.867117605890982e-6
2.65246 -4.7399719971080573e-17 0.
