#1001 0.1 2.22246
0.1 4.799997599999998e15 3.999996e12
0.102122 3.5771991516539625e15 3.108881581172092e12
0.104245 2.6820823880562425e15 2.428848489481941e12
0.106367 2.022656356406218e15 1.907029965633154e12
0.10849 1.53388733741094e15 1.5044926318359553e12
0.110612 1.1694788088290172e15 1.19238811634453e12
0.112735 8.962523436031158e14 9.492145712861523e11
0.114857 6.902775895520415e14 7.588548926758196e11
0.11698 5.3418762522883925e14 6.091622755289891e11
0.119102 4.1530366953623556e14 4.9093406353973474e11
0.121225 3.243163802798627e14 3.9716284708547986e11
0.123347 2.5435256847715734e14 3.224867535698456e11
0.12547 2.0031057952586347e14 2.6278370860025412e11
0.127592 1.5838416308869225e14 2.1487035746836243e11
0.129714 1.2571940237737727e14 1.762774947056715e11
0.131837 1.001661369705818e14 1.4508172352289206e11
0.133959 8.00968799252337e13 1.197786568039933e11
0.136082 6.4274214256559484e13 9.918696268563994e10
0.138204 5.175319944211593e13 8.237542372964632e10
0.140327 4.18091933799986e13 6.860724777346221e10
0.142449 3.388421826159115e13 5.729737015322592e10
0.144572 2.754692317426403e13 4.7979582314478714e10
0.146694 2.2462563564955883e13 4.0281124723784164e10
0.148817 1.8370394326885027e13 3.3902973350421127e10
0.150939 1.5066574406840088e13 2.86044865537557e10
0.153062 1.239118667390854e13 2.419140443819713e10
0.155184 1.0218343490189818e13 2.0506435519781273e10
0.157306 8.448615493806426e12 1.742184755302056e10
0.159429 7.003216493907792e12 1.4833616369709024e10
0.161551 5.819520954035409e12 1.2656790121829468e10
0.163674 4.847596495000794e12 1.0821804875715105e10
0.165796 4.047512364790977e12 9.271547328617441e9
0.167919 3.387243241998206e12 7.959006145609863e9
0.170041 2.841031376303674e12 6.845388491302225e9
0.172164 2.388102789969305e12 5.898605331439955e9
0.174286 2.011657890751336e12 5.09204993402253e9
0.176409 1.6980754487843638e12 4.403610160348538e9
0.178531 1.4362829913625105e12 3.8148677001780405e9
0.180654 1.2172573960847231e12 3.310447203281582e9
0.182776 1.033627649747019e12 2.877485924258019e9
0.184898 8.793580095006002e11 2.5052005111198807e9
0.187021 7.494946188066849e11 2.1845323001630874e9
0.189143 6.399623420244646e11 1.9078562137912912e9
0.191266 5.474014502218246e11 1.66874131287177e9
0.193388 4.6903601490846844e11 1.4617533998263364e9
0.195511 4.025675957531516e11 1.282291933984231e9
0.197633 3.4608915685546564e11 1.1264550085766158e9
0.199756 2.980152006061213e11 9.909273285275314e8
0.201878 2.570249349552522e11 8.728870819699979e8
0.204001 2.2201593990531464e11 7.699283648545237e8
0.206123 1.9206631138981833e11 6.799964353768559e8
0.208246 1.6640366557406332e11 6.013335733835354e8
0.210368 1.4437970736200912e11 5.3243372324193156e8
0.21249 1.2544932161665259e11 4.72004425758104e8
0.214613 1.0915334837539651e11 4.1893481057654136e8
0.216735 9.51043651405152e10 3.722686370295243e8
0.218858 8.297492872476347e10 3.311815481371142e8
0.22098 7.248783285418416e10 2.949618470028877e8
0.223103 6.3408021053215546e10 2.629942233050179e8
0.225225 5.553586141801057e10 2.3474595484733406e8
0.227348 4.87015440031325e10 2.097551891548564e8
0.22947 4.276040529977944e10 1.8762097605499405e8
0.231593 3.758901972821169e10 1.6799477665157208e8
0.233715 3.30819268382869e10 1.505732191576386e8
0.235838 2.914888631224826e10 1.350919093960041e8
0.23796 2.5712571932468636e10 1.2132013477907224e8
0.240082 2.2706631244978615e10 1.0905632636247703e8
0.242205 2.0074050383473133e10 9.812416504535721e7
0.244327 1.7765773953079388e10 8.836923591206712e7
0.24645 1.5739538438952211e10 7.965614968893966e7
0.248572 1.3958884648803133e10 7.18660628287177e7
0.250695 1.2392320501114546e10 6.489453824832406e7
0.252817 1.101261025892578e10 5.8649697573681556e7
0.25494 9.796170266666134e9 5.305062316962785e7
0.257062 8.722554523975903e9 4.802597448608926e7
0.259185 7.774016147394182e9 4.3512788526051514e7
0.261307 6.935133027322333e9 3.945543869609812e7
0.26343 6.192487864730551e9 3.580473006891245e7
0.265552 5.534394335867083e9 3.2517112279411875e7
0.267675 4.950662437998823e9 2.9553993983942997e7
0.269797 4.432397159475024e9 2.6881145111851376e7
0.271919 3.971825529753262e9 2.4468175094761793e7
0.274042 3.562147869589177e9 2.228807692465697e7
0.276164 3.1974097032086287e9 2.0316828312209237e7
0.278287 2.8723913334722037e9 1.853304242948047e7
0.280409 2.5825125347769322e9 1.691766175772182e7
0.282532 2.3237502007761145e9 1.5453689448212031e7
0.284654 2.0925671065972412e9 1.412595336432318e7
0.286777 1.885850217788438e9 1.2920898625232961e7
0.288899 1.7008572087862654e9 1.1826405031916501e7
0.291022 1.535170048986441e9 1.0831626237778012e7
0.293144 1.38665468011774e9 9.926847940994803e6
0.295267 1.2534259492470627e9 9.103362733058058e6
0.297389 1.1338170812964041e9 8.35335954636591e6
0.299511 1.0263530767094676e9 7.66982591006993e6
0.301634 9.297275066174883e8 7.046461453669845e6
0.303756 8.427822518304486e8 6.477601297180531e6
0.305879 7.644897951637255e8 5.958148139405129e6
0.308001 6.939377306364609e8 5.483512005643357e6
0.310124 6.303151993250978e8 5.049556746218121e6
0.312246 5.729010012868413e8 4.652552490228089e6
0.314369 5.210531669663971e8 4.289133357256909e6
0.316491 4.741998006966564e8 3.9562598153845216e6
0.318614 4.3183103400439876e8 3.651185148467129e6
0.320736 3.9349194803272563e8 3.371425560752081e6
0.322859 3.587763429997075e8 3.1147335037396634e6
0.324981 3.273212486584599e8 2.87907385988772e6
0.327103 2.988020835740328e8 2.6626026612185696e6
0.329226 2.729283829992082e8 2.46364805894331e6
0.331348 2.494400254806685e8 2.2806932935681418e6
0.333471 2.2810389728617892e8 2.112361444199103e6
0.335593 2.0871094150639963e8 1.9574017614396238e6
0.337716 1.9107354541772047e8 1.8146774108365113e6
0.339838 1.7502322553712237e8 1.6831544736682994e6
0.341961 1.604085748782789e8 1.5618920693287863e6
0.344083 1.4709344133436728e8 1.4500334789356457e6
0.346206 1.349553099570274e8 1.3467981633486415e6
0.348328 1.2388386524966437e8 1.2514745807391948e6
0.350451 1.137797125131364e8 1.1634137194098136e6
0.352573 1.0455323982992172e8 1.0820232708890564e6
0.354695 9.612360449828961e7 1.0067623765749976e6
0.356818 8.841782967332044e7 937136.8884980237
0.35894 8.136999867341341e7 872695.0912362703
0.361063 7.492053590093833e7 813023.8377439997
0.363185 6.9015564631289e7 757745.0569321999
0.365308 6.3606333069513574e7 706512.5953479139
0.36743 5.864870107851262e7 659009.3593019405
0.369553 5.410268086529423e7 614944.7273519273
0.371675 4.993202568747695e7 574052.2062118336
0.373798 4.610386132454018e7 536087.3059742582
0.37592 4.258835565895902e7 500825.61303969397
0.378043 3.935842224145873e7 468061.0413811655
0.380165 3.638945418107282e7 437604.24476532894
0.382287 3.3659085112182684e7 409281.174329075
0.38441 3.1146974353992302e7 382931.7674982134
0.386532 2.8834613698834214e7 358408.75565326854
0.388655 2.6705153549423803e7 335576.5792154443
0.390777 2.4743246376187734e7 314310.3999602738
0.3929 2.293490568799425e7 294495.2013818728
0.395022 2.126737890646093e7 276024.968840283
0.397145 1.9729032708503794e7 258801.94203946198
0.399267 1.8309249556574624e7 242735.93311449233
0.40139 1.6998334273417443e7 227743.70426244297
0.403512 1.578742964019668e7 213748.39944018994
0.405635 1.4668440105298778e7 200679.02518151313
0.407757 1.363396278754892e7 188469.97606123786
0.409879 1.2677225043406758e7 177060.60076184783
0.412002 1.1792027944118315e7 166394.80508277702
0.414124 1.097269507688506e7 156420.6885790669
0.416247 1.0214026144803287e7 147090.21182816307
0.418369 9.511254894468678e6 138358.89160495222
0.420492 8.860010948463202e6 130185.52149883454
0.422614 8.256285163096774e6 122531.91573552327
0.424737 7.696398170340184e6 115362.67417293678
0.426859 7.17697179736394e6 108644.96662718632
0.428982 6.694903087943795e6 102348.3348533631
0.431104 6.247340677602645e6 96444.51065833653
0.433227 5.8316632990869405e6 90907.24876076472
0.435349 5.4454602169328965e6 85712.17313837835
0.437471 5.086513409744915e6 80836.63571569389
0.439594 4.752781336630437e6 76259.58634775456
0.441716 4.442384140230695e6 71961.4531483519
0.443839 4.153590153152236e6 67924.0322954026
0.445961 3.8848035875097844e6 64130.38652254737
0.448084 3.6345532988938456e6 60564.75157539085
0.450206 3.401482526511457e6 57212.44997378354
0.452329 3.1843395206394535e6 54059.81147876403
0.454451 2.9819689769837935e6 51094.09971479419
0.456574 2.793304205154383e6 48303.444445209694
0.458696 2.6173599653283427e6 45676.779041850816
0.460819 2.453225913362932e6 43203.78272899085
0.462941 2.300060600202432e6 40874.82721735819
0.465063 2.15708597646146e6 38680.927376525055
0.467186 2.0235823576171391e6 36613.695623557025
0.469308 1.8988838093524165e6 34665.299732807594
0.471431 1.7823739163078791e6 32828.42379637728
0.473553 1.673481900858157e6 31096.23208722157
0.475676 1.571679061567892e6 29462.335597415677
0.477798 1.4764755037324284e6 27920.76104281653
0.479921 1.3874171368985218e6 26465.922142486044
0.482043 1.30408291651634e6 25092.592996886604
0.484166 1.2260823089182314e6 23795.8834031701
0.486288 1.1530529606734365e6 22571.215958971294
0.488411 1.0846585550490934e6 21414.30481809497
0.490533 1.0205868398337386e6 20321.135972455744
0.492655 960547.8121644394 19287.948944669777
0.494778 904272.0472567515 18311.219784903624
0.4969 851509.1590796781 17387.645274017923
0.499023 802026.3820567093 16514.12824277769
0.501145 755607.2638189098 15687.763923996508
0.503268 712050.4598954186 14905.827260987715
0.50539 671168.6220090162 14165.76110167407
0.507513 632787.3723565516 13465.165213191052
0.509635 596744.3569027628 12801.786056860828
0.511758 562888.3713070239 12173.50726804414
0.51388 531078.5536413677 11578.340789634476
0.516003 501183.63854944584 11014.418611874798
0.518125 473081.26794424653 10479.985074776885
0.520247 446657.3537514773 9973.389692738954
0.52237 421805.4885788618 9493.08046400631
0.524492 398426.4005326832 9037.597630429895
0.526615 376427.44871443935 8605.567855564663
0.528737 355722.15621528606 8195.69879153467
0.53086 336229.77768625785 7806.7740072891565
0.532982 317874.8988004227 7437.648252900778
0.535105 300587.06514099374 7087.243036426657
0.537227 284300.4382488357 6754.542491577091
0.53935 268953.4767454264 6438.589516029708
0.541472 254488.6406145414 6138.482161695536
0.543595 240852.1168791948 5853.370259601874
0.545717 227993.56505079666 5582.4522633101415
0.547839 215865.88085629427 5324.972295946585
0.549962 204424.97686714976 5080.217386994559
0.552084 193629.57876239615 4847.514885987998
0.554207 183441.036057474 4626.23004116231
0.556329 173823.1462218599 4415.763731966341
0.558452 164741.9911923903 4215.550345124668
0.560574 156165.78536621286 4025.055784665196
0.562697 148064.7342281318 3843.7756070007063
0.564819 140410.902832196 3671.2332727757694
0.566942 133178.09341726496 3506.9785077685947
0.569064 126341.73149134369 3350.585765672417
0.571187 119878.75977016249 3201.6527860776323
0.573309 113767.53940212679 3059.799241436367
0.575431 107987.75795470392 2924.665467218055
0.577554 102520.34367688982 2795.911269861249
0.579676 97347.3855888323 2673.2148074946413
0.581799 92452.0589832893 2556.2715387417934
0.583921 87818.5559545612 2444.7932352415346
0.586044 83432.02059910244 2338.507053810541
0.588166 79278.48855835118 2237.154664448546
0.590289 75344.83059862946 2140.4914306411642
0.592411 71618.69994539875 2048.2856386520316
0.594534 68088.4831098669 1960.3177727159377
0.596656 64743.25396507666 1876.3798332495487
0.598779 61572.73084627176 1796.2746953866651
0.600901 58567.23646666857 1719.8155053223327
0.603024 55717.66045485174 1646.8251121151445
0.605146 53015.42433397051 1577.1355327508531
0.607268 50452.44877581359 1510.5874484134724
0.609391 48021.12297478141 1447.0297300434654
0.611513 45714.27599782092 1386.3189913869098
0.613636 43525.14997661415 1328.3191678553944
0.615758 41447.37501777561 1272.901119624333
0.617881 39474.94571558518 1219.9422574982689
0.620003 37602.19915989975 1169.326190165503
0.622126 35823.79433941506 1120.942391552249
0.624248 34134.69284742033 1074.6858870681435
0.626371 32530.140803657698 1030.4569576114754
0.628493 31005.6519118901 988.1608602737078
0.630616 29556.991578344783 947.7075647494667
0.632738 28180.162021358527 909.0115045204248
0.63486 26871.388307337613 871.9913419395815
0.636983 25627.10525259247 836.5697463968003
0.639105 24443.94513473106 802.6731847971898
0.641228 23318.72616112955 770.2317236314573
0.64335 22248.441645557108 739.1788419616665
0.645473 21230.24984734205 709.4512546874716
0.647595 20261.464430538705 680.9887454966507
0.649718 19339.545503413847 653.7340089401858
0.65184 18462.091201229017 627.6325011061474
0.653963 17626.829777765848 602.6322983985028
0.656085 16831.61217334264 578.68396395682
0.658208 16074.405029208412 555.740421280753
0.66033 15353.284120193348 533.7568346494248
0.662452 14666.428179347437 512.690495950291
0.664575 14012.11309002665 492.50071755512323
0.666697 13388.706422492725 473.14873090226007
0.66882 12794.662293591009 454.5975904644961
0.670942 12228.516529466684 436.81208280092534
0.673065 11688.882112579782 419.7586404088422
0.675187 11174.444895493096 403.4052601084659
0.67731 10683.959565036772 387.7214257089144
0.679432 10216.245841508637 372.6780347185271
0.681555 9770.184898552323 358.24732887644114
0.683677 9344.715990274002 344.40282829526143
0.6858 8938.833273014172 331.1192690168249
0.687922 8551.58280999104 318.37254379447205
0.690044 8182.059747778578 306.13964592599154
0.692167 7829.405654278888 294.3986159714433
0.694289 7492.806008500536 283.12849119958946
0.696412 7171.487833062005 272.309257615536
0.698534 6864.717460908383 261.92180443056753
0.700657 6571.798428260278 251.94788084304182
0.702779 6292.069486311104 242.37005500661928
0.704902 6024.9027246527285 233.1716750690527
0.707024 5769.701799844061 224.3368321713412
0.709147 5525.900262943407 215.85032530320666
0.711269 5292.959980205143 207.6976279166659
0.713392 5070.369641497426 199.8648562049378
0.715514 4857.643351330044 192.33873895907453
0.717636 4654.319297693454 185.1065889195496
0.719759 4459.958494201511 178.15627554460463
0.721881 4274.143591304062 171.47619912146763
0.724004 4096.4777525910895 165.05526615059068
0.726126 3926.583592450141 158.88286593689733
0.728249 3764.1021715634583 152.9488483256169
0.730371 3608.692046941587 147.24350252367896
0.732494 3460.028373388037 141.7575369508567
0.734616 3317.8020534742736 136.4820600678433
0.736739 3181.7189332781695 131.40856213132233
0.738861 3051.499041301565 126.52889782874777
0.740984 2926.8758681356544 121.83526974811804
0.743106 2807.595684585873 117.32021264039099
0.745228 2693.4168961026253 112.97657843446711
0.747351 2584.1094314903885 108.79752196678673
0.749473 2479.454163986119 104.77648738960394
0.751596 2379.2423629093355 100.90719522390557
0.753718 2283.275174190559 97.18363002473056
0.755841 2191.363128183059 93.6000286283481
0.757963 2103.325673254959 90.15086895234752
0.760086 2018.9907337455327 86.83085932122044
0.762208 1938.1942909508048 83.63492829142885
0.764331 1860.7799858801725 80.5582149513226
0.766453 1786.5987425977332 77.59605967253596
0.768576 1715.5084110295745 74.74399529070938
0.770698 1647.37342818203 71.99773869452505
0.77282 1582.0644967756264 69.35318280312225
0.774943 1519.4582803558524 66.80638891298909
0.777065 1459.4371139947398 64.35357939638648
0.779188 1401.888729747241 61.99113073428505
0.78131 1346.7059960731774 59.715566867657074
0.783433 1293.786670479783 57.523552851786825
0.785555 1243.0331646814489 55.41188879904223
0.787678 1194.3523216123829 53.37750409628372
0.7898 1147.655203664891 51.41745188378448
0.791923 1102.8568915606254 49.528903783194814
0.794045 1059.8762932949714 47.709144862710254
0.796168 1018.6359626255049 45.95556882819186
0.79829 979.0619266046375 44.26567342955267
0.800412 941.0835216838649 42.63705607225158
0.802535 904.6332379429346 41.06740962424375
0.804657 869.6465710215992 39.554518409211205
0.80678 836.0618813545572 38.09625437735123
0.808902 803.8202603319234 36.69057344543151
0.811025 772.8654030279383 35.3355119982257
0.813147 743.1434871599636 34.0291835438299
0.81527 714.6030579579622 32.76977551572789
0.817392 687.1949186418971 31.555546214820517
0.819515 660.8720262206299 30.384821884963394
0.821637 635.5893923412477 29.255993915871123
0.82376 611.3039889321855 28.167516167543226
0.825882 587.974658397136 27.117902410648288
0.828004 565.5620281296734 26.10572387757201
0.830127 544.0284291306411 25.129606919087735
0.832249 523.33781852189 24.188230761849397
0.834372 503.4557057607963 23.280325362138235
0.836494 484.349082370287 22.404669351509053
0.838617 465.9863550087762 21.560088070191906
0.840739 448.3372817136147 20.745451684300015
0.842862 431.37291116032054 19.95967338308148
0.844984 415.065524788053 19.201707652630354
0.847107 399.38858164957264 18.470548622641957
0.849229 384.31666585124213 17.765228482956328
0.851352 369.82543645558053 17.084815966787747
0.853474 355.89157972543114 16.42841489768127
0.855596 342.49276359504483 15.795162797378463
0.857719 329.6075942592284 15.184229551901094
0.859841 317.2155747772956 14.594816133291259
0.861964 305.29706559381765 14.026153374561064
0.864086 293.83324688314934 13.477500795519823
0.866209 282.80608262945003 12.948145477254597
0.868331 272.1982863583696 12.437400983140723
0.870454 261.99328844081674 11.944606324357505
0.872576 252.1752048932285 11.469124967975983
0.874699 242.72880760257868 11.010343885774882
0.876821 233.63949590794297 10.567672642024101
0.878944 224.89326947386277 10.140542518555096
0.881066 216.47670239398653 9.72840567551426
0.883188 208.3769184665168 9.330734346266874
0.885311 200.5815675859204 8.94702006499006
0.887433 193.07880319809288 8.576772925556618
0.889556 185.85726076879507 8.219520870376764
0.891678 178.9060372176458 7.874809007922556
0.893801 172.2146712723173 7.542198957718471
0.895923 165.77312469979717 7.221268221634244
0.898046 159.57176437370123 6.911609580369189
0.900168 153.60134513862766 6.612830514065934
0.902291 147.85299343444265 6.324552646038306
0.904413 142.31819164520172 6.046411208643569
0.906536 136.988763139118 5.7780545303716435
0.908658 131.8568579676244 5.519143543264837
0.910781 126.91493919311148 5.26935130982008
0.912903 122.15576981640545 5.0283625685637485
0.915025 117.57240027642912 4.795873297523627
0.917148 113.15815649582349 4.571590294856933
0.91927 108.90662844755568 4.355230775925113
0.921393 104.8116592187424 4.146521986137505
0.923515 100.86733454904545 3.945200828914838
0.925638 97.06797282207603 3.751013508151627
0.92776 93.40811548927198 3.5637151845837156
0.929883 89.88251790667911 3.3830696454921325
0.932005 86.48614056600232 3.2088489871994232
0.934128 83.21414070216294 3.0408333098376383
0.93625 80.06186426044225 2.8788104238894805
0.938373 77.02483820708005 2.7225755680251833
0.940495 74.09876316796066 2.5719311377785177
0.942617 71.27950638073108 2.426686424624184
0.94474 68.56309494638465 2.2866573650376605
0.946862 65.94570936699294 2.1516662991362834
0.948985 63.42367735688588 2.0215417385171346
0.951107 60.993467915173824 1.8961181429238385
0.95323 58.651685648060415 1.7752357053892682
0.955352 56.39506532993323 1.6587401455166084
0.957475 54.22046669272215 1.5464825105746876
0.959597 52.124869433504436 1.4383189840977675
0.96172 50.10536843079058 1.3341107016921043
0.963842 48.15916916036522 1.2337235737645926
0.965965 46.28358330197562 1.1370281149002786
0.968087 44.47602452855379 1.0438992796269977
0.970209 42.73400447004185 0.9542163043160903
0.972332 41.055128844245296 0.8678625549785952
0.974454 39.43709374748655 0.7847253807262407
0.976577 37.87768209815381 0.7046959726758146
0.978699 36.37476022655677 0.6276692280849812
0.980822 34.92627460479317 0.5535436195157537
0.982944 33.53024871061563 0.4822210688306283
0.985067 32.1847800195577 0.4136068258340577
0.987189 30.888037119833246 0.34760935137954263
0.989312 29.6382569447716 0.28414020477013935
0.991434 28.433742117781055 0.22311393528688495
0.993557 27.272858405058724 0.16444797768650332
0.995679 26.154032271474964 0.10806255151605981
0.997801 25.075748535265433 0.053880564098435
0.999924 24.03654811735502 0.0018275170482837666
1.00205 23.03502588132314 -0.04816858381618028
1.00417 22.069828560195912 -0.09617731529481599
1.00629 21.13965276641721 -0.1422659204848551
1.00841 20.243243081512485 -0.1864993894369058
1.01054 19.379390222109933 -0.22894053690220773
1.01266 18.546929279131387 -0.2696500772809598
1.01478 17.744738027101466 -0.3086866968773627
1.0169 16.97173530066023 -0.34610712356265383
1.01903 16.22687943548748 -0.3819661939435739
1.02115 15.50916677097027 -0.4163169181297892
1.02327 14.817630212059555 -0.4492105421901238
1.02539 14.151337847872785 -0.4806966083839743
1.02752 13.509391624704003 -0.5108230132508305
1.02964 12.890926071204216 -0.539636063637646
1.03176 12.295107073590616 -0.5671805307406546
1.03388 11.721130698834177 -0.5934997022352926
1.03601 11.16822206386488 -0.6186354325649486
1.03813 10.635634248915187 -0.6426281914566019
1.04025 10.122647253204018 -0.6655171107287234
1.04237 9.628566991239344 -0.6873400294543224
1.0445 9.1527243280907 -0.708133537539553
1.04662 8.694474152052724 -0.7279330177760355
1.04874 8.253194483187652 -0.7467726864227386
1.05086 7.828285616298608 -0.7646856323711813
1.05299 7.419169296945949 -0.7817038549456652
1.05511 7.025287929178397 -0.7978583003881807
1.05723 6.646103813705213 -0.8131788970758858
1.05935 6.2810984152898355 -0.8276945895170837
1.06148 5.9297716581960005 -0.8414333711699975
1.0636 5.591641248566359 -0.8544223161268791
1.06572 5.266242022660116 -0.8666876097044383
1.06784 4.953125319920839 -0.8782545779799935
1.06997 4.651858379888605 -0.8891477163112578
1.07209 4.362023762010677 -0.8993907168762985
1.07421 4.08321878744521 -0.9090064952687522
1.07633 3.815055001988756 -0.9180172161821392
1.07846 3.5571576592946856 -0.9264443182158093
1.08058 3.3091652235839146 -0.9343085378338447
1.0827 3.070728891081833 -0.9416299325070969
1.08482 2.841512129446984 -0.9484279030673703
1.08694 2.6211902344868676 -0.9547212153017353
1.08907 2.409449903485323 -0.9605280208138725
1.09119 2.2059888244928643 -0.965865877178389
1.09331 2.010515280958553 -0.9707517674130544
1.09543 1.8227477711065951 -0.9752021187930131
1.09756 1.6424146414851477 -0.9792328210301289
1.09968 1.4692537341382725 -0.9828592438397679
1.1018 1.3030120468738289 -0.9860962539164999
1.10392 1.1434454061215718 -0.9889582313394332
1.10605 0.9903181518957666 -0.9914590854271146
1.10817 0.8434028343967203 -0.99361227006121
1.11029 0.702479921803585 -0.9954307984974826
1.11241 0.5673375188293256 -0.9969272576819095
1.11454 0.43777109562547695 -0.9981138220891244
1.11666 0.31358322664099236 -0.9990022670997569
1.11878 0.19458333905521571 -0.999603981932639
1.1209 0.08058747041996502 -0.999929982147264
1.12303 -0.002050597117782014 -0.9999993498302469
1.12515 -0.009739961479968286 -0.9999852759695828
1.12727 -0.01740001307730722 -0.9999528303758382
1.12939 -0.025030635562830843 -0.9999020142412117
1.13152 -0.03263171348593536 -0.9998328294329194
1.13364 -0.040203132294298 -0.9997452784931256
1.13576 -0.047744778335771204 -0.9996393646388502
1.13788 -0.05525653886025387 -0.9995150917618497
1.14001 -0.0627383020215407 -0.999372464428475
1.14213 -0.07018995687914441 -0.9992114878795031
1.14425 -0.07761139340010298 -0.9990321680299443
1.14637 -0.08500250246075579 -0.9988345114688257
1.1485 -0.09236317584850044 -0.9986185254589484
1.15062 -0.09969330626352586 -0.9983842179366204
1.15274 -0.10699278732052157 -0.998131597511366
1.15486 -0.11426151355036385 -0.9978606734656086
1.15699 -0.12149938040177859 -0.9975714557543297
1.15911 -0.12870628424298072 -0.9972639550047037
1.16123 -0.13588212236328712 -0.9969381825157064
1.16335 -0.14302679297471266 -0.9965941502577012
1.16548 -0.1501401952135354 -0.9962318708719974
1.1676 -0.15722222914184136 -0.9958513576703878
1.16972 -0.16427279574904524 -0.9954526246346579
1.17184 -0.17129179695338653 -0.995035686416073
1.17397 -0.1782791356034022 -0.9946005583348396
1.17609 -0.18523471547937506 -0.9941472563795424
1.17821 -0.19215844129475865 -0.9936757972065569
1.18033 -0.1990502186975747 -0.9931861981394376
1.18246 -0.20590995427179315 -0.992678477168281
1.18458 -0.21273755553868126 -0.9921526529490645
1.1867 -0.21953293095813114 -0.991608744802962
1.18882 -0.22629598992996316 -0.9910467727156321
1.19095 -0.23302664279520421 -0.9904667573364856
1.19307 -0.23972480083734182 -0.9898687199779254
1.19519 -0.24639037628355356 -0.989252682614564
1.19731 -0.25302328230591276 -0.9886186678824161
1.19944 -0.25962343302256613 -0.9879666990780667
1.20156 -0.26619074349889305 -0.9872968001578148
1.20368 -0.27272512974863455 -0.9866089957367936
1.2058 -0.27922650873499943 -0.985903311088066
1.20793 -0.28569479837174605 -0.9851797721416953
1.21005 -0.2921299175242385 -0.9844384054837934
1.21217 -0.29853178601047864 -0.983679238355543
1.21429 -0.30490032460211264 -0.9829022986521976
1.21642 -0.3112354550254134 -0.9821076149220551
1.21854 -0.31753709996223445 -0.9812952163654107
1.22066 -0.3238051830509464 -0.9804651328334821
1.22278 -0.33003962888734006 -0.9796173948273135
1.2249 -0.33624036302550925 -0.9787520334966551
1.22703 -0.34240731197870733 -0.9778690806388181
1.22915 -0.348540403220178 -0.9769685686975063
1.23127 -0.3546395651839617 -0.9760505307616238
1.23339 -0.3607047272656767 -0.9751150005640605
1.23552 -0.36673581982327513 -0.9741620124804502
1.23764 -0.37273277417777045 -0.9731916015279098
1.23976 -0.3786955226139472 -0.9722038033637515
1.24188 -0.384623998381037 -0.9711986542841722
1.24401 -0.3905181356933746 -0.970176191222921
1.24613 -0.3963778697310264 -0.9691364517499408
1.24825 -0.4022031366403939 -0.9680794740699892
1.25037 -0.4079938735347921 -0.9670052970212335
1.2525 -0.41375001849500215 -0.9659139600738238
1.25462 -0.4194715105697989 -0.9648055033284431
1.25674 -0.42515828977645104 -0.9636799675148342
1.25886 -0.43081029710119995 -0.9625373939903017
1.26099 -0.4364274744997089 -0.9613778247381937
1.26311 -0.44200976489748844 -0.9602013023663585
1.26523 -0.4475571121902963 -0.9590078701055791
1.26735 -0.4530694612445111 -0.9577975718079846
1.26948 -0.45854675789748156 -0.9565704519454394
1.2716 -0.4639889489578486 -0.9553265556079084
1.27372 -0.4693959822058444 -0.9540659285018003
1.27584 -0.4747678063935608 -0.9527886169482889
1.27797 -0.4801043712451995 -0.9514946678816101
1.28009 -0.48540562745729027 -0.9501841288473376
1.28221 -0.4906715266988858 -0.9488570480006364
1.28433 -0.4959020216117323 -0.9475134741044924
1.28646 -0.5010970658104114 -0.9461534565279215
1.28858 -0.5062566138824598 -0.9447770452441553
1.2907 -0.5113806213884605 -0.9433842908288042
1.29282 -0.5164690448621105 -0.9419752444580002
1.29495 -0.5215218418102596 -0.9405499579065157
1.29707 -0.5265389707129293 -0.939108483545861
1.29919 -0.5315203910232996 -0.9376508743423604
1.30131 -0.5364660631676748 -0.9361771838552052
1.30344 -0.541375948545421 -0.9346874662344868
1.30556 -0.5462500095288796 -0.9331817762192063
1.30768 -0.5510882094632535 -0.9316601691352628
1.3098 -0.5558905126664706 -0.9301227008934214
1.31193 -0.5606568844290174 -0.9285694279872576
1.31405 -0.5653872910137502 -0.9270004074910829
1.31617 -0.5700816996556809 -0.9254156970578469
1.31829 -0.5747400785617349 -0.923815354917018
1.32042 -0.5793623969104846 -0.9221994398724453
1.32254 -0.5839486248518583 -0.9205680113001973
1.32466 -0.5884987335068212 -0.9189211291463796
1.32678 -0.5930126949670335 -0.9172588539249329
1.32891 -0.5974904822944807 -0.9155812467154093
1.33103 -0.6019320695210804 -0.9138883691607276
1.33315 -0.6063374316482604 -0.9121802834649091
1.33527 -0.6107065446465164 -0.9104570523907909
1.3374 -0.6150393854549394 -0.9087187392577202
1.33952 -0.6193359319807193 -0.9069654079392278
1.34164 -0.6235961630986243 -0.9051971228606807
1.34376 -0.6278200586504532 -0.9034139489969153
1.34589 -0.6320075994444626 -0.9016159518698499
1.34801 -0.6361587672547702 -0.8998031975460762
1.35013 -0.6402735448207304 -0.897975752634433
1.35225 -0.6443519158462853 -0.8961336842835581
1.35438 -0.6483938649992927 -0.8942770601794209
1.3565 -0.6523993779108259 -0.8924059485428351
1.35862 -0.6563684411744488 -0.8905204181269525
1.36074 -0.6603010423454666 -0.8886205382147364
1.36286 -0.6641971699401515 -0.8867063786164159
1.36499 -0.6680568134349415 -0.8847780096669206
1.36711 -0.6718799632656165 -0.8828355022232963
1.36923 -0.6756666108264467 -0.8808789276621013
1.37135 -0.6794167484693179 -0.8789083578767842
1.37348 -0.6831303695028307 -0.8769238652750415
1.3756 -0.6868074681913753 -0.8749255227761571
1.37772 -0.6904480397541808 -0.8729134038083233
1.37984 -0.6940520803643399 -0.8708875823059428
1.38197 -0.697619587147808 -0.8688481327069111
1.38409 -0.7011505581823781 -0.8667951299498824
1.38621 -0.7046449924966312 -0.8647286494715157
1.38833 -0.7081028900688607 -0.8626487672037022
1.39046 -0.7115242518259723 -0.8605555595707768
1.39258 -0.7149090796423606 -0.8584491034867078
1.3947 -0.7182573763387594 -0.8563294763522724
1.39682 -0.7215691456810676 -0.8541967560522123
1.39895 -0.7248443923791505 -0.8520510209523712
1.40107 -0.728083122085618 -0.8498923498968158
1.40319 -0.7312853413945754 -0.847720822204939
1.40531 -0.7344510578403521 -0.845536517668545
1.40744 -0.737580279896206 -0.8433395165489164
1.40956 -0.7406730169730001 -0.8411298995738674
1.41168 -0.7437292794178593 -0.8389077479347755
1.4138 -0.7467490785128013 -0.8366731432835984
1.41593 -0.7497324264733395 -0.8344261677298748
1.41805 -0.7526793364470691 -0.832166903837706
1.42017 -0.7555898225122217 -0.8298954346227232
1.42229 -0.7584638996762001 -0.8276118435490364
1.42442 -0.7613015838740887 -0.8253162145261679
1.42654 -0.7641028919671375 -0.8230086319059688
1.42866 -0.766867841741224 -0.8206891804795206
1.43078 -0.769596451905292 -0.8183579454740175
1.43291 -0.772288742089765 -0.8160150125496368
1.43503 -0.774944732844935 -0.8136604677963903
1.43715 -0.7775644456393307 -0.8112943977309611
1.43927 -0.780147902858059 -0.8089168892935248
1.4414 -0.7826951278011238 -0.8065280298445551
1.44352 -0.785206144681722 -0.8041279071616128
1.44564 -0.7876809786245157 -0.8017166094361217
1.44776 -0.7901196556638788 -0.7992942252701274
1.44989 -0.7925222027421241 -0.7968608436730418
1.45201 -0.7948886477077046 -0.7944165540583721
1.45413 -0.7972190193133907 -0.791961446240436
1.45625 -0.7995133472144261 -0.7894956104310611
1.45838 -0.8017716619666609 -0.7870191372362701
1.4605 -0.8039939950246585 -0.7845321176529519
1.46262 -0.8061803787397832 -0.7820346430655175
1.46474 -0.8083308463582621 -0.7795268052425417
1.46687 -0.8104454320192259 -0.7770086963333932
1.46899 -0.8125241707527253 -0.7744804088648458
1.47111 -0.8145670984777269 -0.7719420357376803
1.47323 -0.8165742520000833 -0.7693936702232704
1.47536 -0.8185456690104828 -0.7668354059601556
1.47748 -0.8204813880823767 -0.7642673369506008
1.4796 -0.8223814486698828 -0.7616895575571412
1.48172 -0.8242458911056666 -0.7591021624991161
1.48385 -0.8260747565988018 -0.7565052468491877
1.48597 -0.827868087232606 -0.7538989060298489
1.48809 -0.8296259259624561 -0.7512832358099154
1.49021 -0.8313483166135817 -0.7486583323010075
1.49234 -0.8330353038788346 -0.746024291954019
1.49446 -0.8346869333164381 -0.7433812115555721
1.49658 -0.8363032513477135 -0.7407291882244622
1.4987 -0.8378843052547853 -0.7380683194080886
1.50082 -0.8394301431782641 -0.7353987028788734
1.50295 -0.8409408141149077 -0.73272043673067
1.50507 -0.8424163679152614 -0.7300336193751583
1.50719 -0.8438568552812764 -0.7273383495382281
1.50931 -0.8452623277639066 -0.7246347262563516
1.51144 -0.8466328377606842 -0.721922848872945
1.51356 -0.8479684385132733 -0.7192028170347178
1.51568 -0.8492691841050035 -0.7164747306880107
1.5178 -0.8505351294583818 -0.7137386900751241
1.51993 -0.8517663303325832 -0.7109947957306343
1.52205 -0.8529628433209208 -0.708243148477699
1.52417 -0.854124725848294 -0.7054838494243539
1.52629 -0.8552520361686181 -0.702716999959796
1.52842 -0.8563448333622308 -0.6999427017506585
1.53054 -0.857403177333279 -0.697161056737276
1.53266 -0.8584271288070857 -0.694372167129938
1.53478 -0.8594167493274956 -0.6915761354051326
1.53691 -0.8603721012542003 -0.6887730643017828
1.53903 -0.8612932477600439 -0.6859630568174696
1.54115 -0.8621802528283079 -0.6831462162046484
1.54327 -0.8630331812499761 -0.6803226459668554
1.5454 -0.863852098620979 -0.6774924498549033
1.54752 -0.8646370713394202 -0.6746557318630692
1.54964 -0.86538816660278 -0.6718125962252743
1.55176 -0.8661054524051018 -0.6689631474112533
1.55389 -0.8667889975341566 -0.6661074901227153
1.55601 -0.867438871568591 -0.6632457292894973
1.55813 -0.8680551448750522 -0.6603779700657084
1.56025 -0.8686378886052968 -0.657504317825865
1.56238 -0.8691871746932773 -0.6546248781610213
1.5645 -0.8697030758522127 -0.6517397568748865
1.56662 -0.8701856655716362 -0.6488490599799389
1.56874 -0.8706350181144286 -0.6459528936935297
1.57087 -0.8710512085138277 -0.6430513644339809
1.57299 -0.8714343125704223 -0.6401445788166741
1.57511 -0.8717844068491271 -0.6372326436501338
1.57723 -0.8721015686761385 -0.6343156659321019
1.57936 -0.8723858761358705 -0.6313937528456065
1.58148 -0.8726374080678745 -0.6284670117550247
1.5836 -0.8728562440637403 -0.6255355502021351
1.58572 -0.873042464463977 -0.6225994759021684
1.58785 -0.8731961503548791 -0.6196588967398479
1.58997 -0.8733173835653706 -0.6167139207654265
1.59209 -0.8734062466638342 -0.6137646561907162
1.59421 -0.8734628229549227 -0.610811211385111
1.59634 -0.8734871964763501 -0.6078536948716061
1.59846 -0.8734794519956678 -0.6048922153228092
1.60058 -0.8734396750070214 -0.6019268815569493
1.6027 -0.8733679517278923 -0.5989578025338754
1.60483 -0.873264369095819 -0.5959850873510549
1.60695 -0.8731290147651035 -0.5930088452395641
1.60907 -0.8729619771035011 -0.5900291855600748
1.61119 -0.87276334518889 -0.5870462177988359
1.61332 -0.8725332088059279 -0.5840600515636498
1.61544 -0.8722716584426885 -0.5810707965798461
1.61756 -0.8719787852872847 -0.578078562686248
1.61968 -0.8716546812244715 -0.5750834598311391
1.62181 -0.8712994388322362 -0.57208559806822
1.62393 -0.8709131513783684 -0.5690850875525669
1.62605 -0.8704959128170183 -0.5660820385365833
1.62817 -0.8700478177852341 -0.5630765613659484
1.6303 -0.869568961599487 -0.560068766475563
1.63242 -0.8690594402521786 -0.5570587643854916
1.63454 -0.868519350408133 -0.554046665696901
1.63666 -0.867948789401073 -0.5510325810879964
1.63878 -0.8673478552300813 -0.5480166213099559
1.64091 -0.8667166465560451 -0.5449988971828582
1.64303 -0.8660552626980867 -0.5419795195916134
1.64515 -0.8653638036299776 -0.5389585994818868
1.64727 -0.8646423699765389 -0.5359362478560231
1.6494 -0.8638910630100254 -0.5329125757689672
1.65152 -0.8631099846464952 -0.5298876943241843
1.65364 -0.8622992374421655 -0.526861714669576
1.65576 -0.8614589245897515 -0.5238347479933976
1.65789 -0.860589149914794 -0.5208069055201726
1.66001 -0.8596900178719687 -0.5177782985066045
1.66213 -0.858761633541385 -0.5147490382374897
1.66425 -0.8578041026248675 -0.5117192360216283
1.66638 -0.8568175314422256 -0.5086890031877338
1.6685 -0.8558020269275081 -0.5056584510803427
1.67062 -0.8547576966252431 -0.502627691055723
1.67274 -0.8536846486866675 -0.4995968344777826
1.67487 -0.8525829918659377 -0.49656599271397694
1.67699 -0.8514528355163327 -0.4935352771312178
1.67911 -0.8502942895864382 -0.4905047990917799
1.68123 -0.8491074646163214 -0.4874746699492096
1.68336 -0.8478924717336914 -0.48444500104423327
1.68548 -0.8466494226500465 -0.481415903700666
1.6876 -0.8453784296568079 -0.47838748922132135
1.68972 -0.8440796056214418 -0.4753598688839211
1.69185 -0.8427530639835692 -0.4723331539370067
1.69397 -0.8413989187510608 -0.46930745559585096
1.69609 -0.8400172844961227 -0.46628288503837356
1.69821 -0.838608276351367 -0.4632595534010526
1.70034 -0.837172010005872 -0.46023757177484304
1.70246 -0.8357086017012295 -0.4572170512010948
1.70458 -0.8342181682275805 -0.4541981026674713
1.7067 -0.8327008269196393 -0.4511808371038729
1.70883 -0.8311566956527054 -0.4481653653783594
1.71095 -0.8295858928386645 -0.44515179829307716
1.71307 -0.8279885374219765 -0.4421402465801867
1.71519 -0.8263647488756559 -0.439130820897796
1.71732 -0.8247146471972356 -0.43612363182589176
1.71944 -0.8230383529047243 -0.4331187898622776
1.72156 -0.8213359870325513 -0.43011640541851426
1.72368 -0.8196076711274994 -0.42711658881586156
1.72581 -0.8178535272446292 -0.42411945028122544
1.72793 -0.8160736779431913 -0.421125099943107
1.73005 -0.8142682462825281 -0.41813364782755646
1.73217 -0.8124373558179672 -0.41514520385413123
1.7343 -0.810581130596702 -0.41215987783185426
1.73642 -0.8086996951536637 -0.4091777794551814
1.73854 -0.8067931745073831 -0.40619901829997096
1.74066 -0.8048616941558434 -0.40322370381945505
1.74279 -0.8029053800723212 -0.40025194534022046
1.74491 -0.8009243587012209 -0.39728385205818983
1.74703 -0.7989187569538969 -0.3943195330346101
1.74915 -0.7968887022044682 -0.39135909719204376
1.75128 -0.7948343222856247 -0.3884026533103694
1.7534 -0.7927557454844198 -0.3854503100227814
1.75552 -0.7906531005380617 -0.3825021758117998
1.75764 -0.7885265166296883 -0.37955835900528456
1.75977 -0.786376123384139 -0.37661896777245407
1.76189 -0.7842020508637146 -0.37368411011991154
1.76401 -0.7820044295639313 -0.370753893887675
1.76613 -0.7797833904092645 -0.36782842674521643
1.76826 -0.7775390647488845 -0.3649078161875039
1.77038 -0.7752715843523871 -0.3619921695310534
1.7725 -0.7729810814055121 -0.35908159390998384
1.77462 -0.7706676885058571 -0.35617619627208175
1.77675 -0.768331538658583 -0.35327608337487026
1.77887 -0.7659727652721107 -0.35038136178168766
1.78099 -0.7635915021538133 -0.3474921378577712
1.78311 -0.7611878835056975 -0.34460851776634893
1.78523 -0.7587620439200817 -0.34173060746473793
1.78736 -0.756314118375263 -0.33885851270045164
1.78948 -0.7538442422311818 -0.33599233900731584
1.7916 -0.7513525512250768 -0.33313219170158703
1.79372 -0.7488391814671335 -0.33027817587808617
1.79585 -0.7463042694361276 -0.3274303964063351
1.79797 -0.7437479519750618 -0.32458895792670417
1.80009 -0.7411703662867962 -0.32175396484656626
1.80221 -0.7385716499296716 -0.3189255213364617
1.80434 -0.7359519408131292 -0.31610373132626923
1.80646 -0.7333113771933227 -0.3132886985013874
1.80858 -0.7306500976687262 -0.3104805262989264
1.8107 -0.7279682411757343 -0.3076793179039051
1.81283 -0.7252659469842595 -0.3048851762454601
1.81495 -0.722543354693323 -0.3020982039930641
1.81707 -0.7198006042266407 -0.2993185035527538
1.81919 -0.717037835828204 -0.29654617706336606
1.82132 -0.714255190057856 -0.29378132639278487
1.82344 -0.7114528077868636 -0.2910240531341992
1.82556 -0.7086308301934824 -0.28827445860236933
1.82768 -0.7057893987585229 -0.28553264382990406
1.82981 -0.7029286552609048 -0.28279870956354847
1.83193 -0.7000487417732133 -0.2800727562604821
1.83405 -0.6971498006572483 -0.27735488408462783
1.83617 -0.6942319745595712 -0.27464519290297007
1.8383 -0.6912954064070467 -0.27194378228188787
1.84042 -0.6883402394023816 -0.26925075148349364
1.84254 -0.685366617019661 -0.26656619946198756
1.84466 -0.6823746829998778 -0.26389022486002034
1.84679 -0.6793645813464649 -0.2612229260050708
1.84891 -0.6763364563208182 -0.25856440090582933
1.85103 -0.6732904524378199 -0.2559147472486002
1.85315 -0.6702267144613582 -0.25327406239370975
1.85528 -0.6671453873998453 -0.2506424433719301
1.8574 -0.6640466165017314 -0.2480199868809131
1.85952 -0.6609305472510163 -0.24540678928163784
1.86164 -0.6577973253627603 -0.24280294659486934
1.86377 -0.6546470967785915 -0.2402085544976308
1.86589 -0.6514800076622113 -0.23762370831968804
1.86801 -0.6482962043948992 -0.23504850304004588
1.87013 -0.6450958335710133 -0.23248303328345887
1.87226 -0.6418790419934919 -0.2299273933169541
1.87438 -0.6386459766693526 -0.2273816770463677
1.8765 -0.6353967848051892 -0.22484597801289397
1.87862 -0.6321316138026686 -0.22232038938964793
1.88075 -0.6288506112540259 -0.21980500397824265
1.88287 -0.6255539249375589 -0.21729991420537886
1.88499 -0.6222417028131226 -0.21480521211944859
1.88711 -0.6189140930176206 -0.21232098938715271
1.88924 -0.6155712438604972 -0.20984733729013316
1.89136 -0.6122133038192317 -0.2073843467216191
1.89348 -0.6088404215348272 -0.20493210818308571
1.8956 -0.6054527458073048 -0.20249071178093025
1.89773 -0.6020504255911926 -0.20006024722316074
1.89985 -0.5986336099910186 -0.1976408038160994
1.90197 -0.5952024482568028 -0.19523247046110082
1.90409 -0.5917570897795491 -0.1928353356512862
1.90622 -0.5882976840867378 -0.1904494874682916
1.90834 -0.5848243808378186 -0.18807501357903
1.91046 -0.5813373298197061 -0.185712001232472
1.91258 -0.5778366809422735 -0.18336053725643886
1.91471 -0.5743225842338501 -0.1810207080544115
1.91683 -0.5707951898367168 -0.1786925996023574
1.91895 -0.5672546480026069 -0.1763762974455696
1.92107 -0.5637011090882045 -0.1740718866955242
1.92319 -0.560134723550647 -0.17177945202675327
1.92532 -0.5565556419430274 -0.1694990776737333
1.92744 -0.5529640149099012 -0.1672308474277897
1.92956 -0.5493599931827914 -0.16497484463401735
1.93168 -0.5457437275757001 -0.16273115218822043
1.93381 -0.5421153689806181 -0.16049985253386378
1.93593 -0.5384750683630395 -0.1582810276590454
1.93805 -0.5348229767574777 -0.15607475909348278
1.94017 -0.5311592452629846 -0.15388112790551722
1.9423 -0.5274840250386732 -0.15170021469913653
1.94442 -0.52379746729924 -0.14953209961101055
1.94654 -0.5200997233104948 -0.14737686230754898
1.94866 -0.51639094438489 -0.1452345819819727
1.95079 -0.5126712818770551 -0.1431053373514043
1.95291 -0.5089408871793346 -0.14098920665397596
1.95503 -0.505199911717328 -0.1388862676459539
1.95715 -0.5014485069454353 -0.1367965975988823
1.95928 -0.4976868243424045 -0.1347202732967423
1.9614 -0.4939150154068858 -0.13265737103313313
1.96352 -0.4901332316529854 -0.13060796660846608
1.96564 -0.4863416246058275 -0.1285721353271807
1.96777 -0.4825403457971193 -0.12654995199497787
1.96989 -0.47872954676072005 -0.1245414909160707
1.97201 -0.47490937902821434 -0.12254682589045385
1.97413 -0.47107999412449164 -0.12056603021119261
1.97626 -0.46724154356332914 -0.11859917666172937
1.97838 -0.46339417884297934 -0.11664633751320896
1.9805 -0.45953805144176596 -0.11470758452182417
1.98262 -0.4556733128136791 -0.11278298892617733
1.98475 -0.4518001143839816 -0.11087262144466448
1.98687 -0.4479186075448173 -0.10897655227287506
1.98899 -0.44402894365082646 -0.1070948510810148
1.99111 -0.4401312740147663 -0.10522758701134349
1.99324 -0.43622574990313717 -0.10337482867563585
1.99536 -0.4323125225318159 -0.10153664415265995
1.99748 -0.4283917430616925 -0.09971310098567543
1.9996 -0.4244635625943173 -0.09790426617995263
2.00173 -0.42052813216754986 -0.09611020620030863
2.00385 -0.4165856027512173 -0.09433098696866726
2.00597 -0.41263612524277876 -0.09256667386163553
2.00809 -0.4086798504629952 -0.0908173317081008
2.01022 -0.40471692915160834 -0.08908302478685082
2.01234 -0.4007475119630238 -0.08736381682420957
2.01446 -0.3967717494620035 -0.08565977099169697
2.01658 -0.3927897921193644 -0.08397094990370735
2.01871 -0.38880179030768425 -0.08229741561520854
2.02083 -0.3848078942970156 -0.0806392296194618
2.02295 -0.3808082542506068 -0.07899645284576284
2.02507 -0.3768030202206305 -0.07736914565720143
2.0272 -0.3727923421439204 -0.07575736784844544
2.02932 -0.3687763698377161 -0.07416117864354221
2.03144 -0.3647552529954149 -0.0725806366937427
2.03356 -0.36072914118233373 -0.07101580007534714
2.03569 -0.356698183831476 -0.06946672628756945
2.03781 -0.3526625302393129 -0.06793347225042701
2.03993 -0.3486223295615645 -0.06641609430264628
2.04205 -0.3445777308089975 -0.06491464819959458
2.04418 -0.3405288828432275 -0.06342918911123041
2.0463 -0.3364759343725316 -0.06195977162007682
2.04842 -0.33241903394766925 -0.06050644971921604
2.05054 -0.3283583299577126 -0.059069276810304494
2.05267 -0.32429397062588616 -0.05764830570161128
2.05479 -0.3202261040054156 -0.05624358860607803
2.05691 -0.3161548779753859 -0.0548551771393998
2.05903 -0.3120804402366101 -0.053483122318128684
2.06115 -0.3080029383075054 -0.05212747455779898
2.06328 -0.30392251951998184 -0.05078828367107535
2.0654 -0.29983933101533905 -0.049465598865922056
2.06752 -0.2957535197401739 -0.04815946874379451
2.06964 -0.2916652324422977 -0.04686994129785371
2.07177 -0.28757461566666415 -0.04559706391120355
2.07389 -0.28348181575130693 -0.044340883355148186
2.07601 -0.27938697882329133 -0.04310144578747499
2.07813 -0.2752902507946683 -0.04187879675075723
2.08026 -0.2711917773584485 -0.04067298117068119
2.08238 -0.26709170398458154 -0.039484043354395926
2.0845 -0.2629901759159478 -0.03831202698888436
2.08662 -0.25888733816436216 -0.037156975139358006
2.08875 -0.2547833355065865 -0.03601893024767544
2.09087 -0.2506783124803558 -0.03489793413078213
2.09299 -0.24657241338041458 -0.033794027979173746
2.09511 -0.24246578225456486 -0.0327072523553833
2.09724 -0.23835856289972612 -0.03163764719248996
2.09936 -0.2342508988580063 -0.030585251792652368
2.10148 -0.23014293341278538 -0.029550104825663892
2.1036 -0.22603480958480926 -0.028532244327531986
2.10573 -0.22192667012830086 -0.02753170769908131
2.10785 -0.21781865752707363 -0.026548531704577938
2.10997 -0.21371091399066708 -0.025582752470379555
2.11209 -0.20960358145048924 -0.024634405483607957
2.11422 -0.20549680155597405 -0.023703525590844654
2.11634 -0.20139071567074884 -0.02279014699685078
2.11846 -0.19728546486881673 -0.0218943032633101
2.12058 -0.1931811899307509 -0.021016027307595664
2.12271 -0.18907803133990156 -0.020155351401561106
2.12483 -0.1849761292786163 -0.019312307170353482
2.12695 -0.18087562362447326 -0.01848692559125209
2.12907 -0.1767766539465275 -0.01767923699253049
2.1312 -0.17267935950157073 -0.01688927105234106
2.13332 -0.1685838792304045 -0.01611705679762554
2.13544 -0.1644903517541263 -0.01536262260304777
2.13756 -0.16039891537043094 -0.014625996189951307
2.13969 -0.15630970804992267 -0.013907204625341119
2.14181 -0.15222286743244298 -0.013206274320888167
2.14393 -0.14813853082341547 -0.012523231031960291
2.14605 -0.14405683519019574 -0.011858099856674187
2.14818 -0.13997791715844482 -0.011210905234974589
2.1503 -0.13590191300851173 -0.010581670947735544
2.15242 -0.13182895867183156 -0.009970420115886336
2.15454 -0.12775918972733782 -0.009377175199562826
2.15667 -0.12369274139788926 -0.00880195799728134
2.15879 -0.11962974854671123 -0.008244789645138417
2.16091 -0.11557034567385135 -0.007705690616033101
2.16303 -0.11151466691265152 -0.007184680718915759
2.16516 -0.10746284602623181 -0.006681779098059781
2.16728 -0.103415016403992 -0.006197004232357917
2.1694 -0.09937131105812708 -0.005730373934643596
2.17152 -0.09533186262015775 -0.005281905351036231
2.17365 -0.09129680333747645 -0.004851614960311501
2.17577 -0.08726626506990845 -0.004439518573295276
2.17789 -0.08324037928628848 -0.004045631332283195
2.18001 -0.07921927706105202 -0.00366996771048389
2.18214 -0.07520308907084629 -0.00331254151148741
2.18426 -0.0711919455911484 -0.002973365868758071
2.18638 -0.06718597649290785 -0.0026524532451515093
2.1885 -0.06318531123920035 -0.0023498154324572695
2.19063 -0.05919007888189966 -0.00206546355096493
2.19275 -0.055200408058362765 -0.0017994080490559838
2.19487 -0.05121642698813398 -0.0015516587028194806
2.19699 -0.0472382634696637 -0.0013222246156934236
2.19911 -0.0432660448770438 -0.001111114218129483
2.20124 -0.03929989815675937 -0.0009183352672841316
2.20336 -0.0353399498244569 -0.0007438948467325401
2.20548 -0.031386325961728946 -0.0005877993662092296
2.2076 -0.0274391522129154 -0.0004500545613721485
2.20973 -0.023498553781921516 -0.00033066549359195285
2.21185 -0.019564655429052332 -0.00022963654976604353
2.21397 -0.015637581467865435 -0.00014697144215713998
2.21609 -0.011717455762037742 -0.00008267320825738889
2.21822 -0.00780440172225134 -0.000036744210676342703
2.22034 -0.0038985423030992532 -9.186137054140175e-6
2.22246 -7.868452850694732e-17 0.
