#1001 0.10001 2.32246
0.10001 4.793282639232277e15 3.9951991209437056e12
0.102232 3.5236933324971635e15 3.068980759470683e12
0.104455 2.60757777019906e15 2.3709009529908647e12
0.106677 1.941911818695668e15 1.8415877877430295e12
0.1089 1.454994218449082e15 1.4379172343919119e12
0.111122 1.0965435850564234e15 1.1283566077487144e12
0.113345 8.310421953148092e14 8.897006288759147e11
0.115567 6.332253895076536e14 7.047668543966561e11
0.11779 4.8500091058125925e14 5.607570505012258e11
0.120012 3.7332897245329425e14 4.480842120103606e11
0.122235 2.887528562762743e14 3.595274585814912e11
0.124457 2.2437330084391238e14 2.8961935952175446e11
0.126679 1.7512784035024038e14 2.3419909503044287e11
0.128902 1.372811408754897e14 1.9008468076683374e11
0.131124 1.0806230961307836e14 1.548311898098862e11
0.133347 8.540524080481558e13 1.2655144994560367e11
0.135569 6.776164706095516e13 1.037823824118619e11
0.137792 5.39656739621016e13 8.538486453690079e10
0.140014 4.313533511830534e13 7.046834458602396e10
0.142237 3.460037762767079e13 5.833382463609883e10
0.144459 2.7849222896547293e13 4.843054054442345e10
0.146681 2.2489746958486523e13 4.032290418778312e10
0.148904 1.822015272097871e13 3.3665169705900345e10
0.151126 1.480723767155469e13 2.818193908395007e10
0.153349 1.2070106957390611e13 2.3653101247184074e10
0.155571 9.867914552755348e12 1.990215132697267e10
0.157794 8.090597511055265e12 1.6787097438406828e10
0.160016 6.651843946275935e12 1.4193355964905455e10
0.162239 5.48373510456954e12 1.2028180837848055e10
0.164461 4.532647264225643e12 1.0216280567836617e10
0.166684 3.7561055063892017e12 8.696358244774061e9
0.168906 3.1203594746213013e12 7.4183712600885105e9
0.171128 2.5985088306863037e12 6.341354170620558e9
0.173351 2.169048769551211e12 5.431683647333625e9
0.175573 1.814737679280693e12 4.661691593336765e9
0.177796 1.5217127167029202e12 4.0085533270835795e9
0.180018 1.2787968218830054e12 3.4533937400728083e9
0.182241 1.0769540496225208e12 2.9805667019867916e9
0.184463 9.088601801580154e11 2.5770725635041995e9
0.186686 7.685632123038302e11 2.23208604992154e9
0.188908 6.512141523579434e11 1.9365726411154e9
0.191131 5.528529448623583e11 1.682976070757019e9
0.193353 4.7023778443774054e11 1.4649631364858773e9
0.195575 4.0070865359327295e11 1.277214812177176e9
0.197798 3.420779386811852e11 1.1152548618202283e9
0.20002 2.9254252719672845e11 9.753089015066282e8
0.202243 2.506129917108017e11 8.541882417733847e8
0.204465 2.1505640009688562e11 7.491939446771386e8
0.206688 1.848500200761229e11 6.58037408816492e8
0.20891 1.5914375546481546e11 5.787744980903995e8
0.211133 1.3722959779471939e11 5.0975079303138465e8
0.213355 1.1851672772835503e11 4.495559958869096e8
0.215578 1.0251117708097034e11 3.9698588487511885e8
0.2178 8.879918061103911e10 3.510105070468194e8
0.220022 7.703351967218916e10 3.107475370316197e8
0.222245 6.692229711494474e10 2.7543992178890634e8
0.224467 5.8219692091818794e10 2.4443708818018064e8
0.22669 5.071833058134013e10 2.1717911777582175e8
0.228912 4.42429771370304e10 1.9318339742811376e8
0.231135 3.864530921410258e10 1.720333392774785e8
0.233357 3.379958027879052e10 1.5336883361162174e8
0.23558 2.9599014005347134e10 1.3687815525953117e8
0.237802 2.5952800983462288e10 1.2229109130155504e8
0.240024 2.278359289362591e10 1.0937309669017887e8
0.242247 2.0025408169152912e10 9.792031642078009e7
0.244469 1.7621878632527493e10 8.775533939618166e7
0.246692 1.5524779172098198e10 7.872357109028049e7
0.248914 1.3692792772868505e10 7.069013034504068e7
0.251137 1.209047157984293e10 6.353719079212486e7
0.253359 1.0687361512819632e10 5.716170001441828e7
0.255582 9.457263555642448e9 5.147342009442054e7
0.257804 8.377609442428699e9 4.639324199705867e7
0.260027 7.428933244911716e9 4.185173360021793e7
0.262249 6.594423479595987e9 3.778788736082586e7
0.264471 5.859542922949985e9 3.414803878832107e7
0.266694 5.211705446272043e9 3.0884931256276738e7
0.268916 4.640000939498291e9 2.7956906353638772e7
0.271139 4.134960850430401e9 2.5327202072661586e7
0.273361 3.688358075916085e9 2.296334374505411e7
0.275584 3.293035947899601e9 2.0836614848997727e7
0.277806 2.942761895540894e9 1.892159668239555e7
0.280029 2.632102063911114e9 1.7195767485925313e7
0.282251 2.3563137540144296e9 1.5639152948235258e7
0.284474 2.1112530377081037e9 1.4234021172565816e7
0.286696 1.893295310664814e9 1.2964616160663256e7
0.288918 1.6992668901783e9 1.1816924702458994e7
0.291141 1.52638605336305e9 1.0778472270731237e7
0.293363 1.3722121542472775e9 9.838144127446432e6
0.295586 1.23460166294493e9 8.986028368325863e6
0.297808 1.1116701427726705e9 8.213278077582946e6
0.300031 1.0017593270459996e9 7.511990146839101e6
0.302253 9.034085806667337e8 6.875098640342574e6
0.304476 8.153301361019142e8 6.296280870727695e6
0.306698 7.363875819540752e8 5.769874592383428e6
0.30892 6.655771575433793e8 5.290804928756702e6
0.311143 6.020114708606654e8 4.854519830435351e6
0.313365 5.449053116643649e8 4.456933016755216e6
0.315588 4.935632778564265e8 4.0943734884556374e6
0.31781 4.47368972820407e8 3.763540815553043e6
0.320033 4.0577556517846394e8 3.461465505656559e6
0.322255 3.68297531298975e8 3.185473845587174e6
0.324478 3.345034256006795e8 2.9331566852407786e6
0.3267 3.0400954487527794e8 2.7023416987447436e6
0.328923 2.764743710145768e8 2.4910687154618455e6
0.331145 2.5159369212529197e8 2.2975677634610482e6
0.333367 2.2909631542158556e8 2.120239511707247e6
0.33559 2.087402968215723e8 1.9576378352826356e6
0.337812 1.9030962211073726e8 1.8084542611842796e6
0.340035 1.7361128310269436e8 1.6715040812841624e6
0.342257 1.584726996221044e8 1.545713944441145e6
0.34448 1.4473944452268216e8 1.430110761994497e6
0.346702 1.3227323447733387e8 1.3238117803565287e6
0.348925 1.2095015405904865e8 1.2260156915134755e6
0.351147 1.1065908477384931e8 1.1359946672458681e6
0.35337 1.0130031429967275e8 1.053087216059446e6
0.355592 9.278430430333972e7 976691.7734056602
0.357814 8.503059791691558e7 906260.9459681131
0.360037 7.796685031048726e7 841296.3397716573
0.362259 7.152796784865686e7 781343.9097862614
0.364482 6.565534310399093e7 725989.7756797055
0.366704 6.02961745577301e7 674856.4545367458
0.368927 5.540286117670366e7 627599.4668076657
0.371149 5.093246324192127e7 583904.2765634841
0.373372 4.684622184137336e7 543483.531394876
0.375594 4.310913034673778e7 506074.5710636786
0.377817 3.968955198788523e7 471437.1773582086
0.380039 3.655887833490733e7 439351.5405673772
0.382261 3.369122410754168e7 409616.420618686
0.384484 3.1063154267289147e7 382047.4832607542
0.386706 2.865343981774088e7 356475.79374651756
0.388929 2.644283915189602e7 332746.45231891907
0.391151 2.4413902148740567e7 310717.3574433077
0.393374 2.255079454130068e7 290258.084193315
0.395596 2.0839140360202156e7 271248.86650015635
0.397819 1.9265880505194567e7 253579.67313738237
0.400041 1.781914571623472e7 237149.3683498766
0.402263 1.648814240917433e7 221864.94896162202
0.404486 1.526305001197949e7 207640.8506237395
0.406708 1.413492858847326e7 194398.3166036281
0.408931 1.3095635670218555e7 182064.82317735057
0.411153 1.213775133544739e7 170573.5562793447
0.413376 1.1254510678720335e7 159862.93459368174
0.415598 1.0439742907872949e7 149876.17474618406
0.417821 9.687816387183018e6 140560.8946827331
0.420043 8.993589018803045e6 131868.75170132262
0.422266 8.352363419435714e6 123755.11194856046
0.424488 7.759846406932507e6 116178.74849956064
0.42671 7.212112362809286e6 109101.56541720738
0.428933 6.705570082329316e6 102488.3454359123
0.431155 6.236932764455652e6 96306.51913915665
0.433378 5.803190830190304e6 90525.95370194789
0.4356 5.401587290100288e6 85118.75945110421
0.437823 5.029595410626884e6 80059.11266014808
0.440045 4.684898454473049e6 75323.09314334224
0.442268 4.365371293314401e6 70888.53534671756
0.44449 4.069063711584839e6 66734.89175428348
0.446713 3.7941852384217433e6 62843.10753631196
0.448935 3.539091361255178e6 59195.50546480279
0.451157 3.3022709892046773e6 55775.68021004623
0.45338 3.0823350475925864e6 52568.40121252908
0.455602 2.8780060966616906e6 49559.52339712956
0.457825 2.6881088781452253e6 46735.9050623775
0.460047 2.5115617028096006e6 44085.332337192725
0.46227 2.347368600591961e6 41596.44965156489
0.464492 2.194612162588481e6 39258.69571665285
0.466715 2.0524470110082934e6 37062.244554249046
0.468937 1.9200938393730265e6 34997.9511559145
0.471159 1.7968339707869445e6 33057.301388740525
0.473382 1.6820043870920916e6 31232.365797991628
0.475604 1.5749931862145392e6 29515.75698714759
0.477827 1.475235429053961e6 27900.59028338352
0.480049 1.3822093409146166e6 26380.447421562392
0.482272 1.2954328357633543e6 24949.34300260371
0.484494 1.2144603345654174e6 23601.69350283559
0.486717 1.138879851625181e6 22332.28862984402
0.488939 1.0683103252751697e6 21136.264837552408
0.491162 1.0023991714395904e6 20009.08082897269
0.493384 940820.040571339 18946.49488939176
0.495606 883270.7602450848 17944.543905827726
0.497829 829471.4473026758 16999.52394052407
0.500051 779162.7749072612 16107.972237144299
0.502274 732104.3811847921 15266.650548289332
0.504496 688073.4073290585 14472.529682055554
0.506719 646863.1541318973 13722.77517367588
0.508941 608281.8468840114 13014.73399589434
0.511164 572151.4994844492 12345.922228691637
0.513386 538306.869406556 11714.013615354352
0.515609 506594.4959033923 11116.828937719814
0.517831 476871.81450329797 10552.326148779213
0.520053 449006.34145283507 10018.591205723453
0.522276 422874.92231576855 9513.829551012954
0.524498 398363.0394380631 9036.35819317515
0.526721 375364.1734450009 8584.59834281745
0.528943 353779.21435153414 8157.06856281517
0.531166 333515.91824491386 7752.378394823555
0.533388 314488.4058427713 7369.222427191508
0.535611 296616.6995434145 7006.374772045775
0.537833 279826.29587095376 6662.6839217892175
0.540056 264047.77047846315 6337.067957530182
0.542278 249216.4131101835 6028.51008405414
0.5445 235271.89014069477 5736.054467872983
0.546723 222157.9325070828 5458.802356660705
0.548945 209822.04703097013 5195.908460015626
0.551168 198215.24929255992 4946.577572992964
0.55339 187291.81636984812 4710.061425236814
0.555613 177009.0578942355 4485.655739817071
0.557835 167327.10400006254 4272.69748705449
0.560058 158208.7088611077 4070.562319702562
0.56228 149619.0686128523 3878.66217685695
0.564502 141525.65255611885 3696.4430448876915
0.566725 133898.04662637287 3523.382864543369
0.568947 126707.8081942084 3358.9895741641976
0.57117 119928.33133701186 3202.799279670076
0.573392 113534.7217900627 3054.374542662005
0.575615 107503.68084794102 2913.3027785979057
0.577837 101813.39754456858 2779.194757578966
0.58006 96443.44849291777 2651.6832008147117
0.582282 91374.70481384166 2530.421466327582
0.584505 86589.24562792039 2415.082317913168
0.586727 82070.27762506783 2305.3567717944684
0.588949 77802.06026416105 2200.953015798822
0.591172 73769.83618946663 2101.5953962484286
0.593394 69959.76648235794 2007.0234680904755
0.595617 66358.87039600124 1916.9911041037494
0.597839 62954.969247547255 1831.265659306943
0.600062 59736.63416707415 1749.6271869608413
0.602284 56693.137425293964 1671.8677028047507
0.604507 53814.40708299035 1597.7904943974943
0.606729 51090.984724467555 1527.209472646744
0.608952 48513.98605508946 1459.9485628089562
0.611174 46075.0641593891 1395.8411324259812
0.613396 43766.37523136195 1334.7294538357426
0.615619 41580.54660250867 1276.464199053166
0.617841 39510.64690606832 1220.9039649652366
0.620064 37550.158227769185 1167.914826921546
0.622286 35692.95010439168 1117.3699189291888
0.624509 33933.255241573184 1069.1490387798856
0.626731 32265.646831641225 1023.1382765475746
0.628954 30685.017360911897 979.2296649976892
0.631176 29186.558803880038 937.3208505450341
0.633398 27765.744109121388 897.3147834864061
0.635621 26418.309888558328 859.1194263170908
0.637843 25140.240228063714 822.6474790177997
0.640066 23927.751543227456 787.816120270673
0.642288 22777.278409522994 754.5467636301887
0.644511 21685.460301125 722.7648277374775
0.646733 20649.129177270028 692.3995197249566
0.648956 19665.297859352955 663.3836310127189
0.651178 18731.14914593377 635.6533447489348
0.653401 17844.025616523642 609.1480541939861
0.655623 17001.420078440413 583.8101913923504
0.657845 16200.966614197927 559.5850655175957
0.660068 15440.43218983799 536.4207103144882
0.66229 14717.708787343312 514.267740098247
0.664513 14030.806026805682 493.0792138047316
0.666735 13377.844246375018 472.8105066168136
0.668958 12757.048010199973 453.4191887216483
0.67118 12166.740016597838 434.8649107810597
0.673403 11605.335380577082 417.1092957230193
0.675625 11071.336266585538 400.11583648627993
0.677848 10563.326848984494 383.8497993727099
0.68007 10079.968579261851 368.27813268302384
0.682292 9619.995740402801 353.369380331259
0.684515 9182.211270145537 339.0936001518759
0.686737 8765.482836065206 325.42228663063247
0.68896 8368.73914656236 312.32829780658574
0.691182 7990.966482884767 299.7857861077436
0.693405 7631.205438293252 287.77013289712187
0.695627 7288.547851395033 276.25788651928553
0.69785 6962.133921518579 265.2267036499204
0.700072 6651.1494947968795 254.65529376274262
0.702295 6354.823510363657 244.52336653898033
0.704517 6072.425596755746 234.81158205500796
0.706739 5803.263809255865 225.5015035933496
0.708962 5546.682499508558 216.57555293136082
0.711184 5302.060309299192 208.01696797037934
0.713407 5068.808280906828 199.80976257615768
0.715629 4846.368076926818 191.93868850886838
0.717852 4634.210302912065 184.38919932802307
0.720074 4431.832926604965 177.14741616427648
0.722297 4238.7597879263585 170.20009525627756
0.724519 4054.5391942569613 163.53459715659932
0.726741 3878.7425958907047 157.13885751624215
0.728964 3710.9633368613563 151.00135936238726
0.731186 3550.8154766440666 145.11110678891416
0.733409 3397.9326785146636 139.457599983764
0.735631 3251.9671606119596 134.0308115215202
0.737854 3112.588705993847 128.82116385361385
0.740076 2979.4837282077165 123.81950793236366
0.742299 2852.3543891102076 119.01710290862265
0.744521 2730.9177658725353 114.40559684618162
0.746744 2614.905064295377 109.97700839923554
0.748966 2504.060875733506 105.7237094022084
0.751188 2398.1424750948227 101.6384083240331
0.753411 2296.919157532867 97.7141345416317
0.755633 2200.1716115962263 93.94422338983435
0.757856 2107.6913267335162 90.32230194731767
0.760078 2019.2800331794592 86.8422755203638
0.762301 1934.7491723661437 83.49831478831607
0.764523 1853.9193961150522 80.28484357658454
0.766746 1776.6200929696072 77.19652722489997
0.768968 1702.6889401259275 74.2282615202676
0.771191 1631.9714795110679 71.37516216571912
0.773413 1564.3207166441528 68.63255475751568
0.775635 1499.5967409964655 65.99596524492722
0.777858 1437.6663666422462 63.461110848091835
0.78008 1378.4027920630704 61.023891410771256
0.782303 1321.6852780352697 58.68038116605133
0.784525 1267.3988425925643 56.42682089419944
0.786748 1215.4339721147617 54.25961045299333
0.78897 1165.686347648677 52.1753016618769
0.791193 1118.056585619168 50.17059152227364
0.793415 1072.449992136979 48.24231575732252
0.795637 1028.776330155802 46.38744265517522
0.79786 986.9495987739787 44.60306720081863
0.800082 946.8878240167277 42.886405482176386
0.802305 908.5128604727134 41.23478935697486
0.804527 871.7502031945813 39.64566136756677
0.80675 836.5288093066242 38.11656989155997
0.808972 802.7809287944133 36.64516451673238
0.811195 770.4419439808805 35.22919162929885
0.813417 739.4502172213909 33.86649020516078
0.81564 709.7469463766158 32.554987794297695
0.817862 681.2760276468179 31.2926966889615
0.820084 653.983925374487 30.077710266809
0.822307 627.8195484442011 28.908199500558027
0.824529 602.7341329292935 27.782409626177692
0.826752 578.6811306543586 26.69865696202651
0.828974 555.6161033610053 25.655325871733904
0.831197 533.4966221815065 24.650865863982382
0.833419 512.2821721413162 23.68378882268808
0.835642 491.93406142675946 22.752666361405943
0.837864 472.4153351686574 21.856127296088886
0.840087 453.69069350631463 20.992855230625388
0.842309 435.72641370911333 20.161586249853087
0.844531 418.4902761451253 19.361106715010724
0.846754 401.9514938975588 18.590251156837404
0.848976 386.0806458406689 17.847900261763513
0.851199 370.84961299691355 17.13297894686248
0.853421 356.2315180067594 16.444454519442765
0.855644 342.20066755159803 15.781334917361434
0.857866 328.73249757878284 15.142667026331257
0.860089 315.8035211858888 14.527535070674302
0.862311 303.39127902889174 13.935059074145737
0.864534 291.474292126199 13.364393387616813
0.866756 280.0320169372323 12.814725280558214
0.868978 269.0448026007118 12.285273593413853
0.871201 258.49385022383314 11.775287448093849
0.873423 248.36117411928342 11.284045013947969
0.875646 238.62956489244726 10.810852326707149
0.877868 229.28255428627617 10.355042157999797
0.880091 220.30438169614223 9.915972933163443
0.882313 211.67996227155632 9.49302769518045
0.884536 203.39485652597523 9.085613112668552
0.886758 195.43524137999927 8.693158529955038
0.88898 187.78788256714304 8.315115057356012
0.891203 180.4401083350082 7.950954699869676
0.893425 173.37978437816278 7.600169522577337
0.895648 166.5952899423002 7.26227085112501
0.89787 160.07549504235178 6.936788505733631
0.900093 153.80973874016686 6.623270067259715
0.902315 147.78780843014096 6.321280173894742
0.904538 141.9999200838127 6.030399847158325
0.90676 136.43669940693223 5.750225845901685
0.908983 131.08916386486766 5.480370047097106
0.911205 125.94870553443957 5.220458852245164
0.913427 121.00707474239869 4.970132618285229
0.91565 116.25636445275667 4.729045111945486
0.917872 111.68899536708304 4.496862986517318
0.920095 107.2977017036788 4.273265280085203
0.922317 103.07551762323796 4.057942934286847
0.92454 99.01576427023006 3.8505983327206765
0.926762 95.11203740076111 3.6509448581572794
0.928985 91.35819556912955 3.4587064677495993
0.931207 87.74834884666238 3.273617285473028
0.93343 84.27684804772835 3.0954212110605823
0.935652 80.93827443906024 2.92387154473177
0.937874 77.72742990969142 2.7587306270447822
0.940097 74.6393275799305 2.5997694932315554
0.942319 71.66918282884758 2.4467675414037133
0.944542 68.8124047207558 2.299512214044679
0.946764 66.06458781211732 2.1577986922289467
0.948987 63.421504321212524 2.021429602034358
0.951209 60.87909664376113 1.8902147326365908
0.953432 58.43347019850515 1.7639707655976693
0.955654 56.08088658753048 1.6425210148816713
0.957876 53.81775705684338 1.5256951771512126
0.960099 51.64063624340887 1.4133290919178965
0.962321 49.546216195525325 1.3052645111382946
0.964544 47.53132065403538 1.2013488778650432
0.966766 45.59289958247118 1.1014351135794103
0.968989 43.72802393480047 1.0053814138479886
0.971211 41.93388064997757 0.9130510519613804
0.973434 40.2077678630175 0.8243121902278379
0.975656 38.54709032279732 0.739037698608537
0.977879 36.94935500725353 0.657104980394907
0.980101 35.41216692708189 0.5783958046409792
0.982323 33.93322510946732 0.5027961450763065
0.984546 32.510318753767734 0.4301960252363983
0.986768 31.141323551454548 0.3604893695590441
0.988991 29.824198162973588 0.2935738602054947
0.991213 28.556980844530447 0.2293507993755659
0.993436 27.337786218131967 0.1677249768958058
0.995658 26.164802178524486 0.10860454286881716
0.997881 25.036286930964952 0.05190088518102076
1.0001 23.950566154040562 -0.002471488325441751
1.00233 22.906030282020584 -0.05459506320287266
1.00455 21.901131901478653 -0.10454942744848283
1.00677 20.93438325716378 -0.15241137642620606
1.00899 20.00435386233114 -0.19825501382352595
1.01122 19.109668208961278 -0.2421518488003711
1.01344 18.249003573506204 -0.2841708894804835
1.01566 17.421087913998818 -0.32437873292953867
1.01788 16.624697854553336 -0.36283965175820665
1.02011 15.858656753462135 -0.399615677482823
1.02233 15.121832851268815 -0.4347666807706809
1.02455 14.413137495359866 -0.46835044869187836
1.02677 13.73152343777354 -0.5004227590946102
1.02899 13.0759832030731 -0.5310374522159869
1.03122 12.445547523273872 -0.5602464996359267
1.03344 11.839283836948018 -0.588100070677267
1.03566 11.256294849759598 -0.6146465963510503
1.03788 10.695717153806546 -0.6399328309418992
1.04011 10.156719903260896 -0.6640039113246003
1.04233 9.63850354391252 -0.686903414099298
1.04455 9.140298594326449 -0.7086734106291548
1.04677 8.661364476426186 -0.7293545200610261
1.049 8.200988393411645 -0.7489859604063729
1.05122 7.758484253013148 -0.7676055977566238
1.05344 7.333191634170631 -0.7852499937041459
1.05566 6.9244747953111805 -0.8019544510372265
1.05789 6.531721722479039 -0.8177530577746421
1.06011 6.154343215647036 -0.832678729602883
1.06233 5.7917720116133005 -0.846763250776523
1.06455 5.443461941955473 -0.8600373135398489
1.06678 5.1088871245816945 -0.8725305561255721
1.069 4.787541187481046 -0.8842715993842409
1.07122 4.478936523336692 -0.8952880820958384
1.07344 4.1826035737229414 -0.9056066950130421
1.07567 3.898090141662418 -0.9152532136836908
1.07789 3.624960731373005 -0.9242525300980928
1.08011 3.3627959140835384 -0.9326286832050947
1.08233 3.111191718846466 -0.9404048883390448
1.08456 2.869759047320913 -0.9476035655981918
1.08678 2.6381231115439463 -0.9542463672134649
1.089 2.415922893749499 -0.9603542039450605
1.09122 2.2028106273348333 -0.9659472705428278
1.09345 1.9984512981124292 -0.9710450703050428
1.09567 1.8025221650219123 -0.9756664387688245
1.09789 1.6147122995119605 -0.9798295665641656
1.10011 1.434722142834853 -0.9835520214623308
1.10234 1.2622630805290855 -0.9868507696481696
1.10456 1.0970570333954521 -0.989742196244793
1.10678 0.9388360643016707 -0.9922421251179347
1.109 0.7873420001781959 -0.9943658379863141
1.11123 0.6423260685947851 -0.9961280928632814
1.11345 0.5035485483330298 -0.997543141854085
1.11567 0.37077843339421124 -0.9986247483321646
1.11789 0.24379310990544578 -0.9993862035169907
1.12012 0.12237804540942687 -0.9998403424751245
1.12234 0.0063264900443731 -0.9999995595653324
1.12456 -0.0063943938535513415 -0.9999924555018489
1.12678 -0.013140797809690944 -0.9999680110076957
1.12901 -0.019860197128807634 -0.9999266409536065
1.13123 -0.026552523073012372 -0.9998683467400935
1.13345 -0.033217707466206406 -0.9997931303406073
1.13567 -0.03985568269627116 -0.9997009943014703
1.1379 -0.04646638171722821 -0.99959194174179
1.14012 -0.05304973805137326 -0.999465976353354
1.14234 -0.059605685791383714 -0.9993231024005047
1.14456 -0.0661341596024 -0.9991633247199945
1.14678 -0.07263509472408047 -0.9989866487208231
1.14901 -0.07910842697262961 -0.9987930803840537
1.15123 -0.08555409274280344 -0.9985826262626102
1.15345 -0.09197202900988252 -0.9983552934810562
1.15567 -0.09836217333162539 -0.9981110897353536
1.1579 -0.10472446385019325 -0.9978500232926013
1.16012 -0.11105883929404935 -0.9975721029907562
1.16234 -0.11736523897983309 -0.9972773382383338
1.16456 -0.12364360281420836 -0.9969657390140892
1.16679 -0.12989387129568664 -0.9966373158666804
1.16901 -0.13611598551642404 -0.9962920799143098
1.17123 -0.1423098871639963 -0.9959300428443489
1.17345 -0.1484755185231423 -0.9955512169129419
1.17568 -0.15461282247748903 -0.9951556149445913
1.1779 -0.16072174251124796 -0.9947432503317237
1.18012 -0.16680222271088754 -0.9943141370342361
1.18234 -0.17285420776678068 -0.9938682895790236
1.18457 -0.17887764297482764 -0.9934057230594875
1.18679 -0.1848724742380541 -0.9929264531350244
1.18901 -0.19083864806818399 -0.9924304960304959
1.19123 -0.19677611158719105 -0.9919178685356795
1.19346 -0.20268481252881976 -0.9913885880047004
1.19568 -0.20856469924008786 -0.9908426723554438
1.1979 -0.21441572068276174 -0.9902801400689478
1.20012 -0.22023782643480821 -0.9897010101887789
1.20235 -0.226030966691822 -0.9891053023203862
1.20457 -0.23179509226842895 -0.9884930366304386
1.20679 -0.23753015459966603 -0.9878642338461414
1.20901 -0.2432361057423359 -0.987218915254535
1.21124 -0.24891289837634095 -0.9865571027017737
1.21346 -0.2545604858059877 -0.9858788185923874
1.21568 -0.2601788219612735 -0.9851840858885215
1.2179 -0.265767861399146 -0.9844729281091611
1.22013 -0.2713275593047401 -0.9837453693293334
1.22235 -0.27685787149259206 -0.9830014341792939
1.22457 -0.2823587544078279 -0.9822411478436915
1.22679 -0.2878301651273313 -0.9814645360607172
1.22902 -0.29327206136088535 -0.9806716251212313
1.23124 -0.29868440145229497 -0.9798624418678743
1.23346 -0.30406714438048016 -0.9790370136941583
1.23568 -0.30942024976055144 -0.9781953685435391
1.23791 -0.3147436778448601 -0.9773375349084704
1.24013 -0.3200373895240255 -0.9764635418294394
1.24235 -0.3253013463279392 -0.9755734188939835
1.24457 -0.33053551042674667 -0.9746671962356889
1.2468 -0.335739844631806 -0.97374490453317
1.24902 -0.3409143123966231 -0.9728065750090316
1.25124 -0.34605887781776695 -0.9718522394288108
1.25346 -0.35117350563575706 -0.9708819300999031
1.25569 -0.3562581612359332 -0.9698956798704672
1.25791 -0.3613128106493002 -0.9688935221283139
1.26013 -0.3663374205533511 -0.967875490799776
1.26235 -0.3713319582728671 -0.9668416203485584
1.26457 -0.3762963917806955 -0.9657919457745732
1.2668 -0.38123068969850593 -0.9647265026127537
1.26902 -0.38613482129752247 -0.9636453269318518
1.27124 -0.39100875649923705 -0.9625484553332164
1.27346 -0.39585246587609607 -0.9614359249495554
1.27569 -0.4006659206521683 -0.9603077734436777
1.27791 -0.40544909270379 -0.9591640390072186
1.28013 -0.4102019545601874 -0.9580047603593468
1.28235 -0.41492447940407756 -0.9568299767454536
1.28458 -0.4196166410722476 -0.9556397279358242
1.2868 -0.424278414056112 -0.954434054224292
1.28902 -0.4289097735022472 -0.9532129964268735
1.29124 -0.4335106952129072 -0.9519765958803872
1.29347 -0.43808115564651295 -0.9507248944410539
1.29569 -0.4426211319181248 -0.9494579344830802
1.29791 -0.44713060179989034 -0.9481757588972239
1.30013 -0.45160954372147216 -0.946878411089341
1.30236 -0.4560579367704534 -0.9455659349789178
1.30458 -0.4604757606927223 -0.9442383749975831
1.3068 -0.4648629958928357 -0.9428957760876041
1.30902 -0.46921962343435947 -0.9415381837003657
1.31125 -0.4735456250401921 -0.9401656437948305
1.31347 -0.4778409830928599 -0.9387782028359841
1.31569 -0.48210568063479836 -0.937375907793262
1.31791 -0.48633970136860777 -0.9359588061389588
1.32014 -0.4905430296572901 -0.9345269458466218
1.32236 -0.4947156505244633 -0.9330803753894266
1.32458 -0.49885754965455603 -0.9316191437385362
1.3268 -0.5029687133929809 -0.9301433003614431
1.32903 -0.5070491287462857 -0.9286528952202953
1.33125 -0.5110987833822876 -0.9271479787702033
1.33347 -0.5151176656301814 -0.9256286019575339
1.33569 -0.5191057644806307 -0.9240948162181846
1.33792 -0.5230630695858378 -0.9225466734758423
1.34014 -0.5269895712595928 -0.9209842261402255
1.34236 -0.530885260477301 -0.9194075271053104
1.34458 -0.5347501288759924 -0.9178166297475397
1.34681 -0.5385841687543081 -0.9162115879240167
1.34903 -0.5423873730724676 -0.9145924559706806
1.35125 -0.5461597354522175 -0.912959288700468
1.35347 -0.5499012501767551 -0.9113121414014573
1.3557 -0.5536119121906369 -0.9096510698349964
1.35792 -0.557291717099664 -0.9079761302338161
1.36014 -0.5609406611707488 -0.9062873793001249
1.36236 -0.564558741331761 -0.9045848742036909
1.36459 -0.5681459551713526 -0.9028686725799057
1.36681 -0.5717023009387654 -0.9011388325278329
1.36903 -0.5752277775436159 -0.8993954126082426
1.37125 -0.5787223845556635 -0.897638471841627
1.37348 -0.5821861222045545 -0.895868069706204
1.3757 -0.5856189913795508 -0.8940842661359031
1.37792 -0.5890209936292359 -0.8922871215183361
1.38014 -0.592392131161203 -0.8904766966927535
1.38236 -0.5957324068417226 -0.8886530529479841
1.38459 -0.5990418241953903 -0.8868162520203604
1.38681 -0.6023203874047566 -0.8849663560916295
1.38903 -0.6055681013099347 -0.8831034277868468
1.39125 -0.6087849714081927 -0.8812275301722563
1.39348 -0.6119710038535219 -0.8793387267531558
1.3957 -0.6151262054561897 -0.8774370814717475
1.39792 -0.6182505836822706 -0.8755226587049723
1.40014 -0.6213441466531606 -0.8735955232623313
1.40237 -0.6244069031450693 -0.8716557403836911
1.40459 -0.6274388625884963 -0.8697033757370758
1.40681 -0.6304400350676859 -0.8677384954164438
1.40903 -0.6334104313200634 -0.8657611659394502
1.41126 -0.6363500627356553 -0.8637714542451942
1.41348 -0.6392589413564855 -0.8617694276919545
1.4157 -0.6421370798759575 -0.8597551540549084
1.41792 -0.6449844916382146 -0.8577287015238366
1.42015 -0.647801190637484 -0.8556901387008158
1.42237 -0.6505871915173992 -0.8536395345978957
1.42459 -0.6533425095703077 -0.8515769586347628
1.42681 -0.6560671607365567 -0.8495024806363907
1.42904 -0.6587611616037611 -0.847416170830676
1.43126 -0.6614245294060559 -0.8453180998460603
1.43348 -0.6640572820233258 -0.8432083387091402
1.4357 -0.6666594379804196 -0.8410869588422627
1.43793 -0.6692310164463454 -0.8389540320611061
1.44015 -0.671772037233448 -0.8368096305722503
1.44237 -0.6742825207965671 -0.834653826970732
1.44459 -0.6767624882321785 -0.8324866942375859
1.44682 -0.6792119612775174 -0.8303083057373762
1.44904 -0.681630962309682 -0.8281187352157113
1.45126 -0.6840195143447223 -0.8259180567967471
1.45348 -0.686377641036707 -0.8237063449806794
1.45571 -0.6887053666767767 -0.82148367464122
1.45793 -0.6910027161921765 -0.8192501210230632
1.46015 -0.6932697151452719 -0.8170057597393379
1.46237 -0.6955063897325467 -0.8147506667690477
1.4646 -0.6977127667835853 -0.8124849184544994
1.46682 -0.6998888737600337 -0.8102085914987183
1.46904 -0.7020347387545464 -0.8079217629628512
1.47126 -0.7041503904897151 -0.8056245102635576
1.47349 -0.7062358583169787 -0.8033169111703898
1.47571 -0.7082911722155176 -0.8009990438031593
1.47793 -0.71031636279113 -0.7986709866292923
1.48015 -0.7123114612750913 -0.7963328184611735
1.48238 -0.7142764995229968 -0.7939846184534781
1.4846 -0.7162115100135857 -0.7916264661004919
1.48682 -0.7181165258475511 -0.7892584412334203
1.48904 -0.7199915807463297 -0.786880624017686
1.49126 -0.7218367090508774 -0.784493094950214
1.49349 -0.723651945720426 -0.7820959348567085
1.49571 -0.7254373263312254 -0.7796892248889151
1.49793 -0.7271928870752667 -0.7772730465218738
1.50015 -0.7289186647589901 -0.7748474815511616
1.50238 -0.7306146968019768 -0.7724126120901222
1.5046 -0.732281021235623 -0.7699685205670873
1.50682 -0.7339176767017973 -0.7675152897225856
1.50904 -0.7355247024514845 -0.7650530026065423
1.51127 -0.7371021383434094 -0.7625817425754657
1.51349 -0.7386500248426472 -0.7601015932896287
1.51571 -0.7401684030192155 -0.7576126387102331
1.51793 -0.7416573145466523 -0.7551149630965699
1.52016 -0.7431168017005766 -0.7526086510031651
1.52238 -0.7445469073572333 -0.7500937872769184
1.5246 -0.7459476749920225 -0.7475704570542298
1.52682 -0.7473191486780119 -0.7450387457581185
1.52905 -0.7486613730844356 -0.7424987390953306
1.53127 -0.7499743934751746 -0.739950523053437
1.53349 -0.7512582557072232 -0.7373941838979237
1.53571 -0.7525130062291391 -0.7348298081692705
1.53794 -0.753738692079479 -0.7322574826800219
1.54016 -0.7549353608852171 -0.7296772945118475
1.54238 -0.7561030608601501 -0.7270893310125945
1.5446 -0.7572418408032843 -0.7244936797933311
1.54683 -0.758351750097211 -0.7218904287253793
1.54905 -0.7594328387064628 -0.719279665937342
1.55127 -0.760485157175858 -0.716661479812117
1.55349 -0.761508756628828 -0.7140359589839076
1.55572 -0.7625036887657298 -0.7114031923352209
1.55794 -0.763470005862145 -0.7087632689938583
1.56016 -0.7644077607671623 -0.7061162783298989
1.56238 -0.7653170069016457 -0.7034623099526742
1.56461 -0.7661977982564887 -0.7008014537077341
1.56683 -0.767050189390853 -0.6981337996738048
1.56905 -0.7678742354303923 -0.6954594381597416
1.57127 -0.768669992065463 -0.692778459701468
1.5735 -0.7694375155493193 -0.6900909550589142
1.57572 -0.7701768626962933 -0.6873970152129427
1.57794 -0.7708880908799627 -0.6846967313622688
1.58016 -0.7715712580313027 -0.6819901949203736
1.58239 -0.7722264226368244 -0.6792774975124083
1.58461 -0.7728536437366984 -0.6765587309720934
1.58683 -0.7734529809228659 -0.6738339873386097
1.58905 -0.7740244943371326 -0.6711033588534818
1.59128 -0.7745682446692539 -0.668366937957456
1.5935 -0.7750842931550005 -0.6656248172873708
1.59572 -0.7755727015742141 -0.6628770896730208
1.59794 -0.776033532248849 -0.6601238481340141
1.60017 -0.7764668480409971 -0.6573651858766232
1.60239 -0.7768727123509045 -0.6546011962906296
1.60461 -0.7772511891149695 -0.6518319729461629
1.60683 -0.77760234280373 -0.6490576095905319
1.60905 -0.7779262384198379 -0.6462782001450524
1.61128 -0.7782229414960172 -0.643493838701866
1.6135 -0.7784925180930139 -0.6407046195207566
1.61572 -0.7787350347975277 -0.6379106370259581
1.61794 -0.7789505587201333 -0.6351119858029579
1.62017 -0.7791391574931892 -0.632308760595296
1.62239 -0.7793008992687317 -0.6295010563013561
1.62461 -0.7794358527163578 -0.626688967971154
1.62683 -0.7795440870210945 -0.6238725908031194
1.62906 -0.7796256718812548 -0.6210520201408736
1.63128 -0.7796806775062833 -0.6182273514700007
1.6335 -0.7797091746145868 -0.6153986804148166
1.63572 -0.7797112344313535 -0.6125661027351306
1.63795 -0.7796869286863612 -0.6097297143230043
1.64017 -0.7796363296117698 -0.6068896111995054
1.64239 -0.7795595099399047 -0.6040458895114562
1.64461 -0.779456542901028 -0.6011986455281795
1.64684 -0.7793275022210939 -0.5983479756382395
1.64906 -0.7791724621194982 -0.5954939763461788
1.65128 -0.7789914973068094 -0.5926367442692506
1.6535 -0.7787846829824931 -0.5897763761341488
1.65573 -0.7785520948326217 -0.5869129687737332
1.65795 -0.7782938090275735 -0.5840466191237516
1.66017 -0.7780099022197201 -0.5811774242195574
1.66239 -0.777700451541102 -0.5783054811928259
1.66462 -0.7773655346010929 -0.5754308872682646
1.66684 -0.7770052294840525 -0.5725537397603233
1.66906 -0.7766196147469691 -0.5696741360698988
1.67128 -0.7762087694170883 -0.5667921736810373
1.67351 -0.7757727729895337 -0.5639079501576351
1.67573 -0.7753117054249141 -0.5610215631401353
1.67795 -0.7748256471469218 -0.5581331103422223
1.68017 -0.7743146790399179 -0.5552426895475143
1.6824 -0.7737788824465079 -0.5523503986062521
1.68462 -0.7732183391651074 -0.5494563354319875
1.68684 -0.7726331314474942 -0.5465605979982677
1.68906 -0.7720233419963544 -0.5436632843353204
1.69129 -0.7713890539628124 -0.5407644925267319
1.69351 -0.7707303509439559 -0.53786432070613
1.69573 -0.7700473169803467 -0.5349628670538599
1.69795 -0.7693400365535228 -0.5320602297936612
1.70018 -0.7686085945834905 -0.5291565071893426
1.7024 -0.7678530764262058 -0.526251797541455
1.70462 -0.7670735678710449 -0.523346199183964
1.70684 -0.7662701551382678 -0.5204398104809214
1.70907 -0.7654429248764685 -0.5175327298231343
1.71129 -0.7645919641600175 -0.5146250556248344
1.71351 -0.7637173604864936 -0.5117168863203476
1.71573 -0.7628192017741076 -0.5088083203607602
1.71796 -0.7618975763591137 -0.5058994562105869
1.72018 -0.760952572993215 -0.5029903923444367
1.7224 -0.7599842808409557 -0.5000812272436799
1.72462 -0.7589927894771077 -0.49717205939311415
1.72684 -0.7579781888840457 -0.49426298727762974
1.72907 -0.7569405694491135 -0.4913541093788767
1.73129 -0.7558800219619819 -0.48844552417192877
1.73351 -0.7547966376119969 -0.48553733012195277
1.73573 -0.7536905079855203 -0.48262962568087275
1.73796 -0.7525617250632591 -0.4797225092840378
1.74018 -0.7514103812175891 -0.4768160793468901
1.7424 -0.7502365692098671 -0.47391043426163293
1.74462 -0.7490403821877373 -0.47100567239389923
1.74685 -0.7478219136824265 -0.4681018920794229
1.74907 -0.7465812576060326 -0.46519919162070855
1.75129 -0.745318508248805 -0.4622976692837041
1.75351 -0.7440337602764157 -0.4593974232944742
1.75574 -0.7427271087272227 -0.4564985518358753
1.75796 -0.7413986490095255 -0.453601153044231
1.76018 -0.7400484768988125 -0.45070532500601057
1.7624 -0.7386766885350007 -0.4478111657545081
1.76463 -0.7372833804196677 -0.4449187732665235
1.76685 -0.7358686494132751 -0.4420282454590464
1.76907 -0.7344325927323853 -0.4391396801859405
1.77129 -0.7329753079468706 -0.43625317523463125
1.77352 -0.7314968929771142 -0.43336882832279544
1.77574 -0.7299974460912048 -0.4304867370950536
1.77796 -0.7284770659021227 -0.4276069991196634
1.78018 -0.7269358513649202 -0.42472971188521713
1.78241 -0.7253739017738933 -0.4218549727973423
1.78463 -0.7237913167597472 -0.4189828791754021
1.78685 -0.7221881962867555 -0.41611352824920267
1.78907 -0.7205646406499111 -0.41324701715570133
1.7913 -0.7189207504720712 -0.4103834429357164
1.79352 -0.7172566267010955 -0.4075229025306446
1.79574 -0.7155723706069784 -0.4046654927791776
1.79796 -0.7138680837789729 -0.40181131041402396
1.80019 -0.71214386812271 -0.3989604520586352
1.80241 -0.7103998258573108 -0.39611301422393363
1.80463 -0.7086360595124923 -0.3932690933050458
1.80685 -0.706852671925668 -0.3904287855780397
1.80908 -0.7050497662390406 -0.38759218719666366
1.8113 -0.70322744589669 -0.38475939418909366
1.81352 -0.7013858146416565 -0.38193050245468063
1.81574 -0.6995249765130152 -0.3791056077607047
1.81797 -0.6976450358429465 -0.37628480573913325
1.82019 -0.6957460972538021 -0.3734681918833833
1.82241 -0.6938282656551624 -0.37065586154508834
1.82463 -0.6918916462408915 -0.3678479099308709
1.82686 -0.6899363444861845 -0.3650444320991195
1.82908 -0.6879624661446102 -0.3622455229567699
1.8313 -0.6859701172451502 -0.35945127725609327
1.83352 -0.6839594040892304 -0.3566617895914874
1.83575 -0.6819304332477488 -0.35387715439627576
1.83797 -0.6798833115580978 -0.3510974659395091
1.84019 -0.6778181461211827 -0.3483228183227748
1.84241 -0.675735044298434 -0.3455533054770117
1.84463 -0.6736341137088155 -0.3427890211593295
1.84686 -0.6715154622258289 -0.3400300589498352
1.84908 -0.669379197974512 -0.33727651224846444
1.8513 -0.6672254293284338 -0.3345284742718204
1.85352 -0.6650542649066852 -0.3317860380500185
1.85575 -0.6628658135708643 -0.3290492964235354
1.85797 -0.6606601844220594 -0.32631834204006727
1.86019 -0.6584374867978264 -0.3235932673513935
1.86241 -0.6561978302691622 -0.3208741646102461
1.86464 -0.6539413246374756 -0.3181611258671868
1.86686 -0.6516680799315534 -0.31545424296749225
1.86908 -0.6493782064045216 -0.3127536075480415
1.8713 -0.647071814530806 -0.3100593110342178
1.87353 -0.6447490150030866 -0.3073714446368109
1.87575 -0.6424099187292497 -0.30469009934892965
1.87797 -0.6400546368293358 -0.30201536594292244
1.88019 -0.6376832806324857 -0.2993473349673037
1.88242 -0.6352959616738814 -0.29668609674368784
1.88464 -0.6328927916916859 -0.29403174136373356
1.88686 -0.630473882623979 -0.2913843586860918
1.88908 -0.6280393466056888 -0.2887440383333646
1.89131 -0.6255892959655243 -0.2861108696890714
1.89353 -0.6231238432229004 -0.28348494189462226
1.89575 -0.6206431010848636 -0.28086634384630194
1.89797 -0.6181471824430141 -0.2782551641922578
1.9002 -0.6156362003704257 -0.27565149132950095
1.90242 -0.6131102681185617 -0.2730554134009131
1.90464 -0.6105694991141909 -0.2704670182922617
1.90686 -0.6080140069563003 -0.2678863936292263
1.90909 -0.6054439054130044 -0.2653136267744308
1.91131 -0.6028593084184551 -0.2627488048244866
1.91353 -0.6002603300697477 -0.2601920146070441
1.91575 -0.5976470846238248 -0.2576433426778534
1.91798 -0.5950196864943802 -0.25510287531783304
1.9202 -0.5923782502487592 -0.2525706985301508
1.92242 -0.5897228906048585 -0.25004689803731117
1.92464 -0.5870537224280244 -0.24753155927825266
1.92687 -0.5843708607279489 -0.2450247674054582
1.92909 -0.5816744206555644 -0.2425266072820682
1.93131 -0.5789645174999395 -0.24003716347901172
1.93353 -0.5762412666851698 -0.23755652027214103
1.93576 -0.5735047837672704 -0.2350847616393792
1.93798 -0.5707551844310674 -0.23262197125787798
1.9402 -0.5679925844870856 -0.23016823250118335
1.94242 -0.5652170998684393 -0.22772362843641492
1.94465 -0.5624288466277201 -0.22528824182145246
1.94687 -0.5596279409338845 -0.22286215510213525
1.94909 -0.5568144990691395 -0.22044545040946972
1.95131 -0.5539886374258316 -0.2180382095568506
1.95354 -0.5511504725033313 -0.21564051403729
1.95576 -0.548300120904919 -0.2132524450206601
1.95798 -0.5454376993346715 -0.2108740833509435
1.9602 -0.5425633245943466 -0.20850550954349667
1.96242 -0.5396771135802696 -0.20614680378232642
1.96465 -0.5367791832802175 -0.2037980459173725
1.96687 -0.5338696507703062 -0.20145931546180618
1.96909 -0.5309486332118742 -0.19913069158933738
1.97131 -0.528016247848372 -0.19681225313153572
1.97354 -0.5250726120022454 -0.19450407857516083
1.97576 -0.5221178430718254 -0.19220624605950576
1.97798 -0.519152058528213 -0.18991883337375048
1.9802 -0.5161753759121701 -0.18764191795433094
1.98243 -0.5131879128310074 -0.18537557688231532
1.98465 -0.5101897869554739 -0.18311988688079506
1.98687 -0.5071811160166486 -0.18087492431228913
1.98909 -0.5041620178028317 -0.17864076517615568
1.99132 -0.5011326101564367 -0.1764174851060234
1.99354 -0.49809301097088693 -0.17420515936722725
1.99576 -0.4950433381875083 -0.1720038628542626
1.99798 -0.49198370979242734 -0.16981367008824977
2.00021 -0.4889142438134679 -0.16763465521440946
2.00243 -0.4858350583170537 -0.16546689199955567
2.00465 -0.4827462714051051 -0.16331045382959508
2.00687 -0.47964800121194695 -0.1611654137070464
2.0091 -0.4765403659012083 -0.15903184424856476
2.01132 -0.4734234836627321 -0.1569098176824868
2.01354 -0.47029747270948435 -0.15479940584638485
2.01576 -0.4671624512744602 -0.152700680184633
2.01799 -0.46401853760760253 -0.15061371174599159
2.02021 -0.46086584997271046 -0.14853857118119862
2.02243 -0.4577045066443625 -0.14647532874058133
2.02465 -0.45453462590483 -0.14442405427167504
2.02688 -0.45135632604100456 -0.14238481721686103
2.0291 -0.448169725341318 -0.1403576866110139
2.03132 -0.4449749420926711 -0.1383427310791645
2.03354 -0.4417720945773654 -0.13634001883417923
2.03577 -0.43856130107003055 -0.1343496176744472
2.03799 -0.43534267983456554 -0.13237159498158824
2.04021 -0.4321163491210719 -0.13040601771816895
2.04243 -0.42888242716279934 -0.1284529524254392
2.04466 -0.42564103217308563 -0.12651246522107518
2.04688 -0.4223922823423089 -0.12458462179694574
2.0491 -0.4191362958348353 -0.12266948741688477
2.05132 -0.4158731907859733 -0.12076712691448321
2.05355 -0.4126030852989345 -0.11887760469089548
2.05577 -0.40932609744179055 -0.11700098471265652
2.05799 -0.4060423452444423 -0.11513733050951958
2.06021 -0.4027519466955835 -0.11328670517230188
2.06244 -0.3994550197396785 -0.11144917135075283
2.06466 -0.39615168227393327 -0.1096247912514291
2.06688 -0.3928420521452801 -0.10781362663559224
2.0691 -0.3895262471473575 -0.10601573881711501
2.07132 -0.3862043850175003 -0.10423118866040726
2.07355 -0.3828765834337342 -0.10246003657835578
2.07577 -0.3795429600117676 -0.10070234253027777
2.07799 -0.3762036323019978 -0.0989581660198926
2.08021 -0.37285871778651075 -0.09722756609330518
2.08244 -0.36950833387609694 -0.09551060133701017
2.08466 -0.3661525979072604 -0.09380732987590557
2.08688 -0.36279162713924257 -0.09211780937132719
2.0891 -0.3594255387510416 -0.09044209701909545
2.09133 -0.3560544498384439 -0.08878024954757868
2.09355 -0.35267847741105873 -0.08713232321577513
2.09577 -0.3492977383893521 -0.08549837381140502
2.09799 -0.34591234960169615 -0.08387845664902505
2.10022 -0.3425224277814126 -0.08227262656815326
2.10244 -0.3391280895638317 -0.08068093793141484
2.10466 -0.33572945148334565 -0.07910344462269925
2.10688 -0.3323266299704794 -0.0775402000453389
2.10911 -0.32891974134895513 -0.07599125712029853
2.11133 -0.3255089018327727 -0.07445666828438635
2.11355 -0.32209422752328576 -0.07293648548847598
2.11577 -0.3186758344062936 -0.07143076019575045
2.118 -0.3152538383491301 -0.06993954337995811
2.12022 -0.31182835509776224 -0.06846288552368773
2.12244 -0.30839950027389845 -0.06700083661666012
2.12466 -0.30496738937209245 -0.06555344615403413
2.12689 -0.30153213775686616 -0.06412076313473347
2.12911 -0.2980938606598267 -0.06270283605978488
2.13133 -0.2946526731767997 -0.061299712930679595
2.13355 -0.29120869026495927 -0.059911441247745056
2.13578 -0.2877620267399749 -0.05853806800853967
2.138 -0.2843127972731547 -0.05717963970626028
2.14022 -0.28086111638860084 -0.05583620232816777
2.14244 -0.27740709846037304 -0.054507801354032215
2.14467 -0.27395085770965144 -0.05319448175459085
2.14689 -0.27049250820191606 -0.05189628799002777
2.14911 -0.2670321638441221 -0.05061326400846711
2.15133 -0.26356993838189363 -0.04934545324448658
2.15356 -0.26010594539671333 -0.048092898617645874
2.15578 -0.2566402983031294 -0.046855642531035024
2.158 -0.2531731103459594 -0.04563372686983769
2.16022 -0.2497044945975088 -0.04442719299991382
2.16245 -0.24623456395479765 -0.0432360817663997
2.16467 -0.2427634311367841 -0.04206043349232358
2.16689 -0.23929120868160994 -0.0409002879772431
2.16911 -0.23581800894383945 -0.03975568449589528
2.17134 -0.23234394409171866 -0.038626661796869355
2.17356 -0.22886912610443066 -0.03751325810129291
2.17578 -0.2253936667693689 -0.03641551110153973
2.178 -0.22191767767940798 -0.03533345795995246
2.18023 -0.21844127023019133 -0.034267135307585295
2.18245 -0.21496455561742336 -0.03321657924296395
2.18467 -0.2114876448341648 -0.03218182533086256
2.18689 -0.20801064866814628 -0.03116290860110138
2.18911 -0.20453367769907863 -0.030159863547359445
2.19134 -0.20105684229598186 -0.029172724126007576
2.19356 -0.1975802526145121 -0.028201523754958657
2.19578 -0.19410401859430748 -0.027246295312536528
2.198 -0.19062824995633287 -0.02630707113636266
2.20023 -0.18715305620023778 -0.0253838830222608
2.20245 -0.18367854660172542 -0.024476762223182846
2.20467 -0.18020483020992123 -0.02358573944814768
2.20689 -0.17673201584476284 -0.022710844861204338
2.20912 -0.1732602120943842 -0.02185210808040905
2.21134 -0.1697895273125229 -0.021009558176823706
2.21356 -0.1663200696159231 -0.020183223673530537
2.21578 -0.16285194688175963 -0.019373132544667993
2.21801 -0.15938526674506037 -0.01857931221448228
2.22023 -0.15592013659614348 -0.017801789556399772
2.22245 -0.15245666357806528 -0.017040590892117624
2.22467 -0.14899495458407028 -0.016295741990711154
2.2269 -0.14553511625505894 -0.015567268067763429
2.22912 -0.14207725497705564 -0.014855193784510279
2.23134 -0.13862147687869633 -0.014159543247005746
2.23356 -0.13516788782871497 -0.01348034000530629
2.23579 -0.13171659343344905 -0.01281760705267354
2.23801 -0.12826769903434562 -0.012171366824795249
2.24023 -0.12482130970548447 -0.011541641199026453
2.24245 -0.12137753025110863 -0.01092845149364896
2.24468 -0.11793646520315944 -0.010331818467148812
2.2469 -0.11449821881883161 -0.009751762317514734
2.24912 -0.11106289507812703 -0.009188302681552685
2.25134 -0.10763059768142846 -0.008641458634223387
2.25357 -0.10420143004707325 -0.008111248687994066
2.25579 -0.10077549530894836 -0.007597690792213951
2.25801 -0.09735289631408356 -0.007100802332504985
2.26023 -0.09393373562026405 -0.006620600130174292
2.26246 -0.09051811549365062 -0.006157100441644192
2.26468 -0.08710613790640473 -0.005710318957901972
2.2669 -0.0836979045343343 -0.0052802708039692
2.26912 -0.08029351675453864 -0.004866970538388471
2.27135 -0.07689307564307406 -0.004470432152732129
2.27357 -0.07349668197261959 -0.0040906690711272065
2.27579 -0.0701044362101647 -0.0037276941498020078
2.27801 -0.06671643851469701 -0.0033815196766502353
2.28024 -0.06333278873490619 -0.0030521573708149896
2.28246 -0.059953586406900745 -0.0027396183822928633
2.28468 -0.05657893075192769 -0.002443913291555244
2.2869 -0.05320892067411263 -0.002165052109191379
2.28913 -0.04984365475820064 -0.0019030442755683108
2.29135 -0.04648323126731912 -0.001657898660512025
2.29357 -0.04312774814074053 -0.001429623563007354
2.29579 -0.03977730299166631 -0.0012182267109163147
2.29802 -0.036431993105012536 -0.0010237152607168731
2.30024 -0.03309191543521339 -0.0008460957972606931
2.30246 -0.029757166604035698 -0.0006853743335503149
2.30468 -0.02642784289839834 -0.0005415563105353183
2.3069 -0.0231040402682119 -0.0004146465969283586
2.30913 -0.019785854324220035 -0.0003046494890401874
2.31135 -0.016473380335862837 -0.00021156871063454652
2.31357 -0.013166713229141053 -0.00013540741280126944
2.31579 -0.009865947584501399 -0.0000761681738508102
2.31802 -0.006571177634724367 -0.000033852999225869596
2.32024 -0.0032824972628311675 -8.4633214343377e-6
2.32246 -6.902183696802005e-17 0.
