#1001 0.1 2.37246
0.1 4.799997599999998e15 3.999996e12
0.102272 3.50444327375989e15 3.054604322607598e12
0.104545 2.5763189673578795e15 2.3465186191983657e12
0.106817 1.9065739930270115e15 1.8128254473625667e12
0.10909 1.4199078094021138e15 1.4081444589266401e12
0.111362 1.0639116790169469e15 1.099513028847956e12
0.113635 8.018318916302578e14 8.628277495762576e11
0.115907 6.077054137471632e14 6.803500471450709e11
0.11818 4.63063411619858e14 5.389449033718492e11
0.120452 3.5467972261995906e14 4.288284836320698e11
0.122725 2.7302142368267506e14 3.426716174723959e11
0.124997 2.11174822211048e14 2.749538568774903e11
0.12727 1.6409579567660784e14 2.2149517256031717e11
0.129542 1.2808301152159475e14 1.791143981843921e11
0.131814 1.004053676246851e14 1.4537867701951608e11
0.134087 7.903685998072039e13 1.1841864014028372e11
0.136359 6.2466765822289836e13 9.679133866867636e10
0.138632 4.9562958375632695e13 7.937806382847978e10
0.140904 3.9472929191057664e13 6.5307793002146996e10
0.143177 3.1551727178521652e13 5.3899557138182556e10
0.145449 2.5309219511055668e13 4.461884961289725e10
0.147722 2.037129790988856e13 3.704450611305903e10
0.149994 1.6451202816999547e13 3.0843429911193054e10
0.152267 1.332822584707633e13 2.575122219764576e10
0.154539 1.0831819250360717e13 2.1557276732100132e10
0.156812 8.829686727239008e12 1.8093264100692825e10
0.159084 7.2188194257218125e12 1.5224200311664593e10
0.161356 5.918720418404936e12 1.2841493736359522e10
0.163629 4.866262471681658e12 1.0857512442995533e10
0.165901 4.0117699286398643e12 9.201324431092585e9
0.168174 3.3160218124751147e12 7.815346044528907e9
0.170446 2.7479509779722827e12 6.652696118207576e9
0.172719 2.2828712223893438e12 5.675100458975927e9
0.174991 1.9011063734748682e12 4.851226939437764e9
0.177264 1.5869265606625906e12 4.155358642947433e9
0.179536 1.3277200705254448e12 3.5663332494159164e9
0.181809 1.1133465060931143e12 3.0666927635269856e9
0.184081 9.356299502102148e11 2.641999930763108e9
0.186354 7.87960598756476e11 2.280287139954697e9
0.188626 6.649807033311207e11 1.9716109340711453e9
0.190898 5.623362505577574e11 1.7076909420655437e9
0.193171 4.7648005387381226e11 1.4816164813669028e9
0.195443 4.0451517526104706e11 1.28760755016147e9
0.197716 3.440700757385838e11 1.1208196499105632e9
0.199988 2.931987989839492e11 9.771840192260606e8
0.202261 2.503009603942506e11 8.53276548960567e8
0.204533 2.1405744821108063e11 7.462099842948349e8
0.206806 1.8337862246507864e11 6.535450793071127e8
0.209078 1.5736248085069418e11 5.732172123375652e8
0.211351 1.3526079333727513e11 5.0347564254302514e8
0.213623 1.1645162373653386e11 4.4283312532604426e8
0.215896 1.0041698285207623e11 3.9002403491931105e8
0.218168 8.672461437378651e10 3.4396948833677727e8
0.22044 7.501311683167947e10 3.037482434746911e8
0.222713 6.497976462779297e10 2.685723689969476e8
0.224985 5.637051765015279e10 2.3776686554248556e8
0.227258 4.897180939499826e10 2.107525652792494e8
0.22953 4.2603783444353584e10 1.8703175667207316e8
0.231803 3.711471190063418e10 1.661760789203224e8
0.234075 3.2376380355575493e10 1.47816310154152e8
0.236348 2.8280264820810688e10 1.3163373859275684e8
0.23862 2.4734358855623928e10 1.1735285921801634e8
0.240893 2.166053553405319e10 1.047351823141555e8
0.243165 1.899235019286242e10 9.357397624842045e7
0.245438 1.6673207117576675e10 8.368979655490473e7
0.24771 1.4654827267169756e10 7.49266778938468e7
0.249982 1.2895965453750427e10 6.714888573159114e7
0.252255 1.1361334594956085e10 6.023814138450083e7
0.254527 1.0020702153265806e10 5.409124801343381e7
0.2568 8.848129995545816e9 4.861805674903582e7
0.259072 7.821333910212915e9 4.3739721784311466e7
0.261345 6.9211431191051855e9 3.938720132684301e7
0.263617 6.13104348595041e9 3.5499968034791954e7
0.26589 5.436790889823463e9 3.202489819509783e7
0.268162 4.826083510506616e9 2.891531362542527e7
0.270435 4.2882836524742208e9 2.61301542468641e7
0.272707 3.8141812876766567e9 2.3633262608754843e7
0.27498 3.3957927831663237e9 2.139276445492442e7
0.277252 3.026189345696986e9 1.9380531788644474e7
0.279525 2.6993506007070284e9 1.757171689357509e7
0.281797 2.410039459377018e9 1.5944347459427958e7
0.284069 2.153695040749934e9 1.4478974393648677e7
0.286342 1.9263409275313904e9 1.3158365115377788e7
0.288614 1.7245064616339245e9 1.1967236159741532e7
0.290887 1.5451591431663063e9 1.0892019797923768e7
0.293159 1.3856464962276056e9 9.920660125561116e6
0.295432 1.2436460162989712e9 9.042434708946507e6
0.297704 1.1171220252895954e9 8.247798422254542e6
0.299977 1.0042884380469251e9 7.528246573731444e6
0.302249 9.035765939018179e8 6.876194816486414e6
0.304522 8.136074331629453e8 6.284873680262944e6
0.306794 7.331674052018753e8 5.748235852856888e6
0.309067 6.611875850425574e8 5.260874590868096e6
0.311339 5.967255518204284e8 4.817951855299688e6
0.313611 5.38949647303217e8 4.4151349532949515e6
0.315884 4.871252877034684e8 4.048540627393114e6
0.318156 4.4060304879613817e8 3.71468567179172e6
0.320429 3.988082841689459e8 3.4104432743748417e6
0.322701 3.612320703565205e8 3.133004386381396e6
0.324974 3.2742330154676926e8 2.879843510828521e6
0.327246 2.9698178126037335e8 2.6486883781185355e6
0.329519 2.695521795325246e8 2.4374930443069153e6
0.331791 2.4481874220981225e8 2.24441400571488e6
0.334064 2.2250065447013018e8 2.0677889741489121e6
0.336336 2.0234797396467298e8 1.9061180009851567e6
0.338609 1.8413806039388058e8 1.758046676681187e6
0.340881 1.6767243813951975e8 1.6223511656604789e6
0.343153 1.5277403701655602e8 1.497924865635033e6
0.345426 1.3928476347953415e8 1.3837665058570164e6
0.347698 1.2706336088743743e8 1.2789695210103705e6
0.349971 1.1598352284182091e8 1.1827125568893517e6
0.352243 1.0593222828751433e8 1.0942509810270136e6
0.354516 9.680827110753246e7 1.0129092863473654e6
0.356788 8.852096044276233e7 938074.288991674
0.359061 8.098897099848108e7 869189.0329479455
0.361333 7.413932522867647e7 805747.3241968038
0.363606 6.790649157100587e7 747288.8259531088
0.365878 6.2231584887715556e7 693394.6543850485
0.368151 5.706165699170673e7 643683.421063568
0.370423 5.234906663727502e7 597807.6744512528
0.372695 4.805091966198884e7 555450.6980820707
0.374968 4.412857110559482e7 516323.6277993062
0.37724 4.0547182126085564e7 480162.85458542075
0.379513 3.727532540136022e7 446727.6832013606
0.381785 3.428463346381402e7 415798.2201120588
0.384058 3.1549485079068616e7 387173.4670610474
0.38633 2.9046725361238837e7 360669.599214409
0.388603 2.6755415826348044e7 336118.40906205424
0.390875 2.4656611032018073e7 313365.8992768326
0.393148 2.273315884338524e7 292271.0095189774
0.39542 2.0969521709306613e7 272704.46376153367
0.397693 1.9351616635358986e7 254547.7261246784
0.399965 1.7866671806136817e7 237692.05446353674
0.402237 1.650309804349683e7 222037.64207318705
0.40451 1.5250373493642895e7 207492.83887178084
0.406782 1.4098940117743358e7 193973.44431180038
0.409055 1.3040110721150037e7 181402.0650628833
0.411327 1.2065985397856109e7 169707.53121794
0.4136 1.1169376391890565e7 158824.3654071001
0.415872 1.0343740487900313e7 148692.29976975455
0.418145 9.583118140963748e6 139255.8362409836
0.420417 8.882078642247586e6 130463.84606159775
0.42269 8.2356706938012e6 122269.2048267055
0.424962 7.639377833749995e6 114628.45975122703
0.427235 7.089078213437756e6 107501.52615679297
0.429507 6.5810082815739615e6 100851.41047692389
0.431779 6.11172997796267e6 94643.95733996887
0.434052 5.678101081621208e6 88847.61852516128
0.436324 5.277248395649428e6 83433.24179912156
0.438597 4.906543484625438e6 78373.87783079213
0.440869 4.563580710055218e6 73644.60355433561
0.443142 4.246157335907147e6 69222.3605039508
0.445414 3.952255499890682e6 65085.80678369569
0.447687 3.6800258672119915e6 61215.181460777996
0.449959 3.4277728023482445e6 57592.180283845475
0.452232 3.1939409111788035e6 54199.841729824766
0.454504 2.97710282081918e6 51022.44247494519
0.456777 2.775948077921387e6 48045.40146875776
0.459049 2.5892730582074244e6 45255.191865129644
0.461321 2.4159717907451936e6 42639.26013213961
0.463594 2.2550276100976e6 40185.95172428005
0.465866 2.1055055580960503e6 37884.4427560005
0.468139 1.9665454647183255e6 35724.677165999834
0.470411 1.8373556444838615e6 33697.30890731615
0.472684 1.7172071510013675e6 31793.64873962125
0.474956 1.6054285378910298e6 30005.615237632457
0.477229 1.5014010793235651e6 28325.68966358846
0.479501 1.4045544079305301e6 26746.874382615577
0.481774 1.3143625318986042e6 25262.654527859286
0.484046 1.2303401967124103e6 23866.96264773867
0.486319 1.1520395602977797e6 22554.14609083698
0.488591 1.0790471532787886e6 21318.936905005714
0.490863 1.0109810987302947e6 20156.424046414413
0.493136 947488.5682137447 19062.02771171908
0.495408 888243.453054438 18031.475622398386
0.497681 832944.2317770523 17060.781104770216
0.499953 781312.016384788 16146.22282238275
0.502226 733088.7617651934 15284.326029492784
0.504498 688035.6239494296 14471.84522530402
0.506771 645931.4542573971 13705.748098641918
0.509043 606571.417542019 12983.20066187265
0.511316 569765.7238147658 12301.553481211746
0.513588 535338.4635022568 11658.328918188208
0.515861 503126.53746028285 11051.209303993208
0.518133 472978.6736659512 10478.025974808781
0.520405 444754.52322889754 9936.749102038477
0.522678 418323.8290156401 9425.478256689968
0.52495 393565.6607739668 8942.433652040307
0.527223 370367.7111822725 8485.948013182777
0.529495 348625.6477374444 8054.4590261476715
0.531768 328242.51583891123 7646.502323042803
0.53404 309128.18882999633 7260.704963098642
0.536313 291198.86112467723 6895.779372658912
0.538585 274376.5808817008 6550.517710052851
0.540858 258588.81899176477 6223.786623942585
0.54313 243768.07142005648 5914.52237617918
0.545403 229851.49219837316 5621.72630244299
0.547675 216780.55459051786 5344.460586002442
0.549947 204500.73816391837 5081.844321819852
0.55222 192961.23969115262 4833.04984997285
0.554492 182114.7059790828 4597.299338961602
0.556765 171916.98688212 4373.861600945842
0.559037 162326.90690108822 4162.0491223117615
0.56131 153306.05390154963 3961.2152942177245
0.563582 144818.58360642366 3770.7518289187738
0.565855 136831.0386282381 3590.0863487291103
0.568127 129312.18090744245 3418.680135459601
0.5704 122232.83651562234 3256.0260290678198
0.572672 115565.75186702222 3101.6464650891808
0.574945 109285.46045918971 2955.0916411845355
0.577217 103368.15933440665 2815.9378038470327
0.579489 97791.59451847726 2683.7856469643557
0.581762 92534.95475291558 2558.2588145359446
0.584034 87578.77289106179 2439.0025004017916
0.586307 82904.8343786394 2325.68213835494
0.588579 78496.09228508592 2217.9821764855433
0.590852 74336.58839403673 2115.6049300447503
0.593124 70411.3798999377 2018.2695075239606
0.595397 66706.47129318381 1925.71080502171
0.597669 63208.75104871867 1837.6785643190517
0.599942 59905.9327629268 1753.9364904074353
0.602214 56786.500411110246 1674.2614245116733
0.604487 53839.657423102886 1598.442568927879
0.606759 51055.279297790126 1526.2807602526632
0.609031 48423.86949866594 1457.5877878178271
0.611304 45936.51839221137 1392.185754365279
0.613576 43584.86500897364 1329.906476201478
0.615849 41361.06142387933 1270.5909202603916
0.618121 39257.73956765652 1214.0886756799707
0.620394 37267.98029537916 1160.2574576606885
0.622666 35385.284551166595 1108.9626415262392
0.624939 33603.54648008517 1060.0768250475423
0.627211 31917.02834936795 1013.4794172219922
0.629484 30320.33715128264 969.0562518215379
0.631756 28808.40276940442 926.6992241362685
0.634029 27376.457598745474 886.3059494452096
0.636301 26020.01751822357 847.7794418437895
0.638574 24734.86412136987 811.027812148396
0.640846 23517.02811802268 775.9639836829485
0.643118 22362.77382608699 742.5054248311762
0.645391 21268.584678287818 710.5738973116145
0.647663 20231.149674254328 680.0952192004536
0.649936 19247.35071327503 650.9990417910774
0.652208 18314.250747690126 623.2186394382193
0.654481 17429.082701168372 596.6907115898819
0.656753 16589.239100080224 571.3551962616245
0.659026 15792.262369845152 547.1550942556954
0.661298 15035.835751530793 524.0363034722744
0.663571 14317.77479712688 501.94746270174016
0.665843 13636.019404833167 480.8398043258019
0.668116 12988.626358403426 460.66701539167326
0.670388 12373.762337092068 441.3851065573218
0.67266 11789.697365072609 422.9522884374815
0.674933 11234.798671353072 405.32885490970733
0.677205 10707.524933210369 388.4770729672861
0.679478 10206.42087802236 372.3610787316818
0.68175 9730.112220096993 356.94677926124274
0.684023 9277.300910696484 342.20175981545015
0.686295 8846.760680939818 328.09519625505493
0.688568 8437.332858645073 314.5977722781379
0.69084 8047.922441454434 301.68160121054854
0.693113 7677.494409776171 289.32015208643344
0.695385 7325.070264184086 277.488179770686
0.697658 6989.724772944313 266.16165889022636
0.69993 6670.582916297148 255.31772135520532
0.702202 6366.817015011142 244.9345972643999
0.704475 6077.644031556116 234.99155900151797
0.706747 5802.323033012386 225.46886834070256
0.70902 5540.152805551361 216.34772639043064
0.711292 5290.469610991464 207.61022621518578
0.713565 5052.645076555506 199.23930798385612
0.715837 4826.084209535528 191.2187165027438
0.71811 4610.223529111937 183.53296099951598
0.720382 4404.529308076671 176.16727703226894
0.722655 4208.495917680225 169.10759040530658
0.724927 4021.6442692596324 162.34048298014795
0.7272 3843.5203467127935 155.85316027680412
0.729472 3673.6938242655096 149.63342076647993
0.731744 3511.7567643325847 143.66962676258518
0.734017 3357.3223906059516 137.95067682233892
0.736289 3210.023931812459 132.46597957631542
0.738562 3069.513531872442 127.20542890802162
0.740834 2935.4612224604434 122.15938041008829
0.743107 2807.55395422113 117.31862904783524
0.745379 2685.4946831288876 112.67438796493384
0.747652 2569.001508699728 108.21826836959471
0.749924 2457.806860969507 103.94226044320301
0.752197 2351.656733344658 99.83871521660376
0.754469 2250.309958611476 95.90032736233059
0.756742 2153.5375255577487 92.12011885397239
0.759014 2061.121933817957 88.49142344661722
0.761286 1972.856584700117 85.00787193487082
0.763559 1888.5452058899505 81.66337814738421
0.765831 1808.0013080569427 78.45212563909942
0.768104 1731.04767150726 75.36855504457084
0.770376 1657.5158611413722 72.40735205774364
0.772649 1587.2457680800298 69.56343600548075
0.774921 1520.0851764210934 66.83194898391908
0.777194 1455.8893536825126 64.20824552843374
0.779466 1394.520663573712 61.68788278958445
0.781739 1335.8481998189475 59.26661118891822
0.784011 1279.7474398326758 56.94036552992505
0.786284 1226.099917118469 54.70525654077931
0.788556 1174.7929113301152 52.5575628267589
0.790828 1125.7191549965644 50.493723211428886
0.793101 1078.7765559713637 48.510329446794046
0.795373 1033.8679347226196 46.604119273688
0.797646 990.9007756316033 44.771969814665404
0.799918 949.7869915167767 43.01089128260755
0.802191 910.4427006459592 41.318020989143236
0.804463 872.7880155422813 39.69061763783003
0.806736 836.7468429299605 38.12605588783213
0.809008 802.2466942039463 36.621821174586884
0.811281 769.2185058430344 35.17550477465849
0.813553 737.5964692195711 33.78479910264678
0.815826 707.3178692903684 32.44749322865724
0.818098 678.3229316829566 31.161468605431182
0.82037 650.5546777191821 29.924694994805805
0.822643 623.958786944255 28.735226583707824
0.824915 598.483466753932 27.59119828038819
0.827188 574.0793287356914 26.49082218208897
0.82946 550.6992713614603 25.43238420578095
0.831733 528.2983686899371 24.41424087404339
0.834005 506.83376475582935 23.434816248559905
0.836278 486.2645733414387 22.4925990040906
0.83855 466.5517828430712 21.586139636139777
0.840823 447.6581659608713 20.71404779588834
0.843095 429.5481939557369 19.87498974627878
0.845368 412.1879552312791 19.067685933454776
0.84764 395.54507801218244 18.290908668045073
0.849912 379.5886569029591 17.54347991106023
0.852185 364.2891831230346 16.82426915943203
0.854457 349.61847822530035 16.132191426473035
0.85673 335.54963111585977 15.466205312770342
0.859002 322.0569382026893 14.825311163248838
0.861275 309.11584651030563 14.208549306351633
0.863547 296.7028996064407 13.614998371485749
0.86582 284.79568619506233 13.04377368107
0.868092 273.3727912379782 12.494025713703413
0.870365 262.4137494747159 11.96493863514237
0.872637 251.89900121738364 11.455728893937476
0.87491 241.809850303845 10.965643878733747
0.877182 232.12842409881628 10.493960634385259
0.879454 222.83763543837483 10.039984634171804
0.881727 213.9211464189697 9.603048605538278
0.883999 205.36333393727506 9.182511406900904
0.886272 197.14925689220235 8.777756953183218
0.888544 189.26462496509637 8.388193187857617
0.890817 181.6957688985656 8.013251099373987
0.893089 174.42961219858975 7.652383779958846
0.895362 167.45364418852725 7.305065524865185
0.897634 160.75589434736304 6.970790970243049
0.899907 154.32490786810322 6.649074267889966
0.902179 148.1497223755522 6.339448295221004
0.904452 142.21984574587484 6.041463898877234
0.906724 136.52523497334744 5.754689170466885
0.908996 131.05627603251895 5.478708753002835
0.911269 125.80376468668574 5.213123176668425
0.913541 120.75888819611842 4.957548222607419
0.915814 115.91320788187053 4.7116143134950015
0.918086 111.25864250326434 4.4749659297038695
0.920359 106.78745240930446 4.247261049936045
0.922631 102.49222442628627 4.028170615241665
0.924904 98.36585744580381 3.817378015397483
0.927176 94.40154867917167 3.6145785966642485
0.929449 90.59278054600128 3.419479189987581
0.931721 86.93330816630984 3.231797658749999
0.933994 83.41714742707964 3.051262465222771
0.936266 80.03856359565243 2.877612254904725
0.938538 76.79206045373505 2.710595457972799
0.940811 73.67236992709991 2.549969907104008
0.943083 70.67444218731836 2.395502470962348
0.945356 67.79343620304026 2.246968702676061
0.947628 65.0247107194533 2.1041525026610337
0.949901 62.36381564562074 1.9668457951756704
0.952173 59.80648383039868 1.8348482180195598
0.954446 57.34862320858824 1.7079668248150996
0.956718 54.986309299887424 1.5860157993363613
0.958991 52.715778044059626 1.4688161813730414
0.961263 50.5334189565554 1.356195603640642
0.963536 48.4357685895943 1.2479880392696003
0.965808 46.41950428444522 1.1440335594265783
0.968081 44.48143820134331 1.044178100641421
0.970353 42.61851161413862 0.9482732414316617
0.972625 40.827789457398104 0.8561759878347557
0.974898 39.10645511428051 0.7677485674752278
0.97717 37.451805434066166 0.6828582318104006
0.979443 35.861245968759164 0.6013770662137512
0.981715 34.33228641869294 0.5231818075702988
0.983988 32.86253627754825 0.44815366907195653
0.98626 31.4497006676579 0.3761781719151136
0.988533 30.091576356904657 0.30714498361507037
0.990805 28.786047948935334 0.24094776266447315
0.993078 27.531084238809054 0.1774840092749459
0.99535 26.32473472657048 0.11665492195199789
0.997623 25.165126281595146 0.058365259664220126
0.999895 24.050459950894144 0.0025232093781530907
1.00217 22.979007904883872 -0.05095974126023828
1.00444 21.94911051443599 -0.10216892630694607
1.00671 20.959173553310475 -0.15118661916479903
1.00898 20.00766552035245 -0.19809214568393552
1.01126 19.09311507609796 -0.2429619929017206
1.01353 18.21410858868044 -0.28586991359824276
1.0158 17.36928778417077 -0.3268870268360695
1.01807 16.55734749670975 -0.3660819146456866
1.02035 15.777033514005232 -0.40352071501145836
1.02262 15.027140513973144 -0.439267211306237
1.02489 14.306510088496877 -0.4733829183166085
1.02716 13.61402885046316 -0.505927164994862
1.02944 12.94862662041108 -0.5369571740680015
1.03171 12.309274689299432 -0.5665281386286862
1.03398 11.694984154055632 -0.5946932958278754
1.03625 11.104804322724606 -0.6215039977838588
1.03853 10.53782118617913 -0.6470097798176919
1.0408 9.99315595349362 -0.6712584261204242
1.04307 9.469963648212733 -0.6942960329532477
1.04534 8.96743176287359 -0.7161670694774362
1.04762 8.484778969259654 -0.7369144363069995
1.04989 8.021253881977191 -0.7565795218731979
1.05216 7.5761338730551575 -0.7752022566863443
1.05443 7.14872393537242 -0.7928211655768491
1.05671 6.738355592814158 -0.80947341799417
1.05898 6.344385855154225 -0.8251948764390598
1.06125 5.966196215749797 -0.840020143101446
1.06352 5.603191690219092 -0.8539826047734147
1.0658 5.254799894355512 -0.8671144761038554
1.06807 4.920470159609099 -0.8794468412587106
1.07034 4.599672684539322 -0.8910096940481691
1.07261 4.291897720715007 -0.9018319765796672
1.07489 3.9966547916042217 -0.911941616493205
1.07716 3.713471943060757 -0.9213655628332245
1.07943 3.441895024075869 -0.9301298206091138
1.0817 3.1814869965219454 -0.9382594840943415
1.08398 2.931827272671151 -0.9457787689121901
1.08625 2.692511079324561 -0.9527110429542165
1.08852 2.463148847438869 -0.9590788561756709
1.09079 2.243365626186277 -0.9649039693103834
1.09307 2.032800520428818 -0.9702073815459502
1.09534 1.8311061506332966 -0.9750093571984226
1.09761 1.637948134295202 -0.9793294514241659
1.09988 1.4530045879797087 -0.9831865350050757
1.10216 1.2759656491269535 -0.9865988182419105
1.10443 1.106533016805548 -0.9895838739891454
1.1067 0.944419510632816 -0.9921586598634398
1.10897 0.7893486471145245 -0.9943395396565604
1.11125 0.6410542326883917 -0.9961423039823982
1.11352 0.49927997278667074 -0.9975821901865647
1.11579 0.363779096261935 -0.9986739015459558
1.11806 0.23431399454841823 -0.9994316257845848
1.12034 0.11065587495811548 -0.9998690529310046
1.12261 -0.00041039097909519897 -0.9999999663974596
1.12488 -0.006789804247982014 -0.9999907646898374
1.12715 -0.013143273311892367 -0.9999652537393755
1.12943 -0.019470747501062285 -0.9999234343782177
1.1317 -0.02577217656663739 -0.9998653079704738
1.13397 -0.03204751068319137 -0.9997908764121737
1.13624 -0.03829670045120743 -0.9997001421312073
1.13852 -0.04451969689953461 -0.999593108087244
1.14079 -0.05071645148781375 -0.9994697777716366
1.14306 -0.056886916108867536 -0.999330155207308
1.14533 -0.06303104309106623 -0.9991742449486183
1.14761 -0.06914878520066332 -0.9990020520812184
1.14988 -0.07524009564409632 -0.9988135822218825
1.15215 -0.08130492807026338 -0.9986088415183256
1.15442 -0.08734323657277064 -0.9983878366490029
1.15669 -0.09335497569214542 -0.9981505748228913
1.15897 -0.09934010041802536 -0.9978970637792556
1.16124 -0.10529856619131941 -0.9976273117873947
1.16351 -0.11123032890633464 -0.9973413276463727
1.16578 -0.11713534491288066 -0.9970391206847316
1.16806 -0.12301357101834247 -0.9967207007601867
1.17033 -0.1288649644897286 -0.9963860782593057
1.1726 -0.13468948305568582 -0.9960352640971696
1.17487 -0.1404870849084913 -0.9956682697170163
1.17715 -0.14625772870601728 -0.9952851070898678
1.17942 -0.15200137357366297 -0.9948857887141398
1.18169 -0.15771797910626523 -0.9944703276152336
1.18396 -0.16340750536998103 -0.9940387373451114
1.18624 -0.16906991290413892 -0.9935910319818541
1.18851 -0.17470516272306857 -0.9931272261292026
1.19078 -0.18031321631790345 -0.9926473349160808
1.19305 -0.18589403565835244 -0.9921513739961025
1.19533 -0.19144758319445002 -0.991639359547061
1.1976 -0.1969738218582802 -0.9911113082704002
1.19987 -0.2024727150656699 -0.9905672373906717
1.20214 -0.20794422671786095 -0.9900071646549713
1.20442 -0.21338832120315662 -0.9894311083323609
1.20669 -0.21880496339853767 -0.9888390872132726
1.20896 -0.22419411867125844 -0.9882311206088955
1.21123 -0.22955575288041422 -0.9876072283505459
1.21351 -0.23488983237848662 -0.9869674307890202
1.21578 -0.24019632401285923 -0.9863117487939317
1.21805 -0.24547519512731183 -0.985640203753029
1.22032 -0.25072641356349135 -0.9849528175714992
1.2226 -0.2559499476623521 -0.9842496126712525
1.22487 -0.26114576626557684 -0.9835306119901919
1.22714 -0.26631383871697367 -0.9827958389814637
1.22941 -0.27145413486384323 -0.9820453176126936
1.23169 -0.2765666250583268 -0.9812790723652045
1.23396 -0.2816512801587304 -0.9804971282332172
1.23623 -0.2867080715308197 -0.9796995107230366
1.2385 -0.291736971049097 -0.9788862458522188
1.24078 -0.2967379510980528 -0.9780573601487219
1.24305 -0.3017109845733905 -0.977212880650042
1.24532 -0.3066560448832324 -0.9763528349023303
1.24759 -0.31157310594929805 -0.9754772509594949
1.24987 -0.3164621422080646 -0.9745861573822854
1.25214 -0.3213231286118968 -0.973679583237362
1.25441 -0.32615604063015974 -0.9727575580963468
1.25668 -0.33096085425030813 -0.9718201120348589
1.25896 -0.3357375459789478 -0.970867275631534
1.26123 -0.3404860928428801 -0.9698990799670271
1.2635 -0.34520647239012253 -0.9689155566229977
1.26577 -0.34989866269090286 -0.9679167376810804
1.26805 -0.35456264233863455 -0.9669026557218385
1.27032 -0.3591983904508712 -0.9658733438237008
1.27259 -0.36380588667023284 -0.964828835561883
1.27486 -0.3683851111653152 -0.9637691650072919
1.27714 -0.37293604463157654 -0.9626943667254151
1.27941 -0.3774586682921984 -0.9616044757751921
1.28168 -0.38195296389892897 -0.9604995277078724
1.28395 -0.38641891373290377 -0.959379558565854
1.28623 -0.3908565006054415 -0.9582446048815093
1.2885 -0.3952657078588219 -0.9570947036759925
1.29077 -0.39964651936704043 -0.9559298924580327
1.29304 -0.40399891953654254 -0.9547502092227094
1.29532 -0.4083228933069339 -0.9535556924502142
1.29759 -0.41261842615167243 -0.9523463811045951
1.29986 -0.41688550407873914 -0.9511223146324854
1.30213 -0.421124113631284 -0.9498835329618172
1.3044 -0.4253342418882547 -0.9486300765005193
1.30668 -0.4295158764650047 -0.9473619861351983
1.30895 -0.4336690055138764 -0.9460793032298058
1.31122 -0.43779361772476694 -0.9447820696242886
1.31349 -0.4418897023256741 -0.9434703276332238
1.31577 -0.44595724908321743 -0.9421441200444393
1.31804 -0.4499962483031423 -0.9408034901176174
1.32031 -0.4540066908308037 -0.9394484815828839
1.32258 -0.4579885680516265 -0.9380791386393814
1.32486 -0.4619418718915488 -0.9366955059538283
1.32713 -0.4658665948174427 -0.9352976286590613
1.3294 -0.4697627298375178 -0.933885552352563
1.33167 -0.4736302705017003 -0.9324593230949749
1.33395 -0.47746921090199546 -0.9310189874085951
1.33622 -0.4812795456728309 -0.9295645922758602
1.33849 -0.4850612699913755 -0.9280961851378131
1.34076 -0.4888143795778433 -0.9266138138925563
1.34304 -0.49253887069577645 -0.9251175268936875
1.34531 -0.49623474015230606 -0.9236073729487245
1.34758 -0.49990198529839636 -0.9220834013175122
1.34985 -0.5035406040290695 -0.9205456617106152
1.35213 -0.5071505947836079 -0.9189942042876977
1.3544 -0.5107319565457403 -0.9174290796558862
1.35667 -0.5142846888438087 -0.9158503388681185
1.35894 -0.5178087917509128 -0.91425803342148
1.36122 -0.5213042658850382 -0.9126522152555228
1.36349 -0.5247711124091666 -0.9110329367505705
1.36576 -0.5282093330313632 -0.9094002507260119
1.36803 -0.5316189300048477 -0.9077542104385763
1.37031 -0.5349999061280469 -0.906094869580597
1.37258 -0.5383522647446276 -0.9044222822782597
1.37485 -0.5416760097435102 -0.9027365030898371
1.37712 -0.5449711455588645 -0.9010375870039093
1.3794 -0.5482376771700888 -0.8993255894375698
1.38167 -0.5514756101017653 -0.8976005662346181
1.38394 -0.5546849504236026 -0.8958625736637384
1.38621 -0.5578657047503583 -0.8941116684166635
1.38849 -0.5610178802417403 -0.8923479076063257
1.39076 -0.5641414846022937 -0.890571348764995
1.39303 -0.5672365260812688 -0.8887820498424004
1.3953 -0.5703030134724684 -0.8869800692038414
1.39758 -0.57334095611408 -0.8851654656282836
1.39985 -0.5763503638884906 -0.8833382983064405
1.40212 -0.5793312472220786 -0.8814986268388445
1.40439 -0.5822836170849944 -0.8796465112339011
1.40667 -0.5852074849909191 -0.877782011905933
1.40894 -0.5881028629968066 -0.8759051896732076
1.41121 -0.5909697637026082 -0.8740161057559552
1.41348 -0.5938082002509795 -0.8721148217743707
1.41576 -0.5966181863269701 -0.8702013997466036
1.41803 -0.5993997361576953 -0.8682759020867359
1.4203 -0.6021528645119907 -0.8663383916027457
1.42257 -0.6048775867000504 -0.8643889314944582
1.42485 -0.6075739185730463 -0.8624275853514843
1.42712 -0.6102418765227307 -0.8604544171511473
1.42939 -0.6128814774810241 -0.8584694912563944
1.43166 -0.6154927389195815 -0.8564728724136983
1.43394 -0.6180756788493458 -0.8544646257509454
1.43621 -0.6206303158200832 -0.8524448167753101
1.43848 -0.6231566689198994 -0.85041351137112
1.44075 -0.6256547577747422 -0.8483707757977053
1.44303 -0.6281246025478867 -0.8463166766872372
1.4453 -0.6305662239394012 -0.844251281042556
1.44757 -0.6329796431856004 -0.8421746562349844
1.44984 -0.6353648820584786 -0.8400868700021302
1.45211 -0.6377219628651298 -0.8379879904456764
1.45439 -0.6400509084471478 -0.8358780860291604
1.45666 -0.6423517421800129 -0.8337572255757406
1.45893 -0.6446244879724606 -0.8316254782659508
1.4612 -0.6468691702658347 -0.8294829136354445
1.46348 -0.6490858140334237 -0.8273296015727266
1.46575 -0.6512744447797832 -0.8251656123168727
1.46802 -0.6534350885400387 -0.8229910164552395
1.47029 -0.6555677718791745 -0.8208058849211612
1.47257 -0.6576725218913086 -0.8186102889916357
1.47484 -0.6597493661989471 -0.8164043002850003
1.47711 -0.6617983329522262 -0.8141879907585954
1.47938 -0.6638194508281394 -0.8119614327064164
1.48166 -0.6658127490297444 -0.8097246987567569
1.48393 -0.667778257285359 -0.8074778618698393
1.4862 -0.6697160058477402 -0.8052209953354332
1.48847 -0.6716260254932457 -0.8029541727704679
1.49075 -0.6735083475209831 -0.8006774681166282
1.49302 -0.6753630037519415 -0.7983909556379443
1.49529 -0.6771900265281092 -0.7960947099183675
1.49756 -0.6789894487115753 -0.7937888058593401
1.49984 -0.6807613036836158 -0.7914733186773502
1.50211 -0.6825056253437665 -0.7891483239014774
1.50438 -0.684222448108878 -0.7868138973709319
1.50665 -0.6859118069121591 -0.7844701152325786
1.50893 -0.6875737372022017 -0.7821170539384534
1.5112 -0.6892082749419939 -0.7797547902432704
1.51347 -0.6908154566079155 -0.7773834012019174
1.51574 -0.6923953191887227 -0.7750029641669423
1.51802 -0.6939479001845128 -0.7726135567860308
1.52029 -0.6954732376056793 -0.7702152569994734
1.52256 -0.6969713699718497 -0.7678081430376216
1.52483 -0.6984423363108091 -0.7653922934183381
1.52711 -0.6998861761574102 -0.762967786944435
1.52938 -0.701302929552468 -0.7605347027011027
1.53165 -0.7026926370416416 -0.7580931200533303
1.53392 -0.7040553396742996 -0.7556431186433179
1.5362 -0.7053910790023733 -0.7531847783878773
1.53847 -0.7066998970791952 -0.750718179475826
1.54074 -0.7079818364583227 -0.7482434023653715
1.54301 -0.7092369401923488 -0.7457605277814867
1.54529 -0.710465251831699 -0.7432696367132762
1.54756 -0.7116668154234123 -0.7407708104113356
1.54983 -0.7128416755099115 -0.7382641303851007
1.5521 -0.7139898771277582 -0.7357496784001878
1.55438 -0.7151114658063926 -0.733227536475728
1.55665 -0.7162064875668628 -0.7306977868816916
1.55892 -0.7172749889205382 -0.7281605121362029
1.56119 -0.7183170168678108 -0.725615795002851
1.56347 -0.7193326188967816 -0.7230637184879887
1.56574 -0.7203218429819354 -0.7205043658380244
1.56801 -0.7212847375828009 -0.7179378205367077
1.57028 -0.7222213516425986 -0.7153641663024066
1.57256 -0.7231317345868742 -0.7127834870853756
1.57483 -0.7240159363221212 -0.710195867065017
1.5771 -0.7248740072343871 -0.7076013906471368
1.57937 -0.7257059981878707 -0.7050001424611901
1.58165 -0.7265119605235023 -0.7023922073575206
1.58392 -0.7272919460575141 -0.6997776704045935
1.58619 -0.7280460070799974 -0.6971566168862204
1.58846 -0.7287741963534452 -0.6945291322987768
1.59074 -0.7294765671112838 -0.6918953023484141
1.59301 -0.730153173056392 -0.6892552129482642
1.59528 -0.7308040683596074 -0.6866089502156355
1.59755 -0.7314293076582187 -0.6839566004692056
1.59982 -0.7320289460544481 -0.6812982502262049
1.6021 -0.7326030391139204 -0.6786339861995941
1.60437 -0.7331516428641186 -0.6759638952952365
1.60664 -0.7336748137928294 -0.6732880646090628
1.60891 -0.7341726088465751 -0.6706065814242304
1.61119 -0.7346450854290336 -0.667919533208275
1.61346 -0.7350923013994474 -0.6652270076102598
1.61573 -0.7355143150710189 -0.6625290924579148
1.618 -0.7359111852092961 -0.6598258757547717
1.62028 -0.7362829710305442 -0.6571174456772948
1.62255 -0.7366297322001066 -0.6544038905720041
1.62482 -0.7369515288307548 -0.651685298952592
1.62709 -0.7372484214810249 -0.6489617594970386
1.62937 -0.737520471153545 -0.6462333610447177
1.63164 -0.7377677392933482 -0.6435001925934989
1.63391 -0.7379902877861776 -0.6407623432968447
1.63618 -0.7381881789567759 -0.6380199024609031
1.63846 -0.7383614755671678 -0.6352729595415931
1.64073 -0.738510240814929 -0.6325216041416882
1.643 -0.7386345383314424 -0.6297659260078932
1.64527 -0.7387344321801482 -0.6270060150279154
1.64755 -0.7388099868547776 -0.6242419612275347
1.64982 -0.738861267277579 -0.6214738547676658
1.65209 -0.7388883387975318 -0.6187017859414176
1.65436 -0.7388912671885497 -0.615925845171147
1.65664 -0.7388701186476737 -0.6131461230055112
1.65891 -0.7388249597932541 -0.6103627101165128
1.66118 -0.7387558576631212 -0.6075756972965416
1.66345 -0.7386628797127467 -0.6047851754554149
1.66573 -0.7385460938133936 -0.601991235617411
1.668 -0.7384055682502566 -0.599193968918299
1.67027 -0.7382413717205907 -0.5963934666023687
1.67254 -0.7380535733318315 -0.5935898200194522
1.67482 -0.7378422425997042 -0.5907831206219438
1.67709 -0.7376074494463212 -0.5879734599618193
1.67936 -0.7373492641982723 -0.5851609296876474
1.68163 -0.7370677575847032 -0.5823456215416009
1.68391 -0.7367630007353839 -0.5795276273564645
1.68618 -0.7364350651787683 -0.576707039052639
1.68845 -0.7360840228400429 -0.5738839486351434
1.69072 -0.7357099460391666 -0.5710584481906122
1.693 -0.7353129074889003 -0.5682306298842941
1.69527 -0.7348929802928273 -0.5654005859570438
1.69754 -0.7344502379433638 -0.5625684087223133
1.69981 -0.73398475431976 -0.5597341905631418
1.70209 -0.7334966036860925 -0.5568980239291415
1.70436 -0.7329858606892459 -0.5540600013334814
1.70663 -0.7324526003568866 -0.5512202153498712
1.7089 -0.7318968980954274 -0.5483787586095404
1.71118 -0.7313188296879806 -0.5455357237982165
1.71345 -0.7307184712923059 -0.542691203653103
1.71572 -0.7300958994387469 -0.5398452909598536
1.71799 -0.7294511910281575 -0.5369980785495446
1.72027 -0.7287844233298231 -0.5341496592956493
1.72254 -0.7280956739793705 -0.5313001261110065
1.72481 -0.7273850209766681 -0.5284495719447898
1.72708 -0.7266525426837213 -0.5255980897794775
1.72936 -0.7258983178225553 -0.5227457726278175
1.73163 -0.7251224254730922 -0.5198927135297949
1.7339 -0.7243249450710174 -0.5170390055495954
1.73617 -0.7235059564056397 -0.5141847417725715
1.73845 -0.7226655396177429 -0.5113300153022051
1.74072 -0.7218037751974272 -0.5084749192570703
1.74299 -0.7209207439819442 -0.5056195467677971
1.74526 -0.7200165271535244 -0.5027639909740325
1.74753 -0.7190912062371945 -0.49990834502140236
1.74981 -0.7181448630985893 -0.4970527020584742
1.75208 -0.7171775799417532 -0.49419715523371766
1.75435 -0.7161894393069363 -0.491341797692466
1.75662 -0.7151805240683813 -0.4884867225738787
1.7589 -0.7141509174321026 -0.4856320230079032
1.76117 -0.7131007029336592 -0.4827777921122359
1.76344 -0.712029964435919 -0.47992412298928633
1.76571 -0.7109387861268163 -0.47707110872313896
1.76799 -0.7098272525171004 -0.47421884237651835
1.77026 -0.7086954484380799 -0.4713674169877512
1.77253 -0.7075434590393558 -0.46851692556773394
1.7748 -0.7063713697865526 -0.46566746109689783
1.77708 -0.705179266459036 -0.4628191165221752
1.77935 -0.7039672351476296 -0.45997198475396917
1.78162 -0.7027353622523212 -0.4571261586631221
1.78389 -0.7014837344799628 -0.4542817310778857
1.78617 -0.7002124388419642 -0.45143879478089444
1.78844 -0.6989215626519801 -0.4485974425061384
1.79071 -0.6976111935235901 -0.4457577669359374
1.79298 -0.6962814193679724 -0.44291986069791933
1.79526 -0.6949323283915706 -0.44008381636199834
1.79753 -0.693564009093755 -0.4372497264373545
1.7998 -0.6921765502644759 -0.4344176833694168
1.80207 -0.6907700409819129 -0.43158777953684835
1.80435 -0.6893445706101156 -0.428760107248531
1.80662 -0.6879002287966398 -0.42593475874055686
1.80889 -0.6864371054701773 -0.4231118261732181
1.81116 -0.6849552908381796 -0.42029140162800116
1.81344 -0.6834548753844748 -0.41747357710458255
1.81571 -0.6819359498668807 -0.41465844451782896
1.81798 -0.6803986053148097 -0.4118460956947987
1.82025 -0.67884293302687 -0.4090366223717459
1.82253 -0.6772690245684606 -0.4062301161911285
1.8248 -0.6756769717693595 -0.40342666869861943
1.82707 -0.6740668667213084 -0.400626371340119
1.82934 -0.6724388017755905 -0.3978293154587742
1.83162 -0.6707928695406038 -0.3950355922919975
1.83389 -0.6691291628794287 -0.39224529296849053
1.83616 -0.6674477749073906 -0.3894585085052735
1.83843 -0.6657487989896173 -0.386675329804715
1.84071 -0.6640323287385912 -0.38389584765156537
1.84298 -0.662298458011697 -0.38112015270999866
1.84525 -0.6605472809087647 -0.37834833552065317
1.84752 -0.6587788917696054 -0.3755804864976775
1.8498 -0.6569933851715468 -0.3728166959257835
1.85207 -0.6551908559269597 -0.37005705395729915
1.85434 -0.6533713990807822 -0.3673016506092298
1.85661 -0.6515351099080388 -0.3645505757603196
1.85889 -0.6496820839113546 -0.3618039191481217
1.86116 -0.6478124168184671 -0.3590617703660709
1.86343 -0.6459262045797297 -0.3563242188605593
1.8657 -0.644023543365616 -0.3535913539280212
1.86798 -0.6421045295642156 -0.3508632647120189
1.87025 -0.6401692597787279 -0.34814004020033484
1.87252 -0.6382178308249524 -0.3454217692220697
1.87479 -0.6362503397287734 -0.3427085404447444
1.87707 -0.6342668837236412 -0.34000044237140703
1.87934 -0.6322675602480515 -0.33729756333774785
1.88161 -0.6302524669430178 -0.3345999915092166
1.88388 -0.6282217016495426 -0.331907814878146
1.88616 -0.6261753624060848 -0.32922112126088343
1.88843 -0.6241135474460222 -0.32653999829492464
1.8907 -0.622036355195112 -0.3238645334360566
1.89297 -0.6199438842689463 -0.32119481395550264
1.89525 -0.6178362334704074 -0.3185309269370783
1.89752 -0.6157135017871161 -0.31587295927434944
1.89979 -0.6135757883888789 -0.3132209976677969
1.90206 -0.611423192625133 -0.31057512862199044
1.90433 -0.609255814022386 -0.3079354384427663
1.90661 -0.607073752281654 -0.3053020132344104
1.90888 -0.6048771072758975 -0.30267493889685215
1.91115 -0.6026659790474531 -0.30005430112286147
1.91342 -0.6004404678054631 -0.2974401853952522
1.9157 -0.5982006739233028 -0.294832676984096
1.91797 -0.5959466979360052 -0.2922318609439398
1.92024 -0.5936786405376819 -0.2896378221110313
1.92251 -0.5913966025789444 -0.2870506451005519
1.92479 -0.5891006850643202 -0.2844704143038569
1.92706 -0.5867909891496678 -0.28189721388572153
1.92933 -0.5844676161395896 -0.2793311277815975
1.9316 -0.5821306674848434 -0.27677223969487375
1.93388 -0.5797802447797504 -0.27422063309414646
1.93615 -0.5774164497596013 -0.271676391210496
1.93842 -0.5750393842980622 -0.26913959703477297
1.94069 -0.5726491504045775 -0.26661033331489037
1.94297 -0.5702458502217702 -0.2640886825531241
1.94524 -0.5678295860228424 -0.261574727003423
1.94751 -0.5654004602089734 -0.259068548668725
1.94978 -0.5629585753067147 -0.25657022929828155
1.95206 -0.5605040339653868 -0.25407985038499303
1.95433 -0.5580369389544726 -0.2515974931627487
1.9566 -0.5555573931610074 -0.2491232386037776
1.95887 -0.5530654995869734 -0.24665716741600718
1.96115 -0.5505613613466872 -0.24419936004043152
1.96342 -0.5480450816641894 -0.24174989664848545
1.96569 -0.5455167638706324 -0.2393088571394315
1.96796 -0.5429765114016678 -0.23687632113775292
1.97024 -0.5404244277948311 -0.23445236799055624
1.97251 -0.5378606166869276 -0.2320370767649822
1.97478 -0.5352851818114175 -0.22963052624562852
1.97705 -0.532698226995799 -0.227232794931979
1.97933 -0.530099856158991 -0.2248439610358426
1.9816 -0.5274901733087172 -0.22246410247880277
1.98387 -0.5248692825388873 -0.22009329688967605
1.98614 -0.5222372880269794 -0.21773162160197834
1.98842 -0.5195942940314214 -0.21537915365140448
1.99069 -0.5169404048889727 -0.21303596977331396
1.99296 -0.5142757250121052 -0.2107021464002281
1.99523 -0.5116003588863842 -0.20837775965933747
1.99751 -0.5089144110678511 -0.20606288537001838
1.99978 -0.5062179861804016 -0.20375759904135882
2.00205 -0.5035111889131709 -0.20146197586969739
2.00432 -0.5007941240179121 -0.19917609073616815
2.0066 -0.49806689630638 -0.19690001820426017
2.00887 -0.4953296106477126 -0.19463383251738398
2.01114 -0.4925823719658135 -0.19237760759645028
2.01341 -0.48982528523673646 -0.19013141703745917
2.01569 -0.48705845548606636 -0.18789533410909787
2.01796 -0.4842819877863066 -0.18566943175035278
2.02023 -0.48149598725426257 -0.18345378256812928
2.0225 -0.4787005590484278 -0.1812484588348835
2.02478 -0.4758958083663706 -0.17905353248626465
2.02705 -0.4730818404421223 -0.17686907511876915
2.02932 -0.4702587605435636 -0.17469515798740387
2.03159 -0.46742667396981763 -0.17253185200336385
2.03387 -0.4645856860486391 -0.17037922773171743
2.03614 -0.4617359021338057 -0.16823735538910578
2.03841 -0.4588774276025125 -0.1661063048414516
2.04068 -0.4560103678527664 -0.1639861456016809
2.04296 -0.45313482830078056 -0.16187694682745435
2.04523 -0.4502509143783749 -0.159778777318913
2.0475 -0.4473587315303731 -0.15769170551643308
2.04977 -0.44445838521200415 -0.15561579949839366
2.05204 -0.4415499808863043 -0.15355112697895623
2.05432 -0.4386336240215216 -0.15149775530585574
2.05659 -0.4357094200885223 -0.14945575145820433
2.05886 -0.43277747455819693 -0.14742518204430466
2.06113 -0.42983789289887303 -0.14540611329947994
2.06341 -0.42689078057372515 -0.1433986110839114
2.06568 -0.42393624303818955 -0.14140274088049098
2.06795 -0.4209743857373803 -0.13941856779268502
2.07022 -0.4180053141035084 -0.13744615654241077
2.0725 -0.4150291335533001 -0.13548557146792362
2.07477 -0.41204594948542406 -0.1335368765217213
2.07704 -0.40905586727791443 -0.1316001352684566
2.07931 -0.40605899228559933 -0.12967541088286305
2.08159 -0.4030554298375319 -0.12776276614769477
2.08386 -0.4000452852344244 -0.12586226345167995
2.08613 -0.39702866374608176 -0.12397396478748246
2.0884 -0.39400567060884434 -0.12209793174968331
2.09068 -0.39097641102302727 -0.12023422553276952
2.09295 -0.3879409901503656 -0.11838290692913889
2.09522 -0.3848995131114624 -0.11654403632711585
2.09749 -0.38185208498323964 -0.11471767370898278
2.09977 -0.37879881079639177 -0.11290387864902329
2.10204 -0.3757397955328422 -0.11110271031157792
2.10431 -0.37267514412320557 -0.10931422744911545
2.10658 -0.3696049614442501 -0.10753848840031632
2.10886 -0.366529352316365 -0.10577555108816916
2.11113 -0.3634484215010312 -0.1040254730180814
2.1134 -0.3603622736982956 -0.10228831127600413
2.11567 -0.3572710135442485 -0.10056412252656921
2.11795 -0.35417474560850565 -0.0988529630112418
2.12022 -0.3510735743916915 -0.09715488854648457
2.12249 -0.34796760432293095 -0.09546995452193852
2.12476 -0.34485693975734044 -0.09379821589861492
2.12704 -0.34174168497352453 -0.09213972720710362
2.12931 -0.33862194417107755 -0.09049454254579314
2.13158 -0.33549782146808815 -0.08886271557910752
2.13385 -0.3323694208986459 -0.08724429953575408
2.13613 -0.3292368464103588 -0.08563934720698829
2.1384 -0.32610020186186667 -0.08404791094489195
2.14067 -0.32295959102036514 -0.08247004266066493
2.14294 -0.3198151175591302 -0.08090579382293162
2.14522 -0.31666688505505003 -0.07935521545606339
2.14749 -0.3135149969861576 -0.07781835813851179
2.14976 -0.31035955672917326 -0.0762952720011617
2.15203 -0.3072006675570469 -0.07478600672569402
2.15431 -0.3040384326365075 -0.0732906115429659
2.15658 -0.30087295502561656 -0.07180913523140475
2.15885 -0.2977043376713264 -0.07034162611541683
2.16112 -0.29453268340704447 -0.06888813206381172
2.1634 -0.2913580949501991 -0.06744870048823948
2.16567 -0.2881806748998161 -0.06602337834164596
2.16794 -0.2850005257340951 -0.06461221211673995
2.17021 -0.28181774980799335 -0.06321524784447696
2.17249 -0.2786324493508147 -0.0618325310925576
2.17476 -0.275444726463804 -0.060464106963942
2.17703 -0.27225468311774376 -0.05911002009537658
2.1793 -0.26906242115056267 -0.05777031465594096
2.18158 -0.2658680422649434 -0.056445034345604994
2.18385 -0.2626716480259384 -0.05513422239380383
2.18612 -0.25947333985859133 -0.053837921558028023
2.18839 -0.2562732190455637 -0.05255617412242897
2.19067 -0.253071386724768 -0.05128902189643947
2.19294 -0.24986794388700365 -0.05003650621340938
2.19521 -0.24666299137360417 -0.048798667929258244
2.19748 -0.24345662987408506 -0.04757554742114223
2.19975 -0.2402489599238 -0.04636718458613709
2.20203 -0.2370400819016026 -0.04517361883993676
2.2043 -0.23383009602751492 -0.043994889115567704
2.20657 -0.230619102360399 -0.04283103386211817
2.20884 -0.22740720079564022 -0.041682091043485636
2.21112 -0.2241944910628316 -0.040548098137137334
2.21339 -0.2209810727234665 -0.0394290921328877
2.21566 -0.217767045168638 -0.038325109531692325
2.21793 -0.21455250761674452 -0.037236186344457134
2.22021 -0.2113375591111987 -0.03616235809086321
2.22248 -0.20812229851815015 -0.035103659798209286
2.22475 -0.2049068245242071 -0.03406012600026842
2.22702 -0.20169123563416874 -0.03303179073616125
2.2293 -0.19847563016876307 -0.03201868754924675
2.23157 -0.19526010626239196 -0.031020849486027124
2.23384 -0.19204476186088293 -0.030038309095069993
2.23611 -0.1888296947192459 -0.029071098425947017
2.23839 -0.18561500239944131 -0.028119249028188076
2.24066 -0.18240078226815049 -0.02718279195025297
2.24293 -0.17918713149455534 -0.026261757738517577
2.2452 -0.17597414704812492 -0.025356176436278077
2.24748 -0.17276192569640916 -0.024466077582770862
2.24975 -0.16955056400283763 -0.023591490212208743
2.25202 -0.16634015832453053 -0.022732442852834267
2.25429 -0.1631308048101115 -0.021888963525989125
2.25657 -0.159922599397531 -0.021061079745199884
2.25884 -0.15671563781189596 -0.020248818515280487
2.26111 -0.15351001556330798 -0.019452206331451838
2.26338 -0.15030582794470485 -0.018671269178476724
2.26566 -0.1471031700297179 -0.017906032529812932
2.26793 -0.14390213667052845 -0.017156521346782472
2.2702 -0.1407028224957365 -0.01642276007775645
2.27247 -0.13750532190823608 -0.0157047726573587
2.27475 -0.1343097290830979 -0.01500258250568387
2.27702 -0.13111613796546132 -0.0143162125275349
2.27929 -0.12792464226843056 -0.013645685111673966
2.28156 -0.1247353354709847 -0.012991022130094398
2.28384 -0.12154831081589018 -0.01235224493730569
2.28611 -0.11836366130762378 -0.011729374369637391
2.28838 -0.11518147971030356 -0.01112243074455932
2.29065 -0.11200185854562794 -0.010531433860019423
2.29293 -0.10882489009082072 -0.009956402993796853
2.2952 -0.10565066637658929 -0.009397356902874243
2.29747 -0.102479279185086 -0.008854313822825421
2.29974 -0.09931082004788037 -0.008327291467220332
2.30202 -0.0961453802439393 -0.00781630702704783
2.30429 -0.09298305079761612 -0.007321377170154464
2.30656 -0.08982392247664472 -0.006842518040700574
2.30883 -0.08666808579014941 -0.006379745258634717
2.31111 -0.08351563098665593 -0.005933073919182741
2.31338 -0.08036664805211481 -0.005502518592356509
2.31565 -0.07722122670793265 -0.005088093322478393
2.31792 -0.07407945640901191 -0.00468981162772264
2.3202 -0.07094142634180026 -0.004307686499675167
2.32247 -0.06780722542234595 -0.003941730402909016
2.32474 -0.06467694229436707 -0.003591955274578229
2.32701 -0.061550665327324755 -0.0032583725240289407
2.32929 -0.05842848261450771 -0.00294099303242612
2.33156 -0.05531048197112531 -0.00263982715239941
2.33383 -0.05219675093241012 -0.0023548847077051738
2.3361 -0.049087376751727065 -0.002086174992906198
2.33838 -0.04598244639869655 -0.0018337067730682666
2.34065 -0.04288204655732187 -0.0015974882834745019
2.34292 -0.03978626362412825 -0.0013775272293568008
2.34519 -0.03669518370631063 -0.0011738307856439256
2.34746 -0.03360889261989066 -0.000986405596728468
2.34974 -0.030527475887883848 -0.0008152577762490232
2.35201 -0.02745101873847237 -0.0006603929068913494
2.35428 -0.024379606103194534 -0.000521816040206291
2.35655 -0.02131332261513646 -0.0003995316964451323
2.35883 -0.01825225260713686 -0.000293543864411383
2.3611 -0.015196480110000625 -0.00020385600133154824
2.36337 -0.012146088850722452 -0.00013047103274199667
2.36564 -0.009101162250717706 -0.00007339135239337047
2.36792 -0.006061783424067695 -0.000032618822173091644
2.37019 -0.0030280351757698536 -8.154772043633685e-6
2.37246 -6.486450356412327e-17 0.
