#1001 0.1 1.87246
0.1 4.799997599999998e15 3.999996e12
0.101772 3.7533327006853e15 3.239635409407701e12
0.103545 2.947389775062486e15 2.633380934948361e12
0.105317 2.3240203933799195e15 2.1481199875369126e12
0.10709 1.839774812651133e15 1.7582462554073323e12
0.108862 1.4620264323092212e15 1.4438720515194312e12
0.110635 1.1661590599900618e15 1.189486285504081e12
0.112407 9.335146182780525e14 9.829421625727323e11
0.11418 7.498879628143596e14 8.146900699844913e11
0.115952 6.044174388018212e14 6.771936657322191e11
0.117725 4.8876316969839106e14 5.64483493129218e11
0.119497 3.9649560056640244e14 4.7181429951955194e11
0.12127 3.226384289189215e14 3.9540089746301953e11
0.123042 2.633254355046761e14 3.3221376413186694e11
0.124814 2.155417298073936e14 2.798202636836932e11
0.126587 1.7692783570946016e14 2.3626085173673526e11
0.128359 1.456307584232889e14 1.99952206881642e11
0.130132 1.2019032314113697e14 1.6961116697747418e11
0.131904 9.945210204042208e13 1.4419479876169717e11
0.133677 8.250046323466648e13 1.2285302270892487e11
0.135449 6.860690646222898e13 1.0489104240015259e11
0.137222 5.719005561029101e13 8.973945607402211e10
0.138994 4.7784572453258914e13 7.69304071391978e10
0.140767 4.001692216441051e13 6.607849703617673e10
0.142539 3.3586419357675688e13 5.6865465358966446e10
0.144312 2.82503574080429e13 4.902785907709854e10
0.146084 2.3812305590825383e13 4.23470804191092e10
0.147856 2.011287166858059e13 3.664133307808423e10
0.149629 1.7022389257495568e13 3.1759087639629677e10
0.151401 1.4435112435117875e13 2.7573766160169674e10
0.153174 1.2264594123589643e13 2.397940769983e10
0.154946 1.0439996889198578e13 2.0887125205356865e10
0.156719 8.903140245208955e12 1.822220240745962e10
0.158491 7.606131312727178e12 1.5921709621608772e10
0.160264 6.509458783095975e12 1.3932541278535843e10
0.162036 5.580455801519298e12 1.2209797019516186e10
0.163809 4.792057373647607e12 1.0715443326450134e10
0.165581 4.121793491571762e12 9.417204738302732e9
0.167354 3.550971380105998e12 8.287643373910117e9
0.169126 3.0640098413149966e12 7.303393237535325e9
0.170898 2.6478962104928574e12 6.444522020984549e9
0.172671 2.2917423809213164e12 5.693998143852474e9
0.174443 1.9864210556008967e12 5.037244835496472e9
0.176216 1.7242671110305063e12 4.461766351545991e9
0.177988 1.4988319199955244e12 3.9568340870535154e9
0.179761 1.3046808398437358e12 3.513222519307052e9
0.181533 1.1372259567708218e12 3.122986682645367e9
0.183306 9.925876844550109e11 2.7792743226298194e9
0.185078 8.674800248039434e11 2.47616705947622e9
0.186851 7.591152707860347e11 2.208545860337173e9
0.188623 6.651247145214385e11 1.9719769167210147e9
0.190396 5.834925560791896e11 1.7626146791526213e9
0.192168 5.125007199089157e11 1.5771193420495353e9
0.19394 4.5068270044273175e11 1.4125865186745563e9
0.195713 3.9678489515235895e11 1.2664872159309592e9
0.197485 3.4973415739284155e11 1.1366165254929755e9
0.199258 3.0861052481019934e11 1.0210497025461472e9
0.20103 2.7262426162155634e11 9.181045154077576e8
0.202803 2.4109650245985828e11 8.263089259883647e8
0.204575 2.134429079524773e11 7.443733085633467e8
0.206348 1.8915984279885532e11 6.711665376676208e8
0.20812 1.678126698805995e11 6.056953792295115e8
0.209893 1.490258221544992e11 5.470867057126952e8
0.211665 1.3247437039787904e11 4.9457212883300287e8
0.213438 1.1787685144886867e11 4.4747470466746277e8
0.21521 1.0498916016082005e11 4.051974175840038e8
0.216982 9.359934029441386e10 3.672131929722692e8
0.218755 8.352313616453406e10 3.330562255599969e8
0.220527 7.460018899074408e10 3.02314441244674e8
0.2223 6.6690780346814735e10 2.746229367632992e8
0.224072 5.967304050287146e10 2.496582639195378e8
0.225845 5.344055232608807e10 2.271334441180749e8
0.227617 4.790029218235104e10 2.067936151475998e8
0.22939 4.297085831607782e10 1.8841222594812268e8
0.231162 3.858094477052534e10 1.7178770686498937e8
0.232935 3.466802528785984e10 1.5674055294182706e8
0.234707 3.1177216996714233e10 1.4311076639868483e8
0.23648 2.8060298220481163e10 1.3075561179976936e8
0.238252 2.5274858559546955e10 1.1954764372260122e8
0.240025 2.27835626292661e10 1.0937297215364575e8
0.241797 2.0553511567729763e10 1.0012973548655804e8
0.243569 1.8555688742521877e10 9.172675500011374e7
0.245342 1.676447804978191e10 8.408234813834089e7
0.247114 1.515724486726848e10 7.71232808858034e7
0.248887 1.3713971141973932e10 7.078384209466985e7
0.250659 1.2416937300931328e10 6.500502483523439e7
0.252432 1.1250444703686573e10 5.973380175736119e7
0.254204 1.0200573233798973e10 5.4922483109094836e7
0.255977 9.25496937765382e9 5.0528147496343546e7
0.257749 8.402660781174895e9 4.651213671486967e7
0.259522 7.633893825026319e9 4.283960706907757e7
0.261294 6.939991230373372e9 3.9479130533800095e7
0.263067 6.313227111868639e9 3.640233993472835e7
0.264839 5.746717242103978e9 3.358361303688143e7
0.266611 5.234322590664124e9 3.0999791052782826e7
0.268384 4.770564458218824e9 2.862992762503559e7
0.270156 4.350549747809209e9 2.6455064812300157e7
0.271929 3.9699051067332377e9 2.4458033022344407e7
0.273701 3.6247188375638485e9 2.262327219868149e7
0.275474 3.3114896195500026e9 2.093667188510205e7
0.277246 3.0270812051134615e9 1.938542807096736e7
0.279019 2.7686823630641026e9 1.7957914964528058e7
0.280791 2.5337714328180366e9 1.664357005612858e7
0.282564 2.320084934290073e9 1.5432791021751855e7
0.284336 2.1255897479341993e9 1.4316843183234297e7
0.286109 1.9484584400715182e9 1.328777638749798e7
0.287881 1.7870473614166963e9 1.2338350295783257e7
0.289653 1.6398771926599398e9 1.1461967187283598e7
0.291426 1.5056156509982114e9 1.0652611481660653e7
0.293198 1.3830621064278445e9 9.904795273293398e6
0.294971 1.2711338870901725e9 9.213509248215538e6
0.296743 1.1688540795892677e9 8.5741784237698e6
0.298516 1.0753406534821682e9 7.982622212143156e6
0.300288 9.897967595143483e8 7.435018363098093e6
0.302061 9.115020690141966e8 6.927870389212311e6
0.303833 8.398050374973087e8 6.457978119516047e6
0.305606 7.741159892469894e8 6.022411065207748e6
0.307378 7.139009316774775e8 5.618484314700634e6
0.309151 6.586760188634201e8 5.243736705093595e6
0.310923 6.080025929181482e8 4.895911043704583e6
0.312695 5.614827400847466e8 4.572936176932741e6
0.314468 5.1875530560752684e8 4.272910724761785e6
0.31624 4.7949231779866153e8 3.994088317975707e6
0.318013 4.4339577731154156e8 3.7348641918896916e6
0.319785 4.101947725708274e8 3.4937630053308997e6
0.321558 3.7964288666998005e8 3.269427766939994e6
0.32333 3.515158649003512e8 3.060609762780894e6
0.325103 3.2560951548319227e8 2.8661593899029056e6
0.326875 3.0173781909086955e8 2.6850178100336515e6
0.328648 2.797312254131596e8 2.516209346117979e6
0.33042 2.5943511738982445e8 2.3588345520649655e6
0.332193 2.4070842582788223e8 2.212063892920328e6
0.333965 2.234223789826368e8 2.0751319788298043e6
0.335737 2.0745937333336964e8 1.9473323016767032e6
0.33751 1.9271195325205418e8 1.828012428231813e6
0.339282 1.7908188856786987e8 1.7165696081056441e6
0.341055 1.6647934019055077e8 1.6124467587950635e6
0.342827 1.548221049882643e8 1.515128793716539e6
0.3446 1.4403493203538144e8 1.4241392623582012e6
0.346372 1.3404890316500846e8 1.3390372746005037e6
0.348145 1.2480087149189717e8 1.2594146838842533e6
0.349917 1.1623295222327475e8 1.1848935062745116e6
0.35169 1.0829206065714078e8 1.1151235546064163e6
0.353462 1.009294927874245e8 1.049780268828006e6
0.355235 9.410054440001118e7 988562.7253968525
0.357007 8.776416495913018e7 931191.8101607381
0.358779 8.188264295534982e7 877408.5405748474
0.360552 7.642131971925189e7 826972.5243940161
0.362324 7.134832900296813e7 779660.5431421667
0.364097 6.663435989896797e7 735265.2497144237
0.365869 6.2252440905078016e7 693593.9704213836
0.367642 5.8177743159690104e7 654467.6026493359
0.369414 5.4387401064094625e7 617719.6000939201
0.371187 5.086034868220309e7 583195.0382353938
0.372959 4.7577170463681385e7 550749.7533685798
0.374732 4.451996497656295e7 520249.54908612085
0.376504 4.167222046137844e7 491569.46464532404
0.378277 3.901870113222911e7 464593.10013219895
0.380049 3.654534325232094e7 439211.99377549434
0.381821 3.4239160103458844e7 415325.04716311477
0.383594 3.2088155051906988e7 392837.99447680195
0.385366 3.0081241987786997e7 371662.9121919224
0.387139 2.8208172482640862e7 351717.7659905686
0.388911 2.6459469070679385e7 332925.99191080785
0.390684 2.482636411422182e7 315216.1090051669
0.392456 2.330074376352243e7 298521.36100971926
0.394229 2.1875096566088635e7 282779.3847333553
0.396001 2.0542466321213417e7 267931.90306684835
0.397774 1.929640881219353e7 253924.44068484692
0.399546 1.8130952081969492e7 240706.06067241324
0.401319 1.7040559948047485e7 228229.120452555
0.403091 1.6020098479856364e7 216449.04552360327
0.404863 1.5064805186428733e7 205324.11963634228
0.406636 1.417026068472862e7 194815.29015161018
0.408408 1.3332362639297059e7 184885.9874204446
0.410181 1.2547301782355718e7 175501.9571216998
0.411953 1.1811539840277936e7 166631.10457707944
0.413726 1.1121789207568226e7 158243.35014145554
0.415498 1.0474994223332847e7 150310.49483775187
0.417271 9.86831391780806e6 142806.0954711867
0.419043 9.299106107955625e6 135705.34851772216
0.420816 8.764912731549006e6 128984.98213673323
0.422588 8.263446318650361e6 122623.15570850916
0.424361 7.79257750800878e6 116599.36634369075
0.426133 7.350323523771561e6 110894.36185444989
0.427905 6.934837535064523e6 105490.05971647342
0.429678 6.544398827528222e6 100369.47158688416
0.43145 6.177403721854014e6 95516.63297642802
0.433223 5.832357179797426e6 90916.53770477495
0.434995 5.507865043107135e6 86555.07679588604
0.436768 5.202626855336162e6 82418.98149626279
0.43854 4.915429220638451e6 78495.77012271607
0.440313 4.645139657433707e6 74773.69846823737
0.442085 4.3907009082782e6 71241.71351478487
0.443858 4.1511256704383325e6 67889.41022043415
0.44563 3.9254917145534824e6 64706.99116554009
0.447403 3.7129373614192074e6 61685.2288584235
0.449175 3.5126572893419126e6 58815.43051571642
0.450947 3.3238986467332067e6 56089.40514602854
0.45272 3.1459574466422177e6 53499.43277805646
0.454492 2.978175221784866e6 51038.23568578999
0.456265 2.819935920334585e6 48698.95147410913
0.458037 2.6706630243029944e6 46475.10789791069
0.45981 2.5298168737734775e6 44360.599296992696
0.461582 2.3968921815673374e6 42349.66453734881
0.463355 2.2714157241300866e6 40436.8663572935
0.465127 2.152944195535386e6 38617.07202405361
0.4669 2.0410622125229817e6 36885.43521311958
0.468672 1.935380459423506e6 35237.379028825904
0.470445 1.8355339626835815e6 33668.580090346186
0.472217 1.7411804854960362e6 32174.95361258539
0.473989 1.6519990337676865e6 30752.639416358506
0.475762 1.5676884653268529e6 29397.988806797508
0.477534 1.487966194888725e6 28107.552263145764
0.479307 1.4125669878641146e6 26878.06788701325
0.481079 1.3412418366193734e6 25706.45055979627
0.482852 1.2737569132764419e6 24589.7817633361
0.484624 1.2098925935853298e6 23525.30002101764
0.486397 1.1494425468099809e6 22510.391919414018
0.488169 1.0922128869452046e6 21542.58367328233
0.489942 1.0380213809298979e6 20619.533199219877
0.491714 986696.7098422078 19739.022665621742
0.493487 938077.7793582227 18898.95148874396
0.495259 892013.076028749 18097.32974669158
0.497031 848360.0661808827 17332.271985021714
0.498804 806984.6344839374 16601.99138939554
0.500576 767760.5594344295 15904.794302331897
0.502349 730569.0232136182 15239.075062626453
0.504121 695298.1535549265 14603.311147403394
0.505894 661842.5954284221 13996.058598074978
0.507666 630103.1105067987 13415.947712704039
0.509439 599986.2025226549 12861.678988398371
0.511211 571403.7667614557 12332.019298425284
0.512984 544272.7620591265 11825.798289720164
0.514756 518514.90378856607 11341.904987383252
0.516529 494056.3764261761 10879.284593615994
0.518301 470827.56438850827 10436.93546934948
0.520074 448762.7999207668 10013.906287562884
0.521846 427800.12690397387 9609.2933479879
0.523618 407881.0795263725 9222.238043545109
0.525391 388950.47483774467 8851.92446946588
0.527163 370956.21827311435 8497.577166620715
0.528936 353849.12129521545 8158.458991105162
0.530708 337582.7303634786 7833.869102629433
0.532481 322113.1664915146 7523.141064721341
0.534253 307398.9747053597 7225.641050183997
0.536026 293400.9827615333 6940.766145655345
0.537798 280082.1685273586 6667.9427494944
0.539571 267407.5354663615 6406.625057573297
0.541343 255343.99570907018 6156.293631885705
0.543116 243860.26022440818 5916.454047191698
0.544888 232926.73563930014 5686.63561120994
0.54666 222515.42728428624 5466.3901541394835
0.548433 212599.848070979 5255.290883547744
0.550205 203154.93283333807 5052.9313009000925
0.551978 194156.9577890305 4858.924176229294
0.55375 185583.46479978212 4672.900577652715
0.555523 177413.1901306991 4494.508952640974
0.557295 169625.99742817212 4323.41425812599
0.559068 162202.81465426233 4159.297136708453
0.56084 155125.57473251296 4001.8531363866878
0.562613 148377.159676023 3850.7919713805877
0.564385 141941.34798341568 3705.8368217663333
0.566158 135802.76510216124 3566.7236697715757
0.56793 129946.83677158717 3433.2006707059263
0.569702 124359.7450699268 3305.027556619232
0.571475 119028.38700097425 3181.9750708908946
0.573247 113940.33546637821 3063.824432056981
0.57502 109083.80247937547 2950.3668252796665
0.576792 104447.60448489583 2841.4029199550205
0.578565 100021.1296594779 2736.7424120412384
0.580337 95794.30707240617 2636.2035897704363
0.58211 91757.57759690822 2539.6129214831158
0.583882 87901.86646720368 2446.8046643960233
0.585655 84218.55738369032 2357.6204931813513
0.587427 80699.46807462603 2271.909147298487
0.5892 77336.82722834252 2189.526096079137
0.590972 74123.25271534159 2110.3332206226614
0.592744 71051.73102458584 2034.1985116110552
0.594517 68115.59784295144 1960.9957822028473
0.596289 65308.51971115664 1890.604395211743
0.598062 62624.47669355364 1822.9090038199959
0.599834 60057.7460029824 1757.7993051177775
0.601607 57602.88652545651 1695.1698057989986
0.603379 55254.724192792586 1634.9195993807457
0.605152 53008.33815443045 1576.9521543481853
0.606924 50859.04770262046 1521.1751126594504
0.608697 48802.39990791007 1467.5000980758207
0.610469 46834.15792443575 1415.8425338115685
0.612242 44950.28992694465 1366.121469025199
0.614014 43146.95864373481 1318.2594136996495
0.615786 41420.511451831095 1272.1821814834082
0.617559 39767.47100270183 1227.8187400874108
0.619331 38184.52634869721 1185.1010688543804
0.621104 36668.52454214123 1143.9640231376682
0.622876 35216.46268065781 1104.3452051459824
0.624649 33825.48037385716 1066.1848409286813
0.626421 32492.85260796033 1029.4256631935054
0.628194 31215.982986302097 994.0127996648612
0.629966 29992.397324934493 959.8936667062344
0.631739 28819.737583752787 927.0178679447114
0.633511 27695.756114698655 895.337097649385
0.635284 26618.310209655127 864.8050486283778
0.637056 25585.35693164653 835.3773244214376
0.638828 24594.948213894575 807.011355576671
0.640601 23645.22621216374 779.666319810926
0.642373 22734.418896658146 753.3030658636945
0.644146 21860.835870513372 727.8840408642006
0.645918 21022.864402658277 703.373221040597
0.647691 20218.965663514515 679.7360456089714
0.649463 19447.671152649735 656.9393536881623
0.651236 18707.579308112083 634.95132409421
0.653008 17997.352287749563 613.7414178757282
0.654781 17315.712913359173 593.280323458501
0.656553 16661.44176902102 573.5399042742462
0.658326 16033.374445453808 554.4931487548592
0.660098 15430.398922679342 536.1141225793349
0.66187 14851.453083711474 518.3779230662882
0.663643 14295.522352385846 501.26063561033396
0.665415 13761.637448825652 484.7392920656487
0.667188 13248.872256395489 468.79183098486243
0.66896 12756.341794331767 453.3970596260035
0.670733 12283.200290555327 438.5346176444983
0.672505 11828.63934947085 424.1849423913704
0.674278 11391.886209840255 410.3292357426513
0.67605 10972.202088082438 396.9494323886888
0.677823 10568.88060260369 384.0281695155498
0.679595 10181.246274999343 371.5487578140211
0.681368 9808.653104191068 359.4951537548626
0.68314 9450.483209774955 347.85193307194027
0.684912 9106.145541055013 336.6042653977033
0.686685 8775.074648424232 325.7378899981657
0.688457 8456.729513933684 315.239092557085
0.69023 8150.592438056928 305.09468296147116
0.692002 7856.16797981607 295.29197404284037
0.693775 7572.981947585162 285.81876123082577
0.695547 7300.580438028039 276.6633030778262
0.69732 7038.528920761287 267.8143026153346
0.699092 6786.411366459366 259.26088950447706
0.700865 6543.829416238081 250.9926029450472
0.702637 6310.401590265803 242.9993753090403
0.70441 6085.762533657981 235.27151646625765
0.706182 5869.5622978118845 227.79969877111722
0.707954 5661.465655433629 220.57494268122835
0.709727 5461.151447599894 213.58860297967902
0.711499 5268.311961282144 206.83235557429515
0.713272 5082.652335841906 200.2981848483762
0.715044 4903.889997082063 193.97837153858927
0.716817 4731.754117511763 187.86548111685545
0.718589 4565.985101550549 181.95235265410108
0.720362 4406.3340944626325 176.2320881447962
0.722134 4252.562513873329 170.698042272158
0.723907 4104.441602777972 165.3438125948316
0.725679 3961.7520030085507 160.16323013672547
0.727452 3824.283348175615 155.15035036253394
0.729224 3691.833875152227 150.29944452226374
0.730996 3564.210053213788 145.60499134884662
0.732769 3441.2262299916433 141.0616690936376
0.734541 3322.704293440625 136.66434788529605
0.736314 3208.4733490604626 132.40808239818952
0.738086 3098.369411648742 128.28810481709837
0.739859 2992.2351108989287 124.2998180855813
0.741631 2889.9194101909425 120.43878942594188
0.743404 2791.277337953904 116.70074411926072
0.745176 2696.16973101135 113.0815595344919
0.746949 2604.4629893479832 109.57725939609264
0.748721 2516.0288417647093 106.18400828013884
0.750494 2430.7441219146435 102.89810632931744
0.752266 2348.490554237597 99.7159841776118
0.754038 2269.1545493339886 96.63419807590475
0.755811 2192.6270083414365 93.64942521010697
0.757583 2118.803135898422 90.75845920379103
0.759356 2047.5822612995805 87.95820579765993
0.761128 1978.867667466095 85.24567869851398
0.762901 1912.5664273729387 82.61799559070496
0.764673 1848.589247591828 80.07237430336558
0.766446 1786.8503186250944 77.6061291269976
0.768218 1727.2671717212245 75.21666727328059
0.769991 1669.7605418775486 72.90148547222526
0.771763 1614.2542367495562 70.65816670105261
0.773536 1560.6750111996953 68.48437703942062
0.775308 1508.9524472310547 66.37786264584969
0.777081 1459.018839063474 64.3364468504227
0.778853 1410.8090831209702 62.358027359040186
0.780625 1364.2605727103132 60.44057356472098
0.782398 1319.3130971808484 58.58212396162021
0.78417 1275.9087453655525 56.78078365763065
0.785943 1233.9918131126283 55.03472198160151
0.787715 1193.5087147258287 53.34217018137858
0.789488 1154.4078981402058 51.70141920903367
0.79126 1116.6397636679546 50.11081758979664
0.793033 1080.1565861567415 48.56876937135641
0.794805 1044.9124404101733 47.07373215033436
0.796578 1010.8631297269818 45.624215172868816
0.79835 977.9661174221253 44.21877750637298
0.800123 946.180461199273 42.856026279657854
0.801895 915.4667502501165 41.534614988720975
0.803667 885.7870449616902 40.25324186562163
0.80544 857.1048191182275 39.01064830796162
0.807212 829.3849044893208 37.80561736659938
0.808985 802.5934377010303 36.636972289321484
0.810757 776.6978092912842 35.503575118287316
0.81253 751.6666148553705 34.40432533915392
0.814302 727.4696081915824 33.338158579874
0.816075 704.0776563611173 32.30404535724102
0.817847 681.4626965802155 31.300989869334614
0.81962 659.5976948661659 30.32802883209429
0.821392 638.4566063623507 29.384230358321318
0.823165 618.0143372708276 28.468692877478837
0.824937 598.246708324127 27.580544094723276
0.826709 579.1304197310052 26.718939987666978
0.828482 560.6430175337653 25.883063839429532
0.830254 542.7628613175316 25.072125306594124
0.832027 525.4690932145186 24.285359520742595
0.833799 508.7416081488018 23.52202622229137
0.835572 492.5610252695473 22.78140892540724
0.837344 476.9086605229096 22.062814112825976
0.839117 461.76650031500384 21.365570459445674
0.840889 447.11717622044023 20.68902808361191
0.842662 432.94394069289075 20.032557825052656
0.844434 419.2306437360581 19.395550548464787
0.846207 405.96171049523474 18.77741647179083
0.847979 393.1221197313468 18.17758451826416
0.849751 380.69738314105297 17.59550169133653
0.851524 368.673525488025 17.030632471636117
0.853296 357.0370655120491 16.48245823513849
0.855069 345.77499758402143 15.950476691764237
0.856841 334.87477407628216 15.434201343647473
0.858614 324.3242884190393 14.933160962349277
0.860386 314.11185881490036 14.446899084318648
0.862159 304.22621258469616 13.974973523929082
0.863931 294.65647111895515 13.516955903446567
0.865704 285.39213541045547 13.072431199308797
0.867476 276.4230721443348 12.640997304119283
0.869249 267.7395003232324 12.222264603783035
0.871021 259.3319784058906 11.815855569232792
0.872793 251.19139193854738 11.42140436221536
0.874566 243.30894165933867 11.03855645462831
0.876338 235.6761320567356 10.666968260916287
0.878111 228.28476036386215 10.306306783055597
0.879883 221.12690597128216 9.956249267672547
0.881656 214.19492024158083 9.616482874859468
0.883428 207.48141670975747 9.286704358267663
0.885201 200.97926165411383 8.966619756073658
0.886973 194.68156502295318 8.655944092428788
0.888746 188.5816717030276 8.354401089018788
0.890518 182.67315311623227 8.06172288637205
0.892291 176.9497991316226 7.7776497745701185
0.894063 171.40561028035233 7.501929933026599
0.895835 166.03479026164328 7.234319179012864
0.897608 160.83173872838617 6.974580724621211
0.89938 155.79104434143906 6.72248494186724
0.901153 150.90747808213732 6.47780913564523
0.902925 146.1759868129553 6.24033732425934
0.904698 141.59168707667618 6.009860027265499
0.90647 137.1498591248078 5.786174060367013
0.908243 132.8459411663694 5.569082337117471
0.910015 128.67552382852804 5.358393677193355
0.911788 124.63434482090778 5.153922621006904
0.91356 120.71828379572823 4.955489250439204
0.915333 116.9233573962425 4.762919015480321
0.917105 113.24571448624624 4.576042566572327
0.918877 109.68163155372645 4.394695592457472
0.92065 106.22750828198554 4.218718663341517
0.922422 102.87986328185329 4.0479570791889135
0.924195 99.63532997884784 3.8822607229733332
0.925967 96.49065264939378 3.7214839187131377
0.92774 93.44268260043964 3.565485294127962
0.929512 90.48837448704185 3.414127647757879
0.931285 87.62478276269557 3.2672778203931037
0.933057 84.84905825740432 3.124806570666933
0.93483 82.1584448786704 2.9865884546700983
0.936602 79.5502764307859 2.852501709450303
0.938375 77.02197354798017 2.7224281402645305
0.940147 74.57104073715746 2.5962530114576614
0.941919 72.195063526123 2.47386494084426
0.943692 69.89170571335978 2.35515579747573
0.945464 67.6587067155677 2.2400206026785776
0.947237 65.49387900932945 2.1283574342538376
0.949009 63.39510566340346 2.020067333731543
0.950782 61.36033795828564 1.9150542165779285
0.952554 59.38759308980767 1.8132247852564767
0.954327 57.474951953667144 1.7144884450476274
0.956099 55.62055700790382 1.6187572225350566
0.957872 53.82261021045177 1.5259456866699672
0.959644 52.07937102900697 1.4359708723275144
0.961417 50.38915452055823 1.3487522062729989
0.963189 48.75032947802747 1.2642114354577334
0.964961 47.161316641566465 1.182272557567889
0.966734 45.62058697214955 1.1028617537517178
0.968506 44.12665998519164 1.0259073234536462
0.970279 42.678102142008115 0.9513396212857241
0.972051 41.27352529701599 0.8790909958697668
0.973824 39.91158519865455 0.809095730585426
0.975596 38.590980042082734 0.7412899861619797
0.977369 37.31044907178065 0.6756117450535175
0.979141 36.06877123225628 0.6120007575394348
0.980914 34.86476386512474 0.5503984894940013
0.982686 33.69728145089311 0.49074807177091095
0.984459 32.565214393846354 0.43299425115019563
0.986231 31.467487848490038 0.3770833427971274
0.988003 30.403060586063557 0.32296318418399217
0.989776 29.37092389969333 0.27058309042775175
0.991548 28.37010054680767 0.21989381099772132
0.993321 27.39964372748802 0.17084748774933
0.995093 26.458636097479474 0.12339761424131712
0.996866 25.54618881463108 0.07749899629521373
0.998638 24.66144061758217 0.033107713757289936
1.00041 23.803556935554884 -0.009818916575415226
1.00218 22.971729028154364 -0.051322376902194655
1.00396 22.165173154120566 -0.09144298327473566
1.00573 21.383129768010907 -0.1302199193969682
1.0075 20.62486274383563 -0.16769126940211265
1.00927 19.889658624697763 -0.20389404963951652
1.01105 19.176825897530257 -0.2388642395024445
1.01282 18.485694292050198 -0.27263681132735895
1.01459 17.815614103087963 -0.30524575939377563
1.01636 17.165955535474176 -0.3367241280532345
1.01814 16.536108070702017 -0.36710403901462785
1.01991 15.925479854607877 -0.39641671781247423
1.02168 15.333497105340891 -0.4246925194837776
1.02345 14.75960354092082 -0.4519609534781517
1.02523 14.203259825705093 -0.4782507078253224
1.027 13.663943035114956 -0.5035896725830566
1.02877 13.141146137989141 -0.5280049625880694
1.03054 12.634377495961239 -0.5515229395314698
1.03232 12.14316037927391 -0.5741692333798718
1.03409 11.66703249846804 -0.595968763162356
1.03586 11.205545551402677 -0.6169457571429842
1.03763 10.758264785081185 -0.6371237723978775
1.0394 10.3247685717798 -0.6565257138152041
1.04118 9.904647998989507 -0.675173852535913
1.04295 9.497506472702899 -0.6930898438524102
1.04472 9.102959333591283 -0.7102947445818488
1.04649 8.720633485636059 -0.7268090299301662
1.04827 8.350167036792024 -0.7426526098624464
1.05004 7.991208951275426 -0.7578448449947812
1.05181 7.643418713085482 -0.7724045620221625
1.05358 7.306466000379283 -0.7863500686966529
1.05536 6.980030370336143 -0.7996991683694676
1.05713 6.663800954157616 -0.8124691741102761
1.0589 6.35747616186442 -0.8246769224165442
1.06067 6.060763396560703 -0.8363387865253675
1.06245 5.77337877784999 -0.8474706893398225
1.06422 5.495046874096742 -0.8580881159815024
1.06599 5.225500443238114 -0.8682061259805256
1.06776 4.964480181862054 -0.8778393651139469
1.06954 4.711734482275849 -0.887002076903165
1.07131 4.467019197300849 -0.8957081137805636
1.07308 4.230097412536162 -0.9039709479353444
1.07485 4.000739225844992 -0.9118036818481488
1.07663 3.7787215338243927 -0.919219058523786
1.0784 3.5638278250277584 -0.9262294714311146
1.08017 3.3558479797181993 -0.9328469741587926
1.08194 3.154578075936975 -0.9390832897953911
1.08372 2.9598202016802824 -0.944949820042055
1.08549 2.771382272983289 -0.950457654065682
1.08726 2.5890778577184212 -0.9556175771003084
1.08903 2.4127260049204162 -0.9604400788041758
1.09081 2.2421510794580217 -0.9649353613797029
1.09258 2.077182601877685 -0.9691133474633786
1.09435 1.91765509325064 -0.972983687792365
1.09612 1.763407924860993 -0.9765557686543942
1.0979 1.6142851725770504 -0.9798387191273414
1.09967 1.4701354757545386 -0.9828414181146494
1.10144 1.3308119005243242 -0.9855725011826082
1.10321 1.1961718073233971 -0.9880403672052935
1.10499 1.0660767225315064 -0.9902531848228027
1.10676 0.9403922140815546 -0.9922188987182288
1.10853 0.818987770915238 -0.9939452357186969
1.1103 0.7017366861606887 -0.9954397107255606
1.11208 0.5885159439123503 -0.9967096324787579
1.11385 0.4792061094974733 -0.9977621091601376
1.11562 0.3736912231178756 -0.9986040538404362
1.11739 0.27185869675852675 -0.9992421897744441
1.11917 0.1735992142591611 -0.999683055548751
1.12094 0.07880663444746733 -0.9999330100863466
1.12271 -0.0019422240052755506 -0.999999729007556
1.12448 -0.015767352806462676 -0.999982083467118
1.12626 -0.02954809881871458 -0.9999368776511275
1.12803 -0.04328391145547154 -0.9998641140514433
1.1298 -0.05697424367478207 -0.9997637966789785
1.13157 -0.07061855199327446 -0.9996359310634805
1.13335 -0.08421629650001736 -0.9994805242532248
1.13512 -0.0977669408702135 -0.9992975848146275
1.13689 -0.11126995237878115 -0.9990871228317725
1.13866 -0.12472480191376724 -0.9988491499058562
1.14044 -0.1381309639896446 -0.9985836791545473
1.14221 -0.15148791676044987 -0.9982907252112643
1.14398 -0.16479514203277867 -0.9979703042243687
1.14575 -0.17805212527865372 -0.9976224338562747
1.14753 -0.19125835564822355 -0.9972471332824759
1.1493 -0.20441332598234255 -0.9968444231904882
1.15107 -0.21751653282497896 -0.9964143257787089
1.15284 -0.23056747643550116 -0.9959568647551942
1.15461 -0.24356566080080005 -0.9954720653363511
1.15639 -0.25651059364726403 -0.9949599542455486
1.15816 -0.2694017864526215 -0.9944205597116436
1.15993 -0.28223875445761015 -0.9938539114674256
1.1617 -0.2950210166775227 -0.9932600407479774
1.16348 -0.3077480959135756 -0.9926389802889533
1.16525 -0.3204195187641534 -0.9919907643247745
1.16702 -0.3330348156358758 -0.9913154285867432
1.16879 -0.3455935207545358 -0.9906130103010709
1.17057 -0.3580951721758705 -0.9898835481868279
1.17234 -0.37053931179617755 -0.9891270824538092
1.17411 -0.38292548536279375 -0.9883436548003168
1.17588 -0.3952532424843964 -0.9875333084108625
1.17766 -0.40752213664117387 -0.986696087953786
1.17943 -0.41973172519481633 -0.9858320395787943
1.1812 -0.43188156939837347 -0.9849412109144167
1.18297 -0.4439712344059408 -0.9840236510653794
1.18475 -0.45600028928218844 -0.9830794106098997
1.18652 -0.4679683070117482 -0.9821085415968964
1.18829 -0.4798748645084187 -0.981111097543123
1.19006 -0.4917195426242387 -0.9800871334302148
1.19184 -0.5035019261583753 -0.9790367057016611
1.19361 -0.5152216038658769 -0.9779598722596918
1.19538 -0.5268781684662445 -0.976856692462087
1.19715 -0.5384712166518623 -0.9757272271189036
1.19893 -0.5500003490962555 -0.9745715384891247
1.2007 -0.5614651704621852 -0.9733896902772277
1.20247 -0.5728652894095977 -0.9721817476296712
1.20424 -0.5842003186033888 -0.9709477771313062
1.20602 -0.5954698747210311 -0.9696878468017034
1.20779 -0.6066735784600136 -0.9684020260914059
1.20956 -0.617811054545141 -0.9670903858780995
1.21133 -0.6288819317356555 -0.9657529984627062
1.21311 -0.6398858428321945 -0.9643899375653994
1.21488 -0.6508224246835984 -0.9630012783215388
1.21665 -0.6616913181935333 -0.9615870972775307
1.21842 -0.6724921683269721 -0.9601474723866061
1.2202 -0.683224624116487 -0.9586824830045269
1.22197 -0.6938883386683993 -0.957192209885208
1.22374 -0.7044829691687438 -0.9556767351762694
1.22551 -0.7150081768890838 -0.9541361424145051
1.22729 -0.7254636271921511 -0.9525705165212801
1.22906 -0.7358489895373163 -0.9509799437978492
1.23083 -0.746163937485907 -0.949364511920599
1.2326 -0.7564081487063403 -0.9477243099362159
1.23438 -0.7665813049791071 -0.9460594282567766
1.23615 -0.7766830922015714 -0.9443699586547657
1.23792 -0.7867132003926192 -0.9426559942580153
1.23969 -0.7966713236971227 -0.9409176295445736
1.24147 -0.806557160390253 -0.9391549603374947
1.24324 -0.8163704128816142 -0.9373680837995584
1.24501 -0.8261107877192073 -0.935557098427914
1.24678 -0.835777995593241 -0.9337221040486501
1.24856 -0.8453717513397515 -0.9318632018112927
1.25033 -0.854891773944077 -0.9299804941832291
1.2521 -0.8643377865441423 -0.9280740849440605
1.25387 -0.8737095164335921 -0.9261440791798802
1.25565 -0.8830066950647445 -0.9241905832774813
1.25742 -0.8922290580513734 -0.9222137049184935
1.25919 -0.9013763451713365 -0.9202135530734461
1.26096 -0.9104483003690137 -0.9181902379957618
1.26274 -0.9194446717575953 -0.9161438712156791
1.26451 -0.9283652116211826 -0.914074565534105
1.26628 -0.9372096764167378 -0.911982435016396
1.26805 -0.9459778267758451 -0.909867594986072
1.26982 -0.9546694275063191 -0.9077301620184579
1.2716 -0.9632842475936328 -0.9055702539342585
1.27337 -0.9718220602021761 -0.9033879897930648
1.27514 -0.9802826426763542 -0.9011834898867884
1.27691 -0.9886657765415022 -0.8989568757330342
1.27869 -0.9969712475046437 -0.8967082700683988
1.28046 -1.0051988454550678 -0.8944377968417079
1.28223 -1.0133483644647452 -0.892145581207181
1.284 -1.0214196027885722 -0.889831749517535
1.28578 -1.0294123628644372 -0.887496429317018
1.28755 -1.0373264513131342 -0.8851397493343791
1.28932 -1.0451616789380869 -0.8827618394757732
1.29109 -1.052917860724922 -0.8803628308175985
1.29287 -1.0605948158408576 -0.8779428555992732
1.29464 -1.068192367633934 -0.8755020472159447
1.29641 -1.0757103436320645 -0.8730405402111376
1.29818 -1.0831485755419294 -0.8705584702693364
1.29996 -1.0905068992476905 -0.8680559742085066
1.30173 -1.0977851548095379 -0.8655331899725536
1.3035 -1.104983186462076 -0.8629902566237173
1.30527 -1.1121008426125303 -0.8604273143349088
1.30705 -1.1191379758387947 -0.8578445043819811
1.30882 -1.1260944428873019 -0.8552419691359445
1.31059 -1.1329701046707332 -0.8526198520551163
1.31236 -1.1397648262655566 -0.8499782976772139
1.31414 -1.1464784769093934 -0.8473174516113886
1.31591 -1.1531109299982276 -0.8446374605301972
1.31768 -1.159662063083433 -0.8419384721615192
1.31945 -1.1661317578686488 -0.8392206352804112
1.32123 -1.1725199002064737 -0.836484099700909
1.323 -1.1788263800950052 -0.8337290162677663
1.32477 -1.1850510916742008 -0.8309555368481429
1.32654 -1.191193933222084 -0.8281638143232307
1.32832 -1.1972548071507763 -0.8253540025798278
1.33009 -1.2032336200023621 -0.8225262565018565
1.33186 -1.2091302824445995 -0.8196807319618238
1.33363 -1.2149447092664483 -0.8168175858122316
1.33541 -1.2206768193734479 -0.8139369758769284
1.33718 -1.2263265357829223 -0.8110390609424118
1.33895 -1.2318937856190224 -0.8081240007490735
1.34072 -1.2373785001076063 -0.8051919559823957
1.3425 -1.2427806145709483 -0.8022430882640935
1.34427 -1.248100068422296 -0.7992775601432048
1.34604 -1.253336805160251 -0.7962955350871324
1.34781 -1.2584907723629983 -0.7932971774726297
1.34959 -1.2635619216823628 -0.7902826525767443
1.35136 -1.2685502088377125 -0.7872521265677035
1.35313 -1.2734555936096914 -0.7842057664957574
1.3549 -1.278278039833798 -0.7811437402839688
1.35668 -1.2830175153937993 -0.778066216718958
1.35845 -1.2876739922149796 -0.7749733654415994
1.36022 -1.2922474462572386 -0.7718653569376681
1.36199 -1.2967378575080206 -0.7687423625284455
1.36377 -1.3011452099750882 -0.7656045543612723
1.36554 -1.3054694916791354 -0.7624521054000625
1.36731 -1.3097106946462436 -0.7592851894157661
1.36908 -1.313868814900174 -0.7561039809767937
1.37086 -1.3179438524545108 -0.7529086554393905
1.37263 -1.3219358113046378 -0.7496993889379724
1.3744 -1.325844699419563 -0.7464763583754176
1.37617 -1.3296705287335844 -0.7432397414133116
1.37795 -1.3334133151378023 -0.7399897164621595
1.37972 -1.3370730784714713 -0.7367264626715461
1.38149 -1.3406498425132016 -0.7334501599202652
1.38326 -1.3441436349720028 -0.730160988806401
1.38503 -1.347554487478174 -0.7268591306373744
1.38681 -1.3508824355740394 -0.72354476741995
1.38858 -1.354127518704533 -0.7202180818502008
1.39035 -1.357289780207627 -0.71687925730344
1.39212 -1.3603692673046108 -0.7135284778241113
1.3939 -1.3633660310902171 -0.7101659281156454
1.39567 -1.3662801265225966 -0.706791793530276
1.39744 -1.369111612413141 -0.7034062600588267
1.39921 -1.3718605514161608 -0.7000095143204546
1.40099 -1.374527010018405 -0.6966017435523659
1.40276 -1.3771110585284394 -0.6931831355994954
1.40453 -1.3796127710658745 -0.6897538789041487
1.4063 -1.3820322255504405 -0.6863141624956193
1.40808 -1.3843695036909252 -0.6828641759797647
1.40985 -1.3866246909739528 -0.6794041095285581
1.41162 -1.3887978766526279 -0.6759341538696031
1.41339 -1.390889153735027 -0.6724545002756215
1.41517 -1.3928986189725459 -0.6689653405539108
1.41694 -1.3948263728481063 -0.6654668670357688
1.41871 -1.3966725195642147 -0.6619592725658948
1.42048 -1.398437167030882 -0.6584427504917566
1.42226 -1.4001204268533958 -0.6549174946529357
1.42403 -1.401722414319957 -0.6513836993704386
1.4258 -1.4032432483891697 -0.6478415594359899
1.42757 -1.4046830516773947 -0.6442912701012908
1.42935 -1.4060419504459605 -0.6407330270672582
1.43112 -1.4073200745882368 -0.6371670264732382
1.43289 -1.4085175576165698 -0.6335934648861916
1.43466 -1.4096345366490768 -0.6300125392898619
1.43644 -1.4106711523963074 -0.6264244470739134
1.43821 -1.4116275491477677 -0.6228293860230548
1.43998 -1.4125038747583054 -0.6192275543061331
1.44175 -1.413300280634364 -0.6156191504652112
1.44353 -1.414016921720101 -0.6120043734046258
1.4453 -1.4146539564833722 -0.6083834223800197
1.44707 -1.4152115469015847 -0.6047564969873618
1.44884 -1.4156898584474131 -0.6011237971519416
1.45062 -1.4160890600743936 -0.5974855231173526
1.45239 -1.416409324202377 -0.5938418754344497
1.45416 -1.4166508267028584 -0.5901930549502992
1.45593 -1.4168137468841766 -0.5865392627971038
1.45771 -1.4168982674765815 -0.5828807003811172
1.45948 -1.416904574617182 -0.5792175693715435
1.46125 -1.4168328578347562 -0.5755500716894171
1.46302 -1.4166833100344447 -0.5718784094964762
1.4648 -1.416456127482314 -0.5682027851840161
1.46657 -1.4161515097897965 -0.5645234013617353
1.46834 -1.4157696598980074 -0.5608404608465648
1.47011 -1.4153107840619366 -0.5571541666514908
1.47189 -1.4147750918345212 -0.5534647219743613
1.47366 -1.4141627960505943 -0.5497723301866875
1.47543 -1.4134741128107158 -0.5460771948224339
1.4772 -1.4127092614648808 -0.5423795195667955
1.47898 -1.4118684645961106 -0.5386795082449752
1.48075 -1.4109519480039268 -0.5349773648109435
1.48252 -1.409959940687704 -0.5312732933361999
1.48429 -1.4088926748299115 -0.5275674979985215
1.48607 -1.407750385779237 -0.5238601830707087
1.48784 -1.406533312033594 -0.5201515529093274
1.48961 -1.4052416952230176 -0.51644181194344
1.49138 -1.4038757800924468 -0.5127311646633415
1.49316 -1.4024358144843951 -0.5090198156092834
1.49493 -1.4009220493215084 -0.5053079693602025
1.4967 -1.399334738589014 -0.5015958305224403
1.49847 -1.3976741393170586 -0.49788360371846885
1.50025 -1.395940511562941 -0.49417149357560697
1.50202 -1.3941341183932316 -0.4904597047147434
1.50379 -1.392255225865791 -0.48674844173905807
1.50556 -1.3903041030116776 -0.48303790922274126
1.50733 -1.3882810218169541 -0.47932831169972023
1.50911 -1.3861862572043864 -0.475619853652381
1.51088 -1.3840200870150439 -0.4719127395003009
1.51265 -1.3817827919897898 -0.4682071735889767
1.51442 -1.3794746557506805 -0.4645033601785624
1.5162 -1.3770959647822543 -0.4608015034326114
1.51797 -1.3746470084127267 -0.4571018074068184
1.51974 -1.372128078795087 -0.4534044760377759
1.52151 -1.3695394708880908 -0.4497097131317286
1.52329 -1.366881482437167 -0.4460177223533429
1.52506 -1.3641544139552164 -0.4423287072144769
1.52683 -1.3613585687033265 -0.43864287106296573
1.5286 -1.3584942526713832 -0.43496041707140887
1.53038 -1.3555617745585962 -0.43128154822597287
1.53215 -1.3525614457539292 -0.4276064673152036
1.53392 -1.3494935803164398 -0.4239353769188442
1.53569 -1.3463584949555296 -0.42026847939667267
1.53747 -1.3431565090111017 -0.41660597687734335
1.53924 -1.3398879444336396 -0.4129480712472484
1.54101 -1.3365531257641838 -0.4092949641393868
1.54278 -1.3331523801142378 -0.4056468569222509
1.54456 -1.3296860371455794 -0.40200395068872763
1.54633 -1.3261544290499885 -0.3983664462450107
1.5481 -1.322557890528896 -0.39473454409953557
1.54987 -1.3188967587729443 -0.3911084444519226
1.55165 -1.315171373441475 -0.38748834718194636
1.55342 -1.3113820766419249 -0.38387445183851265
1.55519 -1.307529212909155 -0.3802669576286639
1.55696 -1.3036131291846904 -0.37666606340659403
1.55874 -1.2996341747958906 -0.3730719676626888
1.56051 -1.2955927014350408 -0.36948486851258666
1.56228 -1.2914890631383644 -0.3659049636862537
1.56405 -1.2873236162649693 -0.3623324505170893
1.56583 -1.283096719475712 -0.35876752593104333
1.5676 -1.2788087337119982 -0.3552103864357662
1.56937 -1.2744600221745035 -0.35166122810977263
1.57114 -1.2700509503018294 -0.34812024659163554
1.57292 -1.2655818857490924 -0.3445876370692029
1.57469 -1.2610531983664353 -0.34106359426883504
1.57646 -1.2564652601774842 -0.33754831244467476
1.57823 -1.251818445357728 -0.33404198536793617
1.58001 -1.24711313021284 -0.3305448063162265
1.58178 -1.242349693156933 -0.3270569680628894
1.58355 -1.2375285146907524 -0.3235786628663816
1.58532 -1.2326499773798045 -0.32011008245967254
1.5871 -1.2277144658324293 -0.316651418039676
1.58887 -1.2227223666778095 -0.31320286025671384
1.59064 -1.2176740685439196 -0.3097645992040021
1.59241 -1.212569962035423 -0.30633682440717724
1.59419 -1.2074104397115057 -0.30291972481384466
1.59596 -1.20219589606366 -0.2995134887831674
1.59773 -1.19692672749341 -0.2961183040754799
1.5995 -1.1916033322899853 -0.29273435784194146
1.60128 -1.186226110607941 -0.2893618366142169
1.60305 -1.1807954644447292 -0.28600092629419605
1.60482 -1.1753117976182175 -0.2826518121437471
1.60659 -1.1697755157441567 -0.27931467877450233
1.60837 -1.1641870262136087 -0.27598971013768414
1.61014 -1.1585467381703132 -0.2726770895139634
1.61191 -1.1528550624880247 -0.26937699950335814
1.61368 -1.14711241174779 -0.2660896220151664
1.61546 -1.141319200215191 -0.2628151382579398
1.61723 -1.1354758438175445 -0.25955372872949645
1.619 -1.1295827601210517 -0.256305573206968
1.62077 -1.12364036830792 -0.2530708507368935
1.62254 -1.117649089153431 -0.2498497396253465
1.62432 -1.1116093450029854 -0.24664241742811
1.62609 -1.105521559749095 -0.24344906094088548
1.62786 -1.0993861588083522 -0.24026984618955027
1.62963 -1.0932035690983526 -0.2371049484204535
1.63141 -1.0869742190145908 -0.2339545420907546
1.63318 -1.0806985384073253 -0.23081880085881057
1.63495 -1.0743769585583987 -0.22769789757459935
1.63672 -1.068009912158043 -0.22459200427019455
1.6385 -1.061597833281643 -0.22150129215028136
1.64027 -1.0551411573664797 -0.2184259315827205
1.64204 -1.0486403211884365 -0.21536609208915536
1.64381 -1.0420957628386878 -0.2123219423356686
1.64559 -1.0355079217003602 -0.20929365012348577
1.64736 -1.0288772384251612 -0.2062813823797235
1.64913 -1.0222041549099996 -0.20328530514819043
1.6509 -1.0154891142735667 -0.20030558358023165
1.65268 -1.008732560832912 -0.1973423819256287
1.65445 -1.001934940079985 -0.19439586352354188
1.65622 -0.9950966986581725 -0.1914661907935099
1.65799 -0.9882182843388015 -0.18855352522649493
1.65977 -0.9813001459976403 -0.18565802737598092
1.66154 -0.9743427335913765 -0.1827798568491248
1.66331 -0.9673464981340786 -0.1799191722979565
1.66508 -0.9603118916736524 -0.17707613141063627
1.66686 -0.9532393672682733 -0.17425089090275958
1.66863 -0.9461293789628198 -0.17144360650872137
1.6704 -0.9389823817652853 -0.1686544329731291
1.67217 -0.9317988316231879 -0.1658835240422739
1.67395 -0.9245791853999735 -0.1631310324556572
1.67572 -0.917323900851402 -0.16039710993756784
1.67749 -0.9100334366019409 -0.1576819071887232
1.67926 -0.9027082521211413 -0.15498557387795664
1.68104 -0.8953488077000227 -0.15230825863397335
1.68281 -0.8879555644274412 -0.14965010903715237
1.68458 -0.8805289841664712 -0.14701127161141536
1.68635 -0.8730695295307731 -0.14439189181614787
1.68813 -0.8655776638609686 -0.14179211403818093
1.6899 -0.8580538512010223 -0.13921208158383425
1.69167 -0.8504985562746099 -0.13665193667101394
1.69344 -0.8429122444615116 -0.13411182042137604
1.69522 -0.8352953817739888 -0.1315918728525448
1.69699 -0.8276484348331886 -0.12909223287039695
1.69876 -0.8199718708455334 -0.12661303826140258
1.70053 -0.8122661575791372 -0.12415442568503243
1.70231 -0.804531763340219 -0.12171653066622223
1.70408 -0.7967691569495307 -0.11929948758790476
1.70585 -0.7889788077188014 -0.11690342968360068
1.70762 -0.7811611854271814 -0.11452848903007462
1.7094 -0.7733167602977142 -0.11217479654005569
1.71117 -0.7654460029738099 -0.10984248195501944
1.71294 -0.7575493844957476 -0.10753167383803852
1.71471 -0.7496273762771807 -0.10524249956669407
1.71649 -0.7416804500816684 -0.10297508532605493
1.71826 -0.7337090779992282 -0.10072955610172252
1.72003 -0.7257137324228968 -0.09850603567293992
1.7218 -0.7176948860253283 -0.09630464660577154
1.72358 -0.7096530117353942 -0.09412551024634297
1.72535 -0.7015885827148292 -0.09196874671415678
1.72712 -0.6935020723348776 -0.08983447489546648
1.72889 -0.6853939541529889 -0.0877228124367273
1.73067 -0.6772647018895155 -0.08563387573810832
1.73244 -0.669114789404455 -0.08356777994707731
1.73421 -0.660944690674217 -0.08152463895205475
1.73598 -0.65275487976841 -0.07950456537613304
1.73775 -0.644545830826675 -0.07750767057087182
1.73953 -0.6363180180355306 -0.07553406461015677
1.7413 -0.6280719156052703 -0.07358385628413511
1.74307 -0.6198079977468777 -0.07165715309321619
1.74484 -0.6115267386489823 -0.06975406124214723
1.74662 -0.6032286124548585 -0.06787468563415933
1.74839 -0.5949140932394407 -0.06601912986518343
1.75016 -0.5865836549864002 -0.06418749621814146
1.75193 -0.5782377715652386 -0.06237988565730723
1.75371 -0.5698769167084415 -0.06059639782274184
1.75548 -0.5615015639886513 -0.058837131024799705
1.75725 -0.5531121867959016 -0.057102182238711885
1.75902 -0.5447092583148777 -0.05539164709923794
1.7608 -0.5362932515022307 -0.05370561989539624
1.76257 -0.5278646390639379 -0.05204419356526602
1.76434 -0.5194238934326937 -0.050407459690863465
1.76611 -0.5109714867453683 -0.048795508493095
1.76789 -0.5025078908204932 -0.047208428826782445
1.76966 -0.49403357713581525 -0.04564630817576698
1.77143 -0.48554901680588053 -0.044109232648085195
1.7732 -0.47705468055968225 -0.042597286971223
1.77498 -0.4685510387183589 -0.04111055448744616
1.77675 -0.4600385611729345 -0.039649117149204605
1.77852 -0.45151771736212976 -0.03821305551461718
1.78029 -0.4429889762502059 -0.03680244874302829
1.78207 -0.43445280630488614 -0.035417374590647754
1.78384 -0.4259096754753134 -0.03405790940626119
1.78561 -0.4173600511700843 -0.03272412812702452
1.78738 -0.40880440023532205 -0.03141610427433128
1.78916 -0.4002431889328234 -0.030133909949760396
1.79093 -0.391676882918262 -0.0288776158311026
1.7927 -0.3831059472194446 -0.027647291168463317
1.79447 -0.374530846214645 -0.026443003780446395
1.79625 -0.3659520436109815 -0.02526482005041486
1.79802 -0.3573700024228782 -0.024112804922832298
1.79979 -0.3487851849505735 -0.02298702189968327
1.80156 -0.34019805275870496 -0.02188753303697155
1.80334 -0.33160906665496337 -0.020814398941301437
1.80511 -0.32301868666879807 -0.019767678766534846
1.80688 -0.3144273720302123 -0.0187474302105326
1.80865 -0.3058355811486082 -0.017753709511972193
1.81043 -0.2972437715917208 -0.016786571447249488
1.8122 -0.2886524000646028 -0.015846069327457357
1.81397 -0.280061922388702 -0.014932254995449146
1.81574 -0.27147279348099435 -0.014045178822978954
1.81752 -0.26288546733320106 -0.01318488970792664
1.81929 -0.2543003969910821 -0.012351435071601746
1.82106 -0.24571803453379168 -0.011544860856129047
1.82283 -0.23713883105332878 -0.01076521152191745
1.82461 -0.22856323663404723 -0.010012530045207302
1.82638 -0.21999170033226226 -0.009286857915703606
1.82815 -0.21142467015591532 -0.008588235134287081
1.82992 -0.20286259304434 -0.007916700210810701
1.8317 -0.19430591484809132 -0.007272290161975725
1.83347 -0.18575508030886612 -0.006655040509291887
1.83524 -0.17721053303950915 -0.006064985277119739
1.83701 -0.168672715504087 -0.00550215699079426
1.83879 -0.16014206899806646 -0.004966586674832296
1.84056 -0.1516190336285585 -0.004458303851222922
1.84233 -0.14310404829466777 -0.003977336537799303
1.8441 -0.13459755066790785 -0.003523711246694816
1.84588 -0.12609997717271973 -0.0030974529828815545
1.84765 -0.11761176296707551 -0.0026985852427918733
1.84942 -0.10913334192316156 -0.0023271300130234263
1.85119 -0.10066514660816876 -0.0019831077691265797
1.85296 -0.09220760826515259 -0.0016665374744768702
1.85474 -0.08376115679400553 -0.001377436579228286
1.85651 -0.07532622073250285 -0.001115821019352925
1.85828 -0.06690322723746032 -0.0008817052157612526
1.86005 -0.05849260206596583 -0.0006751020735076274
1.86183 -0.0500947695567203 -0.0004960229810794248
1.8636 -0.04171015261147186 -0.0003444778097685397
1.86537 -0.03333917267653575 -0.0002204749131275996
1.86714 -0.024982249724428713 -0.0001240211265096658
1.86892 -0.016639802235580013 -0.00005512176669109081
1.87069 -0.008312247180161715 -0.000013780631578530489
1.87246 -1.3697524882391696e-16 0.
