#1001 0.10001 2.82246
0.10001 4.793282639232277e15 3.9951991209437056e12
0.102732 3.291045030119794e15 2.8944605285485825e12
0.105455 2.281949366809343e15 2.1147450703419602e12
0.108177 1.5970988843550842e15 1.5574816494450186e12
0.1109 1.1277418655426135e15 1.1558185045895654e12
0.113622 8.030689421445478e14 8.639686135260516e11
0.116345 5.764844526435556e14 6.502780796348469e11
0.119067 4.1701575992514425e14 4.9266830653798566e11
0.12179 3.038763164612834e14 3.7560851032696423e11
0.124512 2.2298731527172797e14 2.880852342531304e11
0.127235 1.6472932263495116e14 2.222279398009667e11
0.129957 1.2247459002802036e14 1.7237047295782043e11
0.132679 9.16199270951176e13 1.3440476624746162e11
0.135402 6.894365907041881e13 1.0533218957514096e11
0.138124 5.2174369087653266e13 8.29496986545253e10
0.140847 3.969927657202726e13 6.562865462617275e10
0.143569 3.0365471022791207e13 5.215784430387287e10
0.146292 2.3343400744661254e13 4.163130593709707e10
0.149014 1.8032430110551656e13 3.3367646604007328e10
0.151737 1.3995040262720184e13 2.6851644540664665e10
0.154459 1.091067483393255e13 2.1691724803955444e10
0.157181 8.543153846466537e12 1.758881276888697e10
0.159904 6.717522156876462e12 1.4313392762204172e10
0.162626 5.303500966019233e12 1.1688518548396849e10
0.165349 4.203589785862538e12 9.57716560858685e9
0.168071 3.3444635667567085e12 7.872767996454091e9
0.170794 2.6707183692714863e12 6.492103310342863e9
0.173516 2.1403003967639707e12 5.369917852998848e9
0.176239 1.7211482235127112e12 4.454847801886645e9
0.178961 1.3887140103605342e12 3.706310192118547e9
0.181684 1.1241248376813406e12 3.092122967439634e9
0.184406 9.128125189642908e11 2.5866755682378764e9
0.187128 7.434879326747191e11 2.1695170454146905e9
0.189851 6.073698952445011e11 1.8242621555090697e9
0.192573 4.976029497657249e11 1.5377406126193159e9
0.195296 4.088159812434569e11 1.2993330152409787e9
0.198018 3.36786258897236e11 1.1004506365082774e9
0.200741 2.78182731780176e11 9.341264982046138e8
0.203463 2.3036914213421613e11 7.946928390123079e8
0.206186 1.9125246407197174e11 6.77525890571502e8
0.208908 1.591658172126427e11 5.78843271242091e8
0.211631 1.3277769956568854e11 4.9554265075594014e8
0.214353 1.1102138583616669e11 4.250728908804886e8
0.217075 9.303983045053207e10 3.6533082214540404e8
0.219798 7.814253258045396e10 3.145783195454413e8
0.22252 6.577166068818985e10 2.713754994230394e8
0.225243 5.547536794703098e10 2.3452675698384568e8
0.227965 4.688670972529368e10 2.0303706059685662e8
0.230688 3.970693884534883e10 1.7607646172124082e8
0.23341 3.369223219445015e10 1.5295120333560354e8
0.236133 2.8643114776311897e10 1.3308014206611983e8
0.238855 2.4396010349095142e10 1.1597546042064641e8
0.241578 2.0816473301705067e10 1.0122685144288151e8
0.2443 1.7793753321976494e10 8.848852086823896e7
0.247022 1.5236419452486563e10 7.7468480881996e7
0.249745 1.3068828414810316e10 6.791971212187915e7
0.252467 1.1228267483265461e10 5.963285227835696e7
0.25519 9.662637652524315e9 5.243013492463813e7
0.257912 8.328570621040297e9 4.6160354489648595e7
0.260635 7.189894928292494e9 4.069467526138109e7
0.263357 6.216383762923893e9 3.592313608756858e7
0.26608 5.382730521368947e9 3.1751729689079937e7
0.268802 4.667708930876107e9 2.8099957531847302e7
0.271524 4.053483067662263e9 2.4898779054683965e7
0.274247 3.52503937469641e9 2.208888854746819e7
0.276969 3.069718183780625e9 1.9619264772459783e7
0.279692 2.676826561693722e9 1.7445948043638863e7
0.282414 2.337317756038637e9 1.5531007342466583e7
0.285137 2.0435252903359964e9 1.3841666487789495e7
0.287859 1.7889419892651005e9 1.2349563661114179e7
0.290582 1.568036013723079e9 1.1030122932060936e7
0.293304 1.3760974384558754e9 9.862020006464487e6
0.296027 1.2091100812588186e9 8.826727371895894e6
0.298749 1.0636442468115267e9 7.908126456099508e6
0.301471 9.36766823598957e8 7.092176435248689e6
0.304194 8.259658037645313e8 6.366631006016309e6
0.306916 7.290868108613882e8 5.72079582928354e6
0.309639 6.44279641512718e8 5.145320513690663e6
0.312361 5.699531717737144e8 4.632019974872684e6
0.315084 5.047372618288988e8 4.173720814460876e6
0.317806 4.4745052509730333e8 3.764129039109513e6
0.320529 3.9707301916861755e8 3.3977160064002355e6
0.323251 3.52723073787748e8 3.069619959978225e6
0.325974 3.136376014466239e8 2.775560915940883e6
0.328696 2.79155343984173e8 2.511766998927541e6
0.331418 2.4870259796666396e8 2.274910609971387e6
0.334141 2.2178103580281454e8 2.0620530476110913e6
0.336863 1.9795730121895987e8 1.8705964061865157e6
0.339586 1.768541090684508e8 1.6982417466224455e6
0.342308 1.5814262226854652e8 1.542952680296585e6
0.345031 1.4153591441764414e8 1.4029236299322075e6
0.347753 1.2678335655331366e8 1.276552136305656e6
0.350476 1.1366579156109974e8 1.162414668805555e6
0.353198 1.0199138075425746e8 1.059245473942639e6
0.35592 9.159202479153092e7 965918.0608180442
0.358643 8.232027594245419e7 881428.9780169879
0.361365 7.40466712101272e7 804883.5838391926
0.364088 6.665742636347835e7 735483.552413628
0.36681 6.005243983319799e7 672515.8930922503
0.369533 5.4143562952577144e7 615343.2904348779
0.372255 4.885309939695227e7 563395.5978122498
0.374978 4.411250207718667e7 516162.3397823897
0.3777 3.986124032713612e7 473186.09745794255
0.380423 3.60458141207295e7 434056.66752236534
0.383145 3.261889536858563e7 398405.8997466241
0.385867 2.953857916710528e7 365903.1301256759
0.38859 2.676773028031586e7 336251.1373679469
0.391312 2.427341218998783e7 309182.55966386717
0.394035 2.202638780614832e7 284456.7166296242
0.396757 2.000068243316821e7 261856.78823937825
0.39948 1.8173200874097586e7 241187.30856828316
0.402202 1.6523391659978243e7 222271.93739415184
0.404925 1.5032952338624794e7 204951.4772540858
0.407647 1.3685570571810525e7 189082.1075153094
0.41037 1.2466696490409654e7 174533.81047553933
0.413092 1.1363342360352838e7 161188.9675250022
0.415814 1.0363906132295003e7 148941.10603804907
0.418537 9.458015896605754e6 137693.77996730895
0.421259 8.636392652843677e6 127359.56913086824
0.423982 7.8907291379223345e6 117859.1839504208
0.426704 7.213582747112796e6 109120.66394807832
0.429427 6.598280833162998e6 101078.65966952962
0.432149 6.038836886544305e6 93673.78889574978
0.434872 5.529876288779023e6 86852.05905548783
0.437594 5.06657049491191e6 80564.34867455043
0.440317 4.6445786438587e6 74765.94151129304
0.443039 4.259995719503475e6 69416.10774448272
0.445761 3.909306493528221e6 64477.72721181516
0.448484 3.589344575190535e6 59916.950255260446
0.451206 3.2972559754730584e6 55702.89222219975
0.453929 3.0304666648038295e6 51807.358106902146
0.456651 2.786653666267934e6 48204.59420223461
0.459374 2.5637192810838935e6 44871.06397263336
0.462096 2.359768091129307e6 41785.245661584355
0.464819 2.1730864253570465e6 38927.44941481318
0.467541 2.0021240138125578e6 36279.65193811173
0.470263 1.8454775853106468e6 33825.3469197996
0.472986 1.7018761932321377e6 31549.4096353478
0.475708 1.5701680788581653e6 29437.97431843011
0.478431 1.4493089036061626e6 27478.32303100563
0.481153 1.338351200845326e6 25658.7848971162
0.483876 1.2364349149780709e6 23968.644682741204
0.486598 1.1427789104643986e6 22398.059808956983
0.489321 1.0566733466867937e6 20937.98497922222
0.492043 977472.8262216361 19580.103685149523
0.494766 904590.2343888119 18316.7659297366
0.497488 837491.1970594384 17140.931573724887
0.50021 775689.0917574137 16046.118770400786
0.502933 718740.5542199818 15026.357007532455
0.505655 666241.428896756 14076.144322937404
0.508378 617823.1174623807 13190.408303003118
0.5111 573149.284380388 12364.470511882255
0.513823 531912.8829593246 11594.014033529365
0.516545 493833.4692524414 10875.053839666767
0.519268 458654.77462646127 10203.909724534818
0.52199 426142.5109138932 9577.181572237585
0.524713 396082.3848114533 8991.726744933212
0.527435 368278.30063339445 8444.639400303899
0.530157 342550.7327076004 7933.231564912837
0.53288 318735.2506443665 7455.015806420124
0.535602 296681.1824398168 7007.689362379062
0.538325 276250.40192139545 6589.1195966304895
0.541047 257316.22842281475 6197.33066630873
0.54377 239762.4278086801 5830.491293300494
0.546492 223482.30507098627 5486.903543774514
0.549215 208377.8797053408 5164.992528234934
0.551937 194359.13595680753 4863.296942536646
0.554659 181343.3408150847 4580.460377524548
0.557382 169254.4233462904 4315.223331494119
0.560104 158022.40958291356 4066.415865588367
0.562827 147582.90776233585 3832.950847606102
0.565549 137876.63921481575 3613.8177345539634
0.568272 128849.01066012918 3408.0768486786037
0.570994 120449.72408377026 3214.854105710168
0.573717 112632.42073365573 3033.3361576742695
0.576439 105354.35611100827 2862.765915920942
0.579162 98576.10312846948 2702.438423009661
0.581884 92261.28087795967 2551.697044806788
0.584606 86376.30669350072 2409.9299566229374
0.587329 80890.1694128784 2276.5668994648654
0.590051 75774.22193915982 2151.076184522015
0.592774 71001.99138087076 2032.9619258698096
0.595496 66549.00521008165 1921.7614830679038
0.598219 62392.6320224853 1817.0430968769494
0.600941 58511.935614371345 1718.4037027263244
0.603664 54887.54120962419 1625.4669078502607
0.606386 51501.51277673955 1537.8811191819475
0.609109 48337.24047252076 1455.3178101653218
0.611831 45379.33733659143 1377.4699156213808
0.614553 42613.544440042264 1304.0503446984033
0.617276 40026.64376325425 1234.7906027512618
0.619998 37606.37814292252 1169.43951374073
0.622721 35341.37768721854 1107.7620354259711
0.625443 33221.09211144929 1049.5381602473467
0.628166 31235.728495046464 994.5618953681612
0.630888 29376.194004712906 942.6403158669747
0.633611 27634.043168507775 893.5926855514307
0.636333 26001.42932194313 847.249640303701
0.639056 24471.05988014944 803.4524292701891
0.641778 23036.155120158608 762.0522095774852
0.6445 21690.410184627995 722.9093905952249
0.647223 20427.960043151474 685.8930240774125
0.649945 19243.347169896366 650.8802367992358
0.652668 18131.49171688287 617.7557025685428
0.65539 17087.66398096637 586.411150732
0.658113 16107.458979667375 556.7449085173484
0.660835 15186.77296657138 528.6614747567075
0.663558 14321.781731226327 502.0711227231024
0.66628 13508.9205414297 476.8895299845983
0.669002 12744.865597628814 453.0374333389914
0.671725 12026.516879963567 430.4403070379601
0.674447 11350.982278349598 409.0280626439833
0.67717 10715.562905019659 388.7347689872462
0.679892 10117.739497184844 369.4983908038182
0.682615 9555.159825018029 351.26054474172224
0.685337 9025.627027058139 333.9662715184894
0.68806 8527.088801446054 317.5638231033628
0.690782 8057.627387181751 302.0044638799519
0.693505 7615.450274883319 287.24228482138966
0.696227 7198.881591376602 273.23402978049995
0.698949 6806.354106886407 259.9389330625203
0.701672 6436.401817673444 247.31856750808265
0.704394 6087.653060695237 235.3367023696706
0.707117 5758.824120295993 223.95917031619734
0.709839 5448.713290074009 213.15374294781046
0.712562 5156.195355961799 202.89001424704162
0.715284 4880.216469204091 193.13929143305273
0.718007 4619.789380353356 183.8744927234106
0.720729 4373.9890076398 175.070051542686
0.723452 4141.948315128591 166.7018267494618
0.726174 3922.854477967984 158.74701848327285
0.728896 3715.9453137706014 151.18408926070563
0.731619 3520.5059607703583 143.9926899756299
0.734341 3335.8657848696166 137.15359048233623
0.737064 3161.395499046911 130.64861446249617
0.739786 2996.5044798437466 124.46057829735747
0.742509 2840.638266799141 118.57323368564113
0.745231 2693.2762317600677 112.97121376527652
0.747954 2553.929405972639 107.63998251352504
0.750676 2422.1384537596764 102.56578721529672
0.753398 2297.4717824206346 97.73561380361714
0.756121 2179.5237787563055 93.13714488938032
0.758843 2067.913163327746 88.7587203097471
0.761566 1962.2814542118072 84.5893000359402
0.764288 1862.291532618241 80.61842929176204
0.767011 1767.6263032902143 76.83620574401152
0.769733 1677.9874431242972 73.23324863513349
0.772456 1593.0942319215164 69.80066973697306
0.775178 1512.682459620339 66.5300460124345
0.777901 1436.5034047688325 63.41339387924775
0.780623 1364.3228793691328 60.44314497693148
0.783345 1295.92033557497 57.61212334445724
0.786068 1231.0880300448616 54.913523922104844
0.78879 1169.6302420513903 52.34089229656847
0.791513 1111.3625417228723 49.88810561358113
0.794235 1056.1111050491018 47.54935458716352
0.796958 1003.7120725195676 45.31912653913557
0.79968 954.0109484817956 43.19218940674358
0.802403 906.8620385108072 41.16357666019944
0.805125 862.1279222691057 39.228573075603066
0.807848 819.6789595113869 37.382701312153685
0.81057 779.3928270503496 35.62170924576439
0.813292 741.1540846503743 33.9415580141885
0.816015 704.8537679554935 32.33841073156698
0.818737 670.3890066876575 30.80862183292153
0.82146 637.6626664717124 29.34872701156602
0.824182 606.583012755238 27.95543371469401
0.826905 577.0633953952796 26.625612164539664
0.829627 549.0219525804855 25.35628687451105
0.83235 522.3813328468955 24.144628631565993
0.835072 497.06843402898164 22.987946917853854
0.837795 473.0141580650961 21.883682746284148
0.840517 450.15318064863345 20.829401886223188
0.843239 428.42373478328716 19.822788456952367
0.845962 407.767407363251 18.861638867872614
0.848684 388.1289479573182 17.9438560856995
0.851407 369.4560890299736 17.067444210077184
0.854129 351.69937688293385 16.23050334014572
0.856852 334.81201264755316 15.43122471563742
0.859574 318.74970270221525 14.667886117050186
0.862297 303.47051792960656 13.938847510360679
0.865019 288.9347612667223 13.242546922596153
0.867741 275.1048430358669 12.577496535388299
0.870464 261.9451635779397 11.942278984386611
0.873186 249.42200274006973 11.335543853117317
0.875909 237.5034157984046 10.756004350538173
0.878631 226.1591354236441 10.202434162163676
0.881354 215.36047932194666 9.673664465222023
0.884076 205.0802632071637 9.168581098854895
0.886799 195.2927187821765 8.686121880889075
0.889521 185.9734164274543 8.225274063194544
0.892244 177.09919231398806 7.785071918101174
0.894966 168.64807967550493 7.364594448774884
0.897688 160.59924399147755 6.962963216858149
0.900411 152.93292184796536 6.579340281060033
0.903133 145.63036325782033 6.212926240737067
0.905856 138.67377723536384 5.86295837884283
0.908578 132.0462804333166 5.528708898940413
0.911301 125.73184866163959 5.209483251268942
0.914023 119.71527111903612 4.904618543135299
0.916746 113.98210717825916 4.6134820291667324
0.919468 108.51864557608573 4.335469677206669
0.922191 103.31186586792963 4.070004805871373
0.924913 98.34940201557848 3.8165367900040907
0.927635 93.61950798452553 3.5745398304714575
0.930358 89.11102523484435 3.343511784941935
0.93308 84.8133519965539 3.122973056470416
0.935803 80.71641422698916 2.9124655368867822
0.938525 76.8106381538368 2.711551602149701
0.941248 73.08692431326888 2.5198131569812023
0.94397 69.53662299800592 2.3368507262435596
0.946693 66.15151103521441 2.1622825906564795
0.949415 62.92376981889409 1.995743964582834
0.952137 59.84596452587467 1.836886213732738
0.95486 56.91102444872301 1.6853761107516778
0.957582 54.11222438278691 1.5408951267663689
0.960305 51.44316700829263 1.4031387570656344
0.963027 48.89776621186775 1.2718158791899494
0.96575 46.47023129511227 1.1466481417950218
0.968472 44.155052020889485 1.0273693827413934
0.971195 41.946984450876464 0.913725074943569
0.973917 39.84103753060222 0.8054717985894388
0.97664 37.83246038073181 0.702376738413669
0.979362 35.91673025573292 0.6042172047775427
0.982084 34.08954113329218 0.5107801773731193
0.984807 32.34679289995085 0.4218618704307957
0.987529 30.684581100401534 0.33726731836785806
0.990252 29.099187219746756 0.25680998087054796
0.992974 27.587069469763446 0.18031136645416446
0.995697 26.144854051862662 0.10760067359510117
0.998419 24.7693268709764 0.03851444857513986
1.00114 23.457425676060723 -0.02710374077741262
1.00386 22.206232604270294 -0.08940361622364623
1.00659 21.012967107148576 -0.14852848586131984
1.00931 19.8749792383919 -0.20461552718042864
1.01203 18.789743283885546 -0.2577960570886888
1.01475 17.754851715787172 -0.3081957895350036
1.01748 16.768009453444876 -0.35593508132731877
1.0202 15.827028414892002 -0.4011291667111432
1.02292 14.929822343559543 -0.44388838124664565
1.02564 14.074401895694871 -0.4843183754951963
1.02837 13.258869974772482 -0.522520319000761
1.03109 12.481417299937958 -0.5585910950272308
1.03381 11.740318196232952 -0.592623486489932
1.03653 11.03392659502011 -0.6247063534977597
1.03926 10.360672233657308 -0.6549248029017365
1.04198 9.7190570440655 -0.6833603502263181
1.0447 9.107651720396726 -0.7100910743411091
1.04742 8.525092456537148 -0.735191765213226
1.05015 7.970077844681815 -0.7587340650636745
1.05287 7.441365926687879 -0.7807866032354558
1.05559 6.9377713903590745 -0.8014151250659935
1.05831 6.458162903234756 -0.8206826150422497
1.06104 6.001460576853149 -0.8386494145034047
1.06376 5.566633554833995 -0.8553733341430991
1.06648 5.152697718478697 -0.8709097615510843
1.0692 4.75871350392187 -0.8853117640225243
1.07193 4.383783825182609 -0.8986301868522499
1.07465 4.027052097763196 -0.9109137473207907
1.07737 3.687700357724655 -0.9222091245691377
1.08009 3.364947471434991 -0.9325610455497486
1.08282 3.0580474314382027 -0.942012367232387
1.08554 2.766287734130108 -0.9506041552348805
1.08826 2.4889878351521 -0.9583757590408126
1.09098 2.2254976786273346 -0.9653648839584887
1.0937 1.9751962965648275 -0.9716076599682204
1.09643 1.7374904749475848 -0.9771387075980518
1.09915 1.5118134832010899 -0.9819912009614511
1.10187 1.297623863909065 -0.9861969280842178
1.10459 1.094404279804546 -0.9897863486419098
1.10732 0.9016604152171748 -0.992788649223425
1.11004 0.7189199293021762 -0.9952317962309629
1.11276 0.5457314585128326 -0.9971425865214956
1.11548 0.38166366590861706 -0.9985466958899598
1.11821 0.2263043350128655 -0.9994687254897747
1.12093 0.07925950605065996 -0.9999322462818481
1.12365 -0.0018082487790238736 -0.9999987911327317
1.12637 -0.005930969582406386 -0.9999869316509375
1.1291 -0.010033659408300241 -0.9999624166455474
1.13182 -0.014116358845453284 -0.9999252467370778
1.13454 -0.018179108099422733 -0.9998754228663627
1.13726 -0.022221946999780612 -0.9998129462945294
1.13999 -0.02624491500721537 -0.9997378186029667
1.14271 -0.030248051220531747 -0.999650041693285
1.14543 -0.03423139438355035 -0.9995496177872675
1.14815 -0.038194982891909104 -0.9994365494268151
1.15088 -0.042138854799765965 -0.9993108394738812
1.1536 -0.046063047826409416 -0.9991724911103996
1.15632 -0.04996759936277181 -0.9990215078382036
1.15904 -0.05385254647785175 -0.9988578934789379
1.16177 -0.057717925925045176 -0.9986816521739615
1.16449 -0.06156377414838684 -0.9984927883842432
1.16721 -0.06539012728870383 -0.9982913068902477
1.16993 -0.06919702118968069 -0.9980772127918165
1.17266 -0.07298449140384224 -0.9978505115080366
1.17538 -0.07675257319844908 -0.9976112087771052
1.1781 -0.08050130156131168 -0.9973593106561831
1.18082 -0.08423071120652273 -0.9970948235212423
1.18355 -0.08794083658010891 -0.9968177540669041
1.18627 -0.09163171186560416 -0.9965281093062699
1.18899 -0.0953033709895432 -0.9962258965707433
1.19171 -0.0989558476268815 -0.9959111235098453
1.19444 -0.1025891752063367 -0.9955837980910198
1.19716 -0.10620338691565692 -0.9952439285994326
1.19988 -0.1097985157068157 -0.9948915236377611
1.2026 -0.11337459430113452 -0.9945265921259773
1.20533 -0.11693165519433463 -0.994149143301121
1.20805 -0.12046973066151716 -0.9937591867170672
1.21077 -0.12398885276207745 -0.9933567322442833
1.21349 -0.12748905334454802 -0.9929417900695798
1.21622 -0.13097036405137633 -0.9925143706958519
1.21894 -0.1344328163236361 -0.9920744849418146
1.22166 -0.13787644140567357 -0.9916221439417279
1.22438 -0.14130127034968984 -0.9911573591451155
1.22711 -0.14470733402025998 -0.9906801423164745
1.22983 -0.1480946630987887 -0.9901905055349787
1.23255 -0.15146328808790765 -0.9896884611941714
1.23527 -0.15481323931580923 -0.9891740220016529
1.23799 -0.15814454694052213 -0.9886472009787584
1.24072 -0.16145724095412828 -0.9881080114602278
1.24344 -0.1647513511869213 -0.9875564670938692
1.24616 -0.16802690731150888 -0.9869925818402133
1.24888 -0.1712839388468568 -0.9864163699721592
1.25161 -0.17452247516228098 -0.9858278460746139
1.25433 -0.17774254548138133 -0.9852270250441229
1.25705 -0.18094417888592387 -0.9846139220884931
1.25977 -0.18412740431966884 -0.9839885527264078
1.2625 -0.18729225059214666 -0.9833509327870347
1.26522 -0.19043874638238245 -0.9827010784096233
1.26794 -0.19356692024256833 -0.9820390060430989
1.27066 -0.19667680060168818 -0.9813647324456442
1.27339 -0.19976841576908982 -0.9806782746842759
1.27611 -0.2028417939380103 -0.9799796501344133
1.27883 -0.2058969631890521 -0.9792688764794375
1.28155 -0.2089339514936122 -0.978545971710244
1.28428 -0.21195278671726422 -0.9778109541247879
1.287 -0.21495349662309424 -0.9770638423276203
1.28972 -0.2179361088749904 -0.9763046552294175
1.29244 -0.22090065104088935 -0.9755334120465018
1.29517 -0.22384715059597599 -0.9747501323003566
1.29789 -0.22677563492584105 -0.9739548358171304
1.30061 -0.22968613132959462 -0.9731475427271361
1.30333 -0.23257866702293747 -0.9723282734643414
1.30606 -0.2354532691411903 -0.9714970487658512
1.30878 -0.23830996474228058 -0.970653889671383
1.3115 -0.24114878080969032 -0.9697988175227343
1.31422 -0.24396974425536175 -0.9689318539632423
1.31695 -0.2467728819225636 -0.9680530209372361
1.31967 -0.24955822058871818 -0.9671623406894813
1.32239 -0.2523257869681894 -0.9662598357646168
1.32511 -0.2550756077150329 -0.9653455290065844
1.32784 -0.257807709425707 -0.9644194435580508
1.33056 -0.26052211864174896 -0.9634816028598208
1.33328 -0.26321886185241083 -0.9625320306502452
1.336 -0.26589796549726225 -0.9615707509646192
1.33873 -0.26855945596875463 -0.9605977881345742
1.34145 -0.2712033596147519 -0.9596131667874619
1.34417 -0.2738297027410247 -0.9586169118457313
1.34689 -0.2764385116137112 -0.9576090485262969
1.34962 -0.2790298124617423 -0.9565896023399021
1.35234 -0.2816036314792352 -0.9555585990904715
1.35506 -0.28415999482785165 -0.9545160648744591
1.35778 -0.2866989286391246 -0.9534620260801874
1.36051 -0.2892204590167513 -0.9523965093871793
1.36323 -0.29172461203885597 -0.9513195417654832
1.36595 -0.29421141376021903 -0.9502311504749896
1.36867 -0.2966808902144758 -0.949131363064742
1.3714 -0.29913306741628487 -0.9480202073722392
1.37412 -0.3015679713634652 -0.9468977115227302
1.37684 -0.30398562803910323 -0.9457639039285031
1.37956 -0.3063860634136301 -0.9446188132881657
1.38228 -0.3087693034468702 -0.9434624685859185
1.38501 -0.3111353740900598 -0.9422948990908219
1.38773 -0.3134843012878368 -0.941116134356055
1.39045 -0.31581611098020357 -0.9399262042181675
1.39317 -0.31813082910446044 -0.9387251387963244
1.3959 -0.32042848159711124 -0.9375129684915438
1.39862 -0.32270909439574347 -0.9362897239859276
1.40134 -0.3249726934408786 -0.9350554362418843
1.40406 -0.3272193046777984 -0.9338101365013458
1.40679 -0.32944895405834296 -0.9325538562849764
1.40951 -0.33166166754268306 -0.9312866273913754
1.41223 -0.33385747110106784 -0.930008481896271
1.41495 -0.33603639071554586 -0.9287194521517101
1.41768 -0.3381984523816606 -0.9274195707852382
1.4204 -0.3403436821101227 -0.9261088706990734
1.42312 -0.34247210592845595 -0.9247873850692749
1.42584 -0.34458374988262025 -0.9234551473449021
1.42857 -0.34667864003860904 -0.9221121912471683
1.43129 -0.34875680248402496 -0.9207585507685869
1.43401 -0.3508182633296301 -0.9193942601721116
1.43673 -0.3528630487108743 -0.9180193539902686
1.43946 -0.3548911847893997 -0.9166338670242828
1.44218 -0.35690269775452327 -0.9152378343431967
1.4449 -0.35889761382469637 -0.9138312912829829
1.44762 -0.36087595924894195 -0.9124142734456498
1.45035 -0.362837760308271 -0.9109868166983403
1.45307 -0.36478304331707545 -0.9095489571724236
1.45579 -0.3667118346245014 -0.9081007312625814
1.45851 -0.3686241606158001 -0.906642175625886
1.46124 -0.3705200477136578 -0.9051733271808731
1.46396 -0.37239952237950585 -0.9036942231066067
1.46668 -0.37426261111480913 -0.9022049008417381
1.4694 -0.3761093404623349 -0.900705398083559
1.47213 -0.3779397370074012 -0.8991957527870464
1.47485 -0.37975382737910596 -0.8976760031639024
1.47757 -0.3815516382515356 -0.8961461876815868
1.48029 -0.38333319634495483 -0.8946063450623436
1.48302 -0.38509852842697706 -0.8930565142822205
1.48574 -0.3868476613137159 -0.891496734570083
1.48846 -0.38858062187091674 -0.889927045406621
1.49118 -0.3902974370150721 -0.8883474865233494
1.49391 -0.3919981337145164 -0.8867580979016023
1.49663 -0.3936827389905034 -0.8851589197715222
1.49935 -0.3953512799182648 -0.8835499926110395
1.50207 -0.39700378362805283 -0.8819313571448504
1.5048 -0.39864027730616314 -0.880303054343384
1.50752 -0.40026078819594113 -0.878665125421767
1.51024 -0.4018653435987715 -0.8770176118387789
1.51296 -0.4034539708750497 -0.8753605552958039
1.51569 -0.4050266974451366 -0.8736939977357745
1.51841 -0.40658355079029757 -0.8720179813421104
1.52113 -0.4081245584536234 -0.8703325485376503
1.52385 -0.40964974804093574 -0.8686377419835782
1.52657 -0.4111591472216759 -0.8669336045783447
1.5293 -0.41265278372977793 -0.865220179456579
1.53202 -0.41413068536452563 -0.8634975099879988
1.53474 -0.4155928799913936 -0.861765639776312
1.53746 -0.417039395542873 -0.860024612658113
1.54019 -0.4184702600192817 -0.8582744727017733
1.54291 -0.41988550148955894 -0.8565152642063256
1.54563 -0.4212851480920457 -0.8547470317003429
1.54835 -0.4226692280352488 -0.8529698199408116
1.55108 -0.4240377695985913 -0.8511836739119981
1.5538 -0.425390801133148 -0.8493886388243104
1.55652 -0.42672835106236545 -0.8475847601131539
1.55924 -0.4280504478827691 -0.8457720834377812
1.56197 -0.42935712016465494 -0.8439506546801364
1.56469 -0.4306483965527681 -0.8421205199436935
1.56741 -0.43192430576696544 -0.8402817255522903
1.57013 -0.4331848766028679 -0.8384343180489546
1.57286 -0.4344301379324951 -0.8365783441947273
1.57558 -0.4356601187048896 -0.8347138509674779
1.5783 -0.4368748479467253 -0.832840885560716
1.58102 -0.43807435476290474 -0.8309594953823964
1.58375 -0.43925866833714133 -0.8290697280537194
1.58647 -0.44042781793252916 -0.8271716314079255
1.58919 -0.4415818328921011 -0.8252652534890839
1.59191 -0.442720742639372 -0.8233506425508772
1.59464 -0.44384457667887045 -0.8214278470553802
1.59736 -0.4449533645966585 -0.8194969156718321
1.60008 -0.4460471360608371 -0.8175578972754058
1.6028 -0.44712592082204117 -0.8156108409459705
1.60553 -0.4481897487139213 -0.8136557959668484
1.60825 -0.44923864965361365 -0.8116928118235693
1.61097 -0.450272653642198 -0.8097219382026157
1.61369 -0.451291790765144 -0.8077432249901667
1.61642 -0.45229609119274483 -0.8057567222708351
1.61914 -0.45328558518054124 -0.8037624803263987
1.62186 -0.4542603030697308 -0.8017605496345294
1.62458 -0.4552202752875694 -0.7997509808675132
1.62731 -0.45616553234775853 -0.7977338248909698
1.63003 -0.45709610485082264 -0.795709132762564
1.63275 -0.45801202348447584 -0.7936769557307128
1.63547 -0.45891331902397586 -0.7916373452332899
1.6382 -0.4598000223324691 -0.7895903528963217
1.64092 -0.46067216436132347 -0.7875360305326822
1.64364 -0.4615297761504509 -0.7854744301407808
1.64636 -0.4623728888286195 -0.7834056039032463
1.64909 -0.46320153361375505 -0.7813296041856058
1.65181 -0.4640157418132319 -0.7792464835349595
1.65453 -0.4648155448241536 -0.7771562946786508
1.65725 -0.4656009741336233 -0.775059090522931
1.65998 -0.46637206131900427 -0.772954924151621
1.6627 -0.46712883804816974 -0.7708438488247673
1.66542 -0.46787133607974385 -0.7687259179772933
1.66814 -0.4685995872633308 -0.7666011852176484
1.67086 -0.469313623539737 -0.764469704326449
1.67359 -0.4700134769411807 -0.7623315292551187
1.67631 -0.4706991795914937 -0.7601867141245224
1.67903 -0.4713707637063135 -0.7580353132235956
1.68175 -0.4720282615932647 -0.7558773810079717
1.68448 -0.4726717056521329 -0.753712972098602
1.6872 -0.47330112837502736 -0.7515421412803752
1.68992 -0.47391656234653623 -0.7493649435007281
1.69264 -0.4745180402438717 -0.747181433868257
1.69537 -0.47510559483700593 -0.744991667651322
1.69809 -0.4756792589887987 -0.7427957002766472
1.70081 -0.47623906565511587 -0.7405935873279198
1.70353 -0.47678504788493903 -0.7383853845443812
1.70626 -0.4773172388204659 -0.7361711478194173
1.70898 -0.4778356716972035 -0.7339509331991431
1.7117 -0.4783403798440511 -0.7317247968809842
1.71442 -0.4788313966833756 -0.7294927952122552
1.71715 -0.4793087557310786 -0.727254984688732
1.71987 -0.47977249059665455 -0.7250114219532227
1.72259 -0.4802226349832406 -0.7227621637941342
1.72531 -0.48065922268765904 -0.7205072671440333
1.72804 -0.48108228760045085 -0.7182467890782082
1.73076 -0.48149186370590125 -0.7159807868132207
1.73348 -0.4818879850820577 -0.7137093177054605
1.7362 -0.48227068590073946 -0.7114324392496918
1.73893 -0.48264000042753946 -0.7091502090775993
1.74165 -0.4829959630218189 -0.7068626849563282
1.74437 -0.48333860813669277 -0.7045699247870225
1.74709 -0.4836679703190092 -0.7022719866033605
1.74982 -0.4839840842093206 -0.699968928570084
1.75254 -0.4842869845418469 -0.6976608089815272
1.75526 -0.48457670614443205 -0.6953476862601408
1.75798 -0.48485328393849253 -0.6930296189550134
1.76071 -0.4851167529389585 -0.6907066657403897
1.76343 -0.4853671482542085 -0.6883788854141847
1.76615 -0.48560450508599573 -0.6860463368964964
1.76887 -0.485828858729368 -0.6837090792281132
1.7716 -0.48604024457258066 -0.6813671715690206
1.77432 -0.4862386980970017 -0.6790206731969035
1.77704 -0.48642425487701074 -0.6766696435056447
1.77976 -0.48659695057989044 -0.6743141420038234
1.78249 -0.4867568209657117 -0.6719542283132078
1.78521 -0.48690390188721144 -0.6695899621672453
1.78793 -0.4870382292896637 -0.6672214034095526
1.79065 -0.4871598392107453 -0.6648486119923989
1.79338 -0.48726876778039224 -0.6624716479751894
1.7961 -0.48736505122065255 -0.6600905715229454
1.79882 -0.4874487258455306 -0.6577054429047801
1.80154 -0.4875198280608254 -0.6553163224923747
1.80426 -0.4875783943639629 -0.6529232707584491
1.80699 -0.48762446134382176 -0.6505263482752321
1.80971 -0.4876580656805524 -0.6481256157129273
1.81243 -0.48767924414539077 -0.6457211338381783
1.81515 -0.48768803360046464 -0.6433129635125298
1.81788 -0.48768447099859474 -0.6409011656908878
1.8206 -0.4876685933830896 -0.6384858014199765
1.82332 -0.48764043788753414 -0.6360669318367923
1.82604 -0.48760004173557225 -0.6336446181670584
1.82877 -0.487547442240684 -0.6312189217236726
1.83149 -0.48748267680595603 -0.6287899039051567
1.83421 -0.487405782923847 -0.6263576261941024
1.83693 -0.4873167981759468 -0.6239221501556146
1.83966 -0.48721576023273017 -0.6214835374357537
1.84238 -0.4871027068533041 -0.6190418497599741
1.8451 -0.48697767588515095 -0.6165971489315639
1.84782 -0.48684070526386447 -0.614149496830078
1.85055 -0.486691833012881 -0.6116989554097737
1.85327 -0.4865310972432051 -0.6092455866980417
1.85599 -0.48635853615312996 -0.6067894527938361
1.85871 -0.48617418802795204 -0.604330615866103
1.86144 -0.4859780912396802 -0.6018691381522071
1.86416 -0.48577028424674046 -0.5994050819563544
1.86688 -0.4855508055936743 -0.5969385096480188
1.8696 -0.48531969391083246 -0.5944694836603595
1.87233 -0.4850769879140635 -0.5919980664886434
1.87505 -0.4848227264043972 -0.5895243206886622
1.87777 -0.48455694826772255 -0.587048308875149
1.88049 -0.4842796924744613 -0.584570093720194
1.88322 -0.4839909980792359 -0.5820897379516569
1.88594 -0.48369090422053324 -0.5796073043515811
1.88866 -0.48337945012036226 -0.5771228557546025
1.89138 -0.48305667508390837 -0.5746364550463609
1.89411 -0.4827226184991816 -0.5721481651619061
1.89683 -0.48237731983666027 -0.5696580490841078
1.89955 -0.482020818648931 -0.5671661698420584
1.90227 -0.4816531545703224 -0.5646725905094793
1.905 -0.4812743673165351 -0.562177374203125
1.90772 -0.48088449668426725 -0.5596805840811836
1.91044 -0.48048358255083506 -0.5571822833416795
1.91316 -0.48007166487378844 -0.5546825352208735
1.91589 -0.47964878369052305 -0.5521814029916617
1.91861 -0.4792149791178877 -0.5496789499619751
1.92133 -0.4787702913517864 -0.5471752394731757
1.92405 -0.47831476066677725 -0.544670334898454
1.92678 -0.47784842741566624 -0.5421642996412254
1.9295 -0.4773713320290974 -0.5396571971335244
1.93222 -0.4768835150151374 -0.5371490908343995
1.93494 -0.47638501695885815 -0.5346400442283068
1.93767 -0.4758758785219125 -0.5321301208235032
1.94039 -0.47535614044210805 -0.5296193841504392
1.94311 -0.47482584353297613 -0.5271078977601498
1.94583 -0.4742850286833358 -0.5245957252226473
1.94855 -0.4737337368568552 -0.5220829301253113
1.95128 -0.4731720090916082 -0.5195695760712797
1.954 -0.47259988649962725 -0.517055726677838
1.95672 -0.47201741026645216 -0.5145414455748099
1.95944 -0.471424621650675 -0.5120267964029465
1.96217 -0.47082156198348174 -0.5095118428123152
1.96489 -0.47020827266818915 -0.506996648460689
1.96761 -0.4695847951797786 -0.5044812770119347
1.97033 -0.46895117106442563 -0.501965792134402
1.97306 -0.4683074419390266 -0.49945025749931116
1.97578 -0.4676536494907208 -0.4969347367791421
1.9785 -0.46698983547640954 -0.49441929364602344
1.98122 -0.466316041722271 -0.49190399177011856
1.98395 -0.4656323101232724 -0.48938889481801573
1.98667 -0.46493868264267807 -0.4868740664511171
1.98939 -0.4642352013115537 -0.48435957032402555
1.99211 -0.4635219082282682 -0.481845470082935
1.99484 -0.46279884555799095 -0.4793318293640183
1.99756 -0.46206605553218655 -0.476818711791817
2.00028 -0.4613235804481059 -0.47430618097763166
2.003 -0.46057146266827326 -0.4717943005179097
2.00573 -0.45980974461997187 -0.469283133992639
2.00845 -0.4590384687947238 -0.46677274496373444
2.01117 -0.4582576777477691 -0.4642631969734319
2.01389 -0.4574674140975394 -0.4617545535426798
2.01662 -0.4566677205251306 -0.4592468781695296
2.01934 -0.45585863977377056 -0.45674023432752997
2.02206 -0.4550402146482849 -0.45423468546412016
2.02478 -0.45421248801455905 -0.45173029499902284
2.02751 -0.45337550279899763 -0.44922712632264017
2.03023 -0.4525293019879809 -0.44672524279444903
2.03295 -0.45167392862731787 -0.4442247077413961
2.03567 -0.45080942582169653 -0.44172558445629684
2.0384 -0.4499358367341318 -0.4392279361962319
2.04112 -0.4490532045854096 -0.4367318261809461
2.04384 -0.448161572653529 -0.4342373175912495
2.04656 -0.44726098427314104 -0.4317444735674173
2.04929 -0.4463514828349849 -0.4292533572075913
2.05201 -0.4454331117853212 -0.42676403156618314
2.05473 -0.44450591462536276 -0.4242765596522785
2.05745 -0.44356993491070273 -0.42179100442804196
2.06018 -0.44262521625073975 -0.41930742880712357
2.0629 -0.44167180230810077 -0.41682589565306594
2.06562 -0.4407097367980612 -0.4143464677777138
2.06834 -0.4397390634879623 -0.4118692079396231
2.07107 -0.4387598261966264 -0.4093941788424734
2.07379 -0.4377720687937692 -0.40692144313348066
2.07651 -0.4367758351994098 -0.4044510634018108
2.07923 -0.43577116938327853 -0.4019831021769962
2.08196 -0.4347581153642215 -0.39951762192735185
2.08468 -0.43373671720960416 -0.39705468505839725
2.0874 -0.43270701903471104 -0.3945943539112722
2.09012 -0.4316690650021439 -0.39213669076116187
2.09284 -0.4306228993212177 -0.389681757815721
2.09557 -0.42956856624735384 -0.3872296172134967
2.09829 -0.42850611008147127 -0.38478033102235765
2.10101 -0.42743557516937586 -0.38233396123792307
2.10373 -0.42635700590114683 -0.3798905697819921
2.10646 -0.42527044671052155 -0.3774502185009776
2.10918 -0.4241759420742779 -0.3750129691643408
2.1119 -0.42307353651161445 -0.37257888346302626
2.11462 -0.42196327458352967 -0.3701480230079035
2.11735 -0.42084520089219674 -0.3677204493282038
2.12007 -0.41971936008033894 -0.3652962238699652
2.12279 -0.4185857968306011 -0.3628754079944764
2.12551 -0.41744455586492024 -0.36045806297672367
2.12824 -0.4162956819438937 -0.35804425000384044
2.13096 -0.41513921986614566 -0.35563403017355744
2.13368 -0.4139752144676912 -0.35322746449265685
2.1364 -0.41280371062129934 -0.3508246138754286
2.13913 -0.41162475323585357 -0.3484255391421277
2.14185 -0.41043838725571097 -0.3460303010174348
2.14457 -0.4092446576600591 -0.34363896012892003
2.14729 -0.4080436094622716 -0.34125157700550734
2.15002 -0.4068352877092617 -0.338868212075943
2.15274 -0.4056197374808344 -0.33648892566726574
2.15546 -0.40439700388903704 -0.3341137780032807
2.15818 -0.4031671320775068 -0.3317428292030338
2.16091 -0.401930167220819 -0.32937613927929
2.16363 -0.4006861545238315 -0.327013768137016
2.16635 -0.3994351392210293 -0.32465577557186176
2.16907 -0.3981771665758662 -0.32230222126864816
2.1718 -0.3969122818801058 -0.3199531647998569
2.17452 -0.39564053045316094 -0.3176086656241206
2.17724 -0.3943619576414308 -0.3152687830847196
2.17996 -0.3930766088176382 -0.3129335764080797
2.18269 -0.3917845293801633 -0.3106031047022719
2.18541 -0.3904857647523783 -0.30827742695551696
2.18813 -0.3891803603819785 -0.3059566020346933
2.19085 -0.38786836174031397 -0.3036406886838451
2.19358 -0.38654981432171787 -0.301329745522696
2.1963 -0.38522476364283614 -0.2990238310451674
2.19902 -0.3838932552419529 -0.2967230036178943
2.20174 -0.38255533467831654 -0.2944273214787505
2.20447 -0.3812110475314645 -0.29213684273537377
2.20719 -0.3798604394005462 -0.28985162536369513
2.20991 -0.3785035559036444 -0.28757172720647095
2.21263 -0.3771404426770972 -0.28529720597181907
2.21536 -0.3757711453748171 -0.2830281192317592
2.21808 -0.3743957096676094 -0.2807645244207536
2.2208 -0.3730141812424903 -0.27850647883425483
2.22352 -0.37162660580200285 -0.2762540396272557
2.22625 -0.37023302906353295 -0.2740072638128408
2.22897 -0.3688334967586231 -0.27176620826074516
2.23169 -0.36742805463228617 -0.2695309296959143
2.23441 -0.3660167484423186 -0.2673014846970687
2.23713 -0.3645996239586104 -0.26507792969527066
2.23986 -0.36317672696245684 -0.26286032097249656
2.24258 -0.36174810324586826 -0.26064871466021255
2.2453 -0.36031379861087814 -0.25844316673795376
2.24802 -0.3588738588688521 -0.2562437330319066
2.25075 -0.35742832983979417 -0.2540504692134966
2.25347 -0.35597725735165375 -0.2518634307979788
2.25619 -0.354520687239631 -0.24968267314303216
2.25891 -0.3530586653454821 -0.24750825144735988
2.26164 -0.3515912375168226 -0.24534022074929052
2.26436 -0.3501184496064314 -0.24317863592538558
2.26708 -0.34864034747155365 -0.24102355168905043
2.2698 -0.3471569769732021 -0.23887502258914983
2.27253 -0.34566838397545907 -0.23673310300862627
2.27525 -0.344174614344778 -0.23459784716312493
2.27797 -0.34267571394928154 -0.23246930909961927
2.28069 -0.34117172865806317 -0.23034754269504543
2.28342 -0.3396627043404857 -0.22823260165493653
2.28614 -0.3381486868654792 -0.2261245395120639
2.28886 -0.3366297221008401 -0.22402340962508283
2.29158 -0.3351058559125281 -0.2219292651771807
2.29431 -0.33357713416396345 -0.21984215917473238
2.29703 -0.3320436027153234 -0.21776214444595698
2.29975 -0.3305053074228389 -0.21568927363958124
2.30247 -0.3289622941380898 -0.21362359922350782
2.3052 -0.3274146087073013 -0.21156517348348558
2.30792 -0.32586229697063795 -0.20951404852178712
2.31064 -0.32430540476149905 -0.2074702762558902
2.31336 -0.3227439779058135 -0.2054339084171637
2.31609 -0.3211780622213329 -0.20340499654955702
2.31881 -0.3196077035169264 -0.20138359200829625
2.32153 -0.31803294759187384 -0.19936974595858437
2.32425 -0.3164538402351598 -0.19736350937430647
2.32698 -0.31487042722476616 -0.1953649330367383
2.3297 -0.3132827543269654 -0.19337406753326225
2.33242 -0.31169086729561357 -0.19139096325608596
2.33514 -0.31009481187144294 -0.1894156704009673
2.33787 -0.30849463378135494 -0.18744823896594398
2.34059 -0.3068903787377123 -0.18548871875006734
2.34331 -0.3052820924376314 -0.18353715935214232
2.34603 -0.3036698205622751 -0.18159361016947206
2.34876 -0.30205360877614484 -0.17965812039660745
2.35148 -0.3004335027263727 -0.17773073902410164
2.3542 -0.29880954804201487 -0.1758115148372712
2.35692 -0.29718179033334247 -0.1739004964149593
2.35965 -0.2955502751911348 -0.17199773212830793
2.36237 -0.2939150481859716 -0.17010327013953253
2.36509 -0.29227615486752595 -0.16821715840070306
2.36781 -0.2906336407638561 -0.1663394446525306
2.37054 -0.2889875513806996 -0.16447017642315853
2.37326 -0.2873379322007647 -0.1626094010269602
2.37598 -0.28568482868302447 -0.1607571655633402
2.3787 -0.28402828626200954 -0.15891351691554323
2.38142 -0.282368350347102 -0.15707850174946714
2.38415 -0.28070506632182873 -0.15525216651248108
2.38687 -0.27903847954315564 -0.15343455743225043
2.38959 -0.2773686353407816 -0.15162572051556744
2.39231 -0.27569557901643277 -0.14982570154718466
2.39504 -0.2740193558431585 -0.14803454608865874
2.39776 -0.27234001106462485 -0.14625229947719465
2.40048 -0.27065758989441085 -0.14447900682449943
2.4032 -0.26897213751530474 -0.14271471301564043
2.40593 -0.26728369907859917 -0.1409594627079087
2.40865 -0.26559231970338865 -0.13921330032968848
2.41137 -0.2638980444758659 -0.13747627007933372
2.41409 -0.26220091844861976 -0.13574841592404807
2.41682 -0.26050098663993315 -0.13402978159877266
2.41954 -0.25879829403308097 -0.13232041060507904
2.42226 -0.2570928855756292 -0.13062034621006813
2.42498 -0.25538480617873444 -0.12892963144527436
2.42771 -0.2536741007164436 -0.12724830910557783
2.43043 -0.25196081402499426 -0.12557642174811934
2.43315 -0.25024499090211655 -0.12391401169122551
2.43587 -0.24852667610633372 -0.12226112101333508
2.4386 -0.24680591435626462 -0.12061779155193575
2.44132 -0.2450827503299267 -0.11898406490250413
2.44404 -0.24335722866403975 -0.11735998241745338
2.44676 -0.24162939395332947 -0.11574558520508615
2.44949 -0.23989929074983304 -0.11414091412855476
2.45221 -0.23816696356220385 -0.11254600980482599
2.45493 -0.2364324568550183 -0.1109609126036537
2.45765 -0.23469581504808262 -0.10938566264655636
2.46038 -0.23295708251574043 -0.10782029980580266
2.4631 -0.2312163035861815 -0.10626486370340027
2.46582 -0.22947352254075104 -0.10471939371009498
2.46854 -0.22772878361325957 -0.10318392894437345
2.47127 -0.22598213098929365 -0.10165850827147216
2.47399 -0.22423360880552876 -0.10014317030239539
2.47671 -0.2224832611490403 -0.09863795339293635
2.47943 -0.22073113205661793 -0.09714289564270684
2.48216 -0.2189772655140804 -0.09565803489417357
2.48488 -0.21722170545558983 -0.09418340873169906
2.4876 -0.21546449576296856 -0.09271905448059126
2.49032 -0.21370568026501638 -0.09126500920615865
2.49305 -0.21194530273682818 -0.08982130971277169
2.49577 -0.2101834068991134 -0.08838799254293139
2.49849 -0.20842003641751655 -0.08696509397634455
2.50121 -0.20665523490193724 -0.08555265002900536
2.50394 -0.20488904590585327 -0.08415069645228368
2.50666 -0.20312151292564357 -0.08275926873202
2.50938 -0.2013526793999121 -0.08137840208762737
2.5121 -0.1995825887088138 -0.08000813147120045
2.51482 -0.1978112841733812 -0.0786484915666299
2.51755 -0.1960388090548508 -0.07729951678872515
2.52027 -0.1942652065539927 -0.0759612412823426
2.52299 -0.19249051981044046 -0.07463369892152227
2.52571 -0.1907147919020217 -0.07331692330862971
2.52844 -0.18893806584409056 -0.0720109477735058
2.53116 -0.1871603845888613 -0.07071580537262279
2.53388 -0.18538179102474217 -0.0694315288882481
2.5366 -0.18360232797567203 -0.0681581508276139
2.53933 -0.18182203820045695 -0.06689570342209494
2.54205 -0.1800409643921087 -0.06564421862639236
2.54477 -0.1782591491771847 -0.06440372811772432
2.54749 -0.17647663511512823 -0.06317426329502585
2.55022 -0.174693464697611 -0.06195585527815206
2.55294 -0.17290968034787751 -0.0607485349070922
2.55566 -0.1711253244200885 -0.05955233274118776
2.55838 -0.16934043919866787 -0.05836727905835937
2.56111 -0.16755506689765096 -0.05719340385434091
2.56383 -0.16576924966003243 -0.05603073684191984
2.56655 -0.16398302955711747 -0.054879307450184434
2.56927 -0.1621964485878734 -0.053739144823780505
2.572 -0.16040954867828291 -0.05261027782217231
2.57472 -0.15862237168069881 -0.051492735018912494
2.57744 -0.15683495937320072 -0.05038654470091919
2.58016 -0.1550473534589518 -0.04929173486775962
2.58289 -0.1532595955655587 -0.04820833323094109
2.58561 -0.15147172724443211 -0.04713636721321057
2.58833 -0.14968378997014867 -0.04607586394785945
2.59105 -0.14789582513981508 -0.04502685027803777
2.59378 -0.14610787407243386 -0.04398935275607396
2.5965 -0.14431997800826904 -0.042963397642803214
2.59922 -0.14253217810821553 -0.041949010906902395
2.60194 -0.14074451545316907 -0.04094621822423328
2.60467 -0.1389570310433979 -0.039955044977192045
2.60739 -0.13716976579791598 -0.038975516254067255
2.61011 -0.13538276055385848 -0.03800765684840468
2.61283 -0.13359605606585762 -0.03705149125837992
2.61556 -0.1318096930054216 -0.036107043686177676
2.61828 -0.13002371196031445 -0.035174338037379904
2.621 -0.12823815343393757 -0.03425339792036031
2.62372 -0.12645305784471378 -0.033344246645687026
2.62645 -0.12466846552547158 -0.03244690722553223
2.62917 -0.12288441672283244 -0.0315614023730898
2.63189 -0.1211009515966005 -0.030687754502001008
2.63461 -0.11931811021915113 -0.02982598572578632
2.63734 -0.11753593257482443 -0.02897611785728571
2.64006 -0.11575445855931893 -0.028138172408107343
2.64278 -0.11397372797908782 -0.02731217058808255
2.6455 -0.112193780550736 -0.0264981333047285
2.64823 -0.1104146559004201 -0.02569608116272004
2.65095 -0.10863639356324958 -0.024906034463367144
2.65367 -0.1068590329826901 -0.024128013204102072
2.65639 -0.10508261350996911 -0.02336203707797213
2.65911 -0.10330717440348201 -0.022608125473142282
2.66184 -0.10153275482820177 -0.021866297472402985
2.66456 -0.09975939385508956 -0.021136571852688912
2.66728 -0.09798713046050765 -0.020418967084602224
2.67 -0.09621600352563371 -0.019713501331945826
2.67273 -0.09444605183587934 -0.01902019245126363
2.67545 -0.0926773140803061 -0.018339057991387797
2.67817 -0.09090982885104795 -0.01767011519299566
2.68089 -0.08914363464273356 -0.0170133809881724
2.68362 -0.08737876985191097 -0.016368871999982826
2.68634 -0.08561527277647431 -0.015736604542050947
2.68906 -0.08385318161509298 -0.015116594618146295
2.69178 -0.08209253446664184 -0.014508857921779583
2.69451 -0.08033336932963452 -0.013913409835805135
2.69723 -0.07857572410165832 -0.01333026543203153
2.69995 -0.07681963657881119 -0.012759439470839906
2.70267 -0.07506514445514142 -0.01220094640081082
2.7054 -0.07331228532208811 -0.011654800358358086
2.70812 -0.07156109666792516 -0.011121015167371517
2.71084 -0.06981161587720634 -0.010599604338866087
2.71356 -0.06806388023021437 -0.010090581070641091
2.71629 -0.06631792690240874 -0.009593958246945311
2.71901 -0.06457379296387909 -0.009109748438150822
2.72173 -0.06283151537879954 -0.008637963900435253
2.72445 -0.061091131004884364 -0.008178616575471587
2.72718 -0.0593526765928472 -0.007731718090125517
2.7299 -0.057616188785861784 -0.0072972797561611236
2.73262 -0.05588170411902491 -0.0068753125699552164
2.73534 -0.05414925901882241 -0.0064658272122182225
2.73807 -0.052418889802595826 -0.006068834047724403
2.74079 -0.05069063267801296 -0.005684343125048841
2.74351 -0.04896452374253988 -0.005312364176313977
2.74623 -0.04724059898291535 -0.004952906616942698
2.74896 -0.045518894274627276 -0.004605979545419858
2.75168 -0.04379944538139294 -0.004271591743062464
2.7544 -0.042082287954639086 -0.003949751673797408
2.75712 -0.040367457532986026 -0.00364046748394653
2.75985 -0.038654989541734 -0.0033437470020214466
2.76257 -0.036944919292351504 -0.0030595977385242668
2.76529 -0.03523728198196593 -0.002788026885758521
2.76801 -0.033532112692857344 -0.002529041317646641
2.77074 -0.03182944639195324 -0.002282647589555875
2.77346 -0.030129317930327044 -0.0020488519381323123
2.77618 -0.02843176204269842 -0.0018276602811435616
2.7789 -0.026736813346936072 -0.001619078217328429
2.78163 -0.02504450634356284 -0.0014231110262552527
2.78435 -0.02335487541526399 -0.001239763668188676
2.78707 -0.021667954826396517 -0.0010690407839634153
2.78979 -0.01998377872250198 -0.000910946694867576
2.79252 -0.018302381129822676 -0.0007654854025325175
2.79524 -0.016623795954817413 -0.0006326605888322678
2.79796 -0.014948056983682631 -0.0005124756157898203
2.80068 -0.01327519788187522 -0.0004049335254920905
2.8034 -0.011605252193636749 -0.0003100370400133112
2.80613 -0.009938253341521652 -0.00022778856134553216
2.80885 -0.008274234625927196 -0.0001581901713383349
2.81157 -0.00661322922462618 -0.00010124363164598638
2.81429 -0.004955270192302 -0.00005695038368258576
2.81702 -0.0033003904600870304 -0.00002531154858598228
2.81974 -0.0016486228351021044 -6.327927189131444e-6
2.82246 -4.0090304335246084e-17 0.
