642
       0         0       6.5
  1.7762         0    6.2526
 0.54889    1.6893    6.2526
 0.89669         0    6.4379
 0.27709    0.8528    6.4379
  1.1779   0.85576    6.3349
  3.4173         0    5.5292
  2.3517    1.7086    5.8138
  2.6218         0    5.9478
  2.9204   0.86496    5.7422
  2.0853   0.86315    6.0956
   1.056      3.25    5.5292
 0.81018    2.4935    5.9478
  1.7251    2.5102    5.7422
  1.4653    1.7165    6.0956
  5.8138         0    2.9069
  4.7981         0     4.385
   5.347    1.6893    3.2872
  5.3572         0    3.6811
  5.6343    0.8528    3.1269
  5.1393   0.85576    3.8865
  4.1483    1.7086    4.7034
  4.1473         0    5.0049
  3.8299   0.86496    5.1801
  4.5195   0.86315    4.5912
  4.4732      3.25    3.4173
  4.9575    2.4935    3.3846
  4.3645    2.5102     4.111
  4.7968    1.7165    4.0366
  1.7966    5.5292    2.9069
  1.4827    4.5633     4.385
  3.2589    4.5633    3.2872
  1.6555     5.095    3.6811
  2.5521     5.095    3.1269
   2.402    4.6233    3.8865
  2.9069    3.4173    4.7034
  1.2816    3.9444    5.0049
  2.0061    3.3752    5.1801
  2.2175    4.0316    4.5912
  3.9034    3.9444    3.3846
  3.7361    3.3752     4.111
  3.1148    4.0316    4.0366
  3.2938    1.7316    5.3294
  2.6647    2.5974    5.3294
  3.5751    2.5974    4.7668
  -1.437     1.044    6.2526
-0.72544   0.52706    6.4379
 -0.4499    1.3846    6.3349
-0.89828    2.7646    5.8138
0.079838    3.0448    5.7422
 -0.1765      2.25    6.0956
 -2.7646    2.0086    5.5292
 -2.1211    1.5411    5.9478
 -1.8543    2.4164    5.7422
 -1.1797     1.924    6.0956
0.045704    5.6073    3.2872
 0.93002     5.622    3.1269
 0.77426    5.1522    3.8865
-0.34311    4.4732    4.7034
 0.36088    3.9098    5.1801
 0.57569     4.565    4.5912
 -1.7086    5.2586    3.4173
-0.83949    5.4854    3.3846
 -1.0387    4.9266     4.111
-0.15024    5.0924    4.0366
 -4.7034    3.4173    2.9069
 -3.8818    2.8203     4.385
 -3.3329    4.5096    3.2872
  -4.334    3.1489    3.6811
  -4.057    4.0017    3.1269
 -3.6548    3.7131    3.8865
 -2.3517    3.8206    4.7034
 -3.3553    2.4378    5.0049
 -2.5901    2.9509    5.1801
  -3.149    3.3548    4.5912
 -2.5451    4.9312    3.3846
 -2.0555    4.5962     4.111
 -2.8717    4.2082    4.0366
-0.62905    3.6677    5.3294
 -1.6469    3.3369    5.3294
 -1.3656    4.2028    4.7668
  -1.437    -1.044    6.2526
-0.72544  -0.52706    6.4379
 -1.4559  2.2497e-16    6.3349
 -2.9069  4.6694e-16    5.8138
 -2.8711    1.0168    5.7422
 -2.1944   0.52742    6.0956
 -2.7646   -2.0086    5.5292
 -2.1211   -1.5411    5.9478
 -2.8711   -1.0168    5.7422
 -2.1944  -0.52742    6.0956
 -5.3188    1.7762    3.2872
 -5.0595    2.6218    3.1269
 -4.6608    2.3285    3.8865
 -4.3603     1.056    4.7034
 -3.6069    1.5514    5.1801
 -4.1637    1.9582    4.5912
 -5.5292  5.2206e-16    3.4173
 -5.4764   0.89669    3.3846
 -5.0064   0.53458     4.111
 -4.8896    1.4308    4.0366
 -4.7034   -3.4173    2.9069
 -3.8818   -2.8203     4.385
 -5.3188   -1.7762    3.2872
  -4.334   -3.1489    3.6811
 -5.0595   -2.6218    3.1269
 -4.6608   -2.3285    3.8865
 -4.3603    -1.056    4.7034
 -3.3553   -2.4378    5.0049
 -3.6069   -1.5514    5.1801
 -4.1637   -1.9582    4.5912
 -5.4764  -0.89669    3.3846
 -5.0064  -0.53458     4.111
 -4.8896   -1.4308    4.0366
 -3.6825    0.5351    5.3294
 -3.6825   -0.5351    5.3294
  -4.419  4.5007e-16    4.7668
 0.54889   -1.6893    6.2526
 0.27709   -0.8528    6.4379
 -0.4499   -1.3846    6.3349
-0.89828   -2.7646    5.8138
 -1.8543   -2.4164    5.7422
 -1.1797    -1.924    6.0956
   1.056     -3.25    5.5292
 0.81018   -2.4935    5.9478
0.079838   -3.0448    5.7422
 -0.1765     -2.25    6.0956
 -3.3329   -4.5096    3.2872
  -4.057   -4.0017    3.1269
 -3.6548   -3.7131    3.8865
 -2.3517   -3.8206    4.7034
 -2.5901   -2.9509    5.1801
  -3.149   -3.3548    4.5912
 -1.7086   -5.2586    3.4173
 -2.5451   -4.9312    3.3846
 -2.0555   -4.5962     4.111
 -2.8717   -4.2082    4.0366
  1.7966   -5.5292    2.9069
  1.4827   -4.5633     4.385
0.045704   -5.6073    3.2872
  1.6555    -5.095    3.6811
 0.93002    -5.622    3.1269
 0.77426   -5.1522    3.8865
-0.34311   -4.4732    4.7034
  1.2816   -3.9444    5.0049
 0.36088   -3.9098    5.1801
 0.57569    -4.565    4.5912
-0.83949   -5.4854    3.3846
 -1.0387   -4.9266     4.111
-0.15024   -5.0924    4.0366
 -1.6469   -3.3369    5.3294
-0.62905   -3.6677    5.3294
 -1.3656   -4.2028    4.7668
  1.1779  -0.85576    6.3349
  2.3517   -1.7086    5.8138
  2.9204  -0.86496    5.7422
  2.0853  -0.86315    6.0956
  1.7251   -2.5102    5.7422
  1.4653   -1.7165    6.0956
   5.347   -1.6893    3.2872
  5.6343   -0.8528    3.1269
  5.1393  -0.85576    3.8865
  4.1483   -1.7086    4.7034
  3.8299  -0.86496    5.1801
  4.5195  -0.86315    4.5912
  4.4732     -3.25    3.4173
  4.9575   -2.4935    3.3846
  4.3645   -2.5102     4.111
  4.7968   -1.7165    4.0366
  3.2589   -4.5633    3.2872
  2.5521    -5.095    3.1269
   2.402   -4.6233    3.8865
  2.9069   -3.4173    4.7034
  2.0061   -3.3752    5.1801
  2.2175   -4.0316    4.5912
  3.9034   -3.9444    3.3846
  3.7361   -3.3752     4.111
  3.1148   -4.0316    4.0366
  3.2938   -1.7316    5.3294
  2.6647   -2.5974    5.3294
  3.5751   -2.5974    4.7668
  4.7034    3.4173   -2.9069
  3.3329    4.5096   -3.2872
  3.8818    2.8203    -4.385
   4.057    4.0017   -3.1269
   4.334    3.1489   -3.6811
  3.6548    3.7131   -3.8865
  1.7086    5.2586   -3.4173
  2.3517    3.8206   -4.7034
  2.5451    4.9312   -3.3846
  2.0555    4.5962    -4.111
  2.8717    4.2082   -4.0366
  2.7646    2.0086   -5.5292
  3.3553    2.4378   -5.0049
  2.5901    2.9509   -5.1801
   3.149    3.3548   -4.5912
 -1.7966    5.5292   -2.9069
-0.045704    5.6073   -3.2872
 -1.4827    4.5633    -4.385
-0.93002     5.622   -3.1269
 -1.6555     5.095   -3.6811
-0.77426    5.1522   -3.8865
 0.34311    4.4732   -4.7034
 0.83949    5.4854   -3.3846
  1.0387    4.9266    -4.111
 0.15024    5.0924   -4.0366
  -1.056      3.25   -5.5292
 -1.2816    3.9444   -5.0049
-0.36088    3.9098   -5.1801
-0.57569     4.565   -4.5912
       0         0      -6.5
   1.437     1.044   -6.2526
-0.54889    1.6893   -6.2526
 0.72544   0.52706   -6.4379
-0.27709    0.8528   -6.4379
  0.4499    1.3846   -6.3349
 0.89828    2.7646   -5.8138
  2.1211    1.5411   -5.9478
  1.8543    2.4164   -5.7422
  1.1797     1.924   -6.0956
-0.81018    2.4935   -5.9478
-0.079838    3.0448   -5.7422
  0.1765      2.25   -6.0956
  1.3656    4.2028   -4.7668
  1.6469    3.3369   -5.3294
 0.62905    3.6677   -5.3294
 -3.2589    4.5633   -3.2872
 -2.5521     5.095   -3.1269
  -2.402    4.6233   -3.8865
 -4.4732      3.25   -3.4173
 -2.9069    3.4173   -4.7034
 -3.9034    3.9444   -3.3846
 -3.7361    3.3752    -4.111
 -3.1148    4.0316   -4.0366
 -2.0061    3.3752   -5.1801
 -2.2175    4.0316   -4.5912
 -5.8138  7.1198e-16   -2.9069
  -5.347    1.6893   -3.2872
 -4.7981  5.876e-16    -4.385
 -5.6343    0.8528   -3.1269
 -5.3572  6.5607e-16   -3.6811
 -5.1393   0.85576   -3.8865
 -4.1483    1.7086   -4.7034
 -4.9575    2.4935   -3.3846
 -4.3645    2.5102    -4.111
 -4.7968    1.7165   -4.0366
 -3.4173  4.1849e-16   -5.5292
 -4.1473  5.079e-16   -5.0049
 -3.8299   0.86496   -5.1801
 -4.5195   0.86315   -4.5912
 -1.7762  2.1753e-16   -6.2526
-0.89669  1.0981e-16   -6.4379
 -1.1779   0.85576   -6.3349
 -2.3517    1.7086   -5.8138
 -1.7251    2.5102   -5.7422
 -1.4653    1.7165   -6.0956
 -2.6218  3.2108e-16   -5.9478
 -2.9204   0.86496   -5.7422
 -2.0853   0.86315   -6.0956
 -3.5751    2.5974   -4.7668
 -2.6647    2.5974   -5.3294
 -3.2938    1.7316   -5.3294
  -5.347   -1.6893   -3.2872
 -5.6343   -0.8528   -3.1269
 -5.1393  -0.85576   -3.8865
 -4.4732     -3.25   -3.4173
 -4.1483   -1.7086   -4.7034
 -4.9575   -2.4935   -3.3846
 -4.3645   -2.5102    -4.111
 -4.7968   -1.7165   -4.0366
 -3.8299  -0.86496   -5.1801
 -4.5195  -0.86315   -4.5912
 -1.7966   -5.5292   -2.9069
 -3.2589   -4.5633   -3.2872
 -1.4827   -4.5633    -4.385
 -2.5521    -5.095   -3.1269
 -1.6555    -5.095   -3.6811
  -2.402   -4.6233   -3.8865
 -2.9069   -3.4173   -4.7034
 -3.9034   -3.9444   -3.3846
 -3.7361   -3.3752    -4.111
 -3.1148   -4.0316   -4.0366
  -1.056     -3.25   -5.5292
 -1.2816   -3.9444   -5.0049
 -2.0061   -3.3752   -5.1801
 -2.2175   -4.0316   -4.5912
-0.54889   -1.6893   -6.2526
-0.27709   -0.8528   -6.4379
 -1.1779  -0.85576   -6.3349
 -2.3517   -1.7086   -5.8138
 -2.9204  -0.86496   -5.7422
 -2.0853  -0.86315   -6.0956
-0.81018   -2.4935   -5.9478
 -1.7251   -2.5102   -5.7422
 -1.4653   -1.7165   -6.0956
 -3.5751   -2.5974   -4.7668
 -3.2938   -1.7316   -5.3294
 -2.6647   -2.5974   -5.3294
-0.045704   -5.6073   -3.2872
-0.93002    -5.622   -3.1269
-0.77426   -5.1522   -3.8865
  1.7086   -5.2586   -3.4173
 0.34311   -4.4732   -4.7034
 0.83949   -5.4854   -3.3846
  1.0387   -4.9266    -4.111
 0.15024   -5.0924   -4.0366
-0.36088   -3.9098   -5.1801
-0.57569    -4.565   -4.5912
  4.7034   -3.4173   -2.9069
  3.3329   -4.5096   -3.2872
  3.8818   -2.8203    -4.385
   4.057   -4.0017   -3.1269
   4.334   -3.1489   -3.6811
  3.6548   -3.7131   -3.8865
  2.3517   -3.8206   -4.7034
  2.5451   -4.9312   -3.3846
  2.0555   -4.5962    -4.111
  2.8717   -4.2082   -4.0366
  2.7646   -2.0086   -5.5292
  3.3553   -2.4378   -5.0049
  2.5901   -2.9509   -5.1801
   3.149   -3.3548   -4.5912
   1.437    -1.044   -6.2526
 0.72544  -0.52706   -6.4379
  0.4499   -1.3846   -6.3349
 0.89828   -2.7646   -5.8138
-0.079838   -3.0448   -5.7422
  0.1765     -2.25   -6.0956
  2.1211   -1.5411   -5.9478
  1.8543   -2.4164   -5.7422
  1.1797    -1.924   -6.0956
  1.3656   -4.2028   -4.7668
 0.62905   -3.6677   -5.3294
  1.6469   -3.3369   -5.3294
  5.3188    1.7762   -3.2872
  5.0595    2.6218   -3.1269
  4.6608    2.3285   -3.8865
  5.5292         0   -3.4173
  4.3603     1.056   -4.7034
  5.4764   0.89669   -3.3846
  5.0064   0.53458    -4.111
  4.8896    1.4308   -4.0366
  3.6069    1.5514   -5.1801
  4.1637    1.9582   -4.5912
  5.3188   -1.7762   -3.2872
  5.0595   -2.6218   -3.1269
  4.6608   -2.3285   -3.8865
  4.3603    -1.056   -4.7034
  5.4764  -0.89669   -3.3846
  5.0064  -0.53458    -4.111
  4.8896   -1.4308   -4.0366
  3.6069   -1.5514   -5.1801
  4.1637   -1.9582   -4.5912
  1.4559         0   -6.3349
  2.9069         0   -5.8138
  2.8711    1.0168   -5.7422
  2.1944   0.52742   -6.0956
  2.8711   -1.0168   -5.7422
  2.1944  -0.52742   -6.0956
   4.419         0   -4.7668
  3.6825    0.5351   -5.3294
  3.6825   -0.5351   -5.3294
  6.2351     1.044     1.511
  6.0826   0.52706    2.2302
  5.8673    1.3846    2.4306
  5.6017    2.7646    1.7966
  5.1003    3.0448    2.6394
   5.531      2.25    2.5682
  6.1819    2.0086         0
  6.2684    1.5411   0.76277
  5.9652    2.4164   0.90948
  5.9797     1.924    1.6709
  2.9197    5.6073     1.511
  2.3809     5.622    2.2302
    3.13    5.1522    2.4306
  4.3603    4.4732    1.7966
  4.4718    3.9098    2.6394
   3.849     4.565    2.5682
  3.8206    5.2586         0
  3.4027    5.4854   0.76277
  4.1415    4.9266   0.90948
  3.6777    5.0924    1.6709
   5.658    2.8203    -1.511
  4.4307    4.5096    -1.511
  5.2307    3.1489   -2.2302
  4.6111    4.0017   -2.2302
  5.1107    3.7131   -1.5308
  5.2586    3.8206         0
  5.9771    2.4378  -0.76277
  5.7915    2.9509         0
  5.5148    3.3548  -0.76329
  4.1655    4.9312  -0.76277
  4.5962    4.5962         0
  4.8948    4.2082  -0.76329
  5.0481    3.6677    1.8207
  5.5033    3.3369   0.91037
  4.8742    4.2028   0.91037
 0.93382    6.2526     1.511
  1.3784    5.9478    2.2302
 0.49621     6.008    2.4306
-0.89828    6.1819    1.7966
 -1.3197    5.7915    2.6394
 -0.4307    5.9556    2.5682
5.2206e-16       6.5         0
 0.47142    6.4379   0.76277
-0.45474      6.42   0.90948
0.017955    6.2816    1.6709
 -4.4307    4.5096     1.511
 -4.6111    4.0017    2.2302
 -3.9328    4.5689    2.4306
 -2.9069    5.5292    1.7966
 -2.3365    5.4612    2.6394
 -3.1522    5.0713    2.5682
 -3.8206    5.2586         0
 -4.1655    4.9312   0.76277
 -3.4057    5.4612   0.90948
 -3.7067    5.0713    1.6709
-0.93382    6.2526    -1.511
 -2.9197    5.6073    -1.511
 -1.3784    5.9478   -2.2302
 -2.3809     5.622   -2.2302
 -1.9521     6.008   -1.5308
 -2.0086    6.1819         0
-0.47142    6.4379  -0.76277
 -1.0168      6.42         0
 -1.4864    6.2816  -0.76329
 -3.4027    5.4854  -0.76277
 -2.9509    5.7915         0
 -2.4897    5.9556  -0.76329
 -1.9282    5.9344    1.8207
  -1.473    6.2651   0.91037
 -2.4908    5.9344   0.91037
  -5.658    2.8203     1.511
 -5.2307    3.1489    2.2302
 -5.5606    2.3285    2.4306
 -6.1569     1.056    1.7966
 -5.9159   0.53458    2.6394
 -5.7972    1.4308    2.5682
 -6.1819    2.0086         0
 -5.9771    2.4378   0.76277
 -6.2463    1.5514   0.90948
 -5.9686    1.9582    1.6709
  -5.658   -2.8203     1.511
 -5.2307   -3.1489    2.2302
 -5.5606   -2.3285    2.4306
 -6.1569    -1.056    1.7966
 -5.9159  -0.53458    2.6394
 -5.7972   -1.4308    2.5682
 -6.1819   -2.0086         0
 -5.9771   -2.4378   0.76277
 -6.2463   -1.5514   0.90948
 -5.9686   -1.9582    1.6709
 -6.2351     1.044    -1.511
 -6.2351    -1.044    -1.511
 -6.0826   0.52706   -2.2302
 -6.0826  -0.52706   -2.2302
 -6.3172  6.749e-16   -1.5308
    -6.5  9.3389e-16         0
 -6.2684    1.5411  -0.76277
   -6.42    1.0168         0
 -6.4334   0.52742  -0.76329
 -6.2684   -1.5411  -0.76277
   -6.42   -1.0168         0
 -6.4334  -0.52742  -0.76329
 -6.2398  6.751e-16    1.8207
 -6.4136    0.5351   0.91037
 -6.4136   -0.5351   0.91037
 -4.4307   -4.5096     1.511
 -4.6111   -4.0017    2.2302
 -3.9328   -4.5689    2.4306
 -2.9069   -5.5292    1.7966
 -2.3365   -5.4612    2.6394
 -3.1522   -5.0713    2.5682
 -3.8206   -5.2586         0
 -4.1655   -4.9312   0.76277
 -3.4057   -5.4612   0.90948
 -3.7067   -5.0713    1.6709
 0.93382   -6.2526     1.511
  1.3784   -5.9478    2.2302
 0.49621    -6.008    2.4306
-0.89828   -6.1819    1.7966
 -1.3197   -5.7915    2.6394
 -0.4307   -5.9556    2.5682
-1.0441e-15      -6.5         0
 0.47142   -6.4379   0.76277
-0.45474     -6.42   0.90948
0.017955   -6.2816    1.6709
 -2.9197   -5.6073    -1.511
-0.93382   -6.2526    -1.511
 -2.3809    -5.622   -2.2302
 -1.3784   -5.9478   -2.2302
 -1.9521    -6.008   -1.5308
 -2.0086   -6.1819         0
 -3.4027   -5.4854  -0.76277
 -2.9509   -5.7915         0
 -2.4897   -5.9556  -0.76329
-0.47142   -6.4379  -0.76277
 -1.0168     -6.42         0
 -1.4864   -6.2816  -0.76329
 -1.9282   -5.9344    1.8207
 -2.4908   -5.9344   0.91037
  -1.473   -6.2651   0.91037
  6.2351    -1.044     1.511
  6.0826  -0.52706    2.2302
  5.8673   -1.3846    2.4306
  5.6017   -2.7646    1.7966
  5.1003   -3.0448    2.6394
   5.531     -2.25    2.5682
  6.1819   -2.0086         0
  6.2684   -1.5411   0.76277
  5.9652   -2.4164   0.90948
  5.9797    -1.924    1.6709
  2.9197   -5.6073     1.511
  2.3809    -5.622    2.2302
    3.13   -5.1522    2.4306
  4.3603   -4.4732    1.7966
  4.4718   -3.9098    2.6394
   3.849    -4.565    2.5682
  3.8206   -5.2586         0
  3.4027   -5.4854   0.76277
  4.1415   -4.9266   0.90948
  3.6777   -5.0924    1.6709
   5.658   -2.8203    -1.511
  4.4307   -4.5096    -1.511
  5.2307   -3.1489   -2.2302
  4.6111   -4.0017   -2.2302
  5.1107   -3.7131   -1.5308
  5.2586   -3.8206         0
  5.9771   -2.4378  -0.76277
  5.7915   -2.9509         0
  5.5148   -3.3548  -0.76329
  4.1655   -4.9312  -0.76277
  4.5962   -4.5962         0
  4.8948   -4.2082  -0.76329
  5.0481   -3.6677    1.8207
  5.5033   -3.3369   0.91037
  4.8742   -4.2028   0.91037
  1.9521     6.008    1.5308
  2.0086    6.1819         0
  2.9509    5.7915         0
  2.4897    5.9556   0.76329
  1.0168      6.42         0
  1.4864    6.2816   0.76329
  3.9328    4.5689   -2.4306
  2.9069    5.5292   -1.7966
  3.4057    5.4612  -0.90948
  3.7067    5.0713   -1.6709
  2.3365    5.4612   -2.6394
  3.1522    5.0713   -2.5682
-0.49621     6.008   -2.4306
 0.89828    6.1819   -1.7966
 0.45474      6.42  -0.90948
-0.017955    6.2816   -1.6709
  1.3197    5.7915   -2.6394
  0.4307    5.9556   -2.5682
  2.4908    5.9344  -0.91037
   1.473    6.2651  -0.91037
  1.9282    5.9344   -1.8207
 -5.1107    3.7131    1.5308
 -5.2586    3.8206         0
 -4.5962    4.5962         0
 -4.8948    4.2082   0.76329
 -5.7915    2.9509         0
 -5.5148    3.3548   0.76329
   -3.13    5.1522   -2.4306
 -4.3603    4.4732   -1.7966
 -4.1415    4.9266  -0.90948
 -3.6777    5.0924   -1.6709
 -4.4718    3.9098   -2.6394
  -3.849     4.565   -2.5682
 -5.8673    1.3846   -2.4306
 -5.6017    2.7646   -1.7966
 -5.9652    2.4164  -0.90948
 -5.9797     1.924   -1.6709
 -5.1003    3.0448   -2.6394
  -5.531      2.25   -2.5682
 -4.8742    4.2028  -0.91037
 -5.5033    3.3369  -0.91037
 -5.0481    3.6677   -1.8207
 -5.1107   -3.7131    1.5308
 -5.2586   -3.8206         0
 -5.7915   -2.9509         0
 -5.5148   -3.3548   0.76329
 -4.5962   -4.5962         0
 -4.8948   -4.2082   0.76329
 -5.8673   -1.3846   -2.4306
 -5.6017   -2.7646   -1.7966
 -5.9652   -2.4164  -0.90948
 -5.9797    -1.924   -1.6709
 -5.1003   -3.0448   -2.6394
  -5.531     -2.25   -2.5682
   -3.13   -5.1522   -2.4306
 -4.3603   -4.4732   -1.7966
 -4.1415   -4.9266  -0.90948
 -3.6777   -5.0924   -1.6709
 -4.4718   -3.9098   -2.6394
  -3.849    -4.565   -2.5682
 -5.5033   -3.3369  -0.91037
 -4.8742   -4.2028  -0.91037
 -5.0481   -3.6677   -1.8207
  1.9521    -6.008    1.5308
  2.0086   -6.1819         0
  1.0168     -6.42         0
  1.4864   -6.2816   0.76329
  2.9509   -5.7915         0
  2.4897   -5.9556   0.76329
-0.49621    -6.008   -2.4306
 0.89828   -6.1819   -1.7966
 0.45474     -6.42  -0.90948
-0.017955   -6.2816   -1.6709
  1.3197   -5.7915   -2.6394
  0.4307   -5.9556   -2.5682
  3.9328   -4.5689   -2.4306
  2.9069   -5.5292   -1.7966
  3.4057   -5.4612  -0.90948
  3.7067   -5.0713   -1.6709
  2.3365   -5.4612   -2.6394
  3.1522   -5.0713   -2.5682
   1.473   -6.2651  -0.91037
  2.4908   -5.9344  -0.91037
  1.9282   -5.9344   -1.8207
  6.3172  -2.2497e-16    1.5308
     6.5  -4.6694e-16         0
    6.42    1.0168         0
  6.4334   0.52742   0.76329
    6.42   -1.0168         0
  6.4334  -0.52742   0.76329
  5.5606    2.3285   -2.4306
  6.1569     1.056   -1.7966
  6.2463    1.5514  -0.90948
  5.9686    1.9582   -1.6709
  5.9159   0.53458   -2.6394
  5.7972    1.4308   -2.5682
  5.5606   -2.3285   -2.4306
  6.1569    -1.056   -1.7966
  6.2463   -1.5514  -0.90948
  5.9686   -1.9582   -1.6709
  5.9159  -0.53458   -2.6394
  5.7972   -1.4308   -2.5682
  6.4136    0.5351  -0.91037
  6.4136   -0.5351  -0.91037
  6.2398         0   -1.8207
