# Time / Total Energy / Kinetic Temperature
50.2 1409.8024 0.95272543 
50.4 1410.7401 0.93696393 
50.6 1425.6181 1.0456771 
50.8 1431.9597 1.0358902 
51.0 1415.7615 0.91657307 
51.2 1410.2105 0.93381353 
51.4 1395.5932 0.88168033 
51.6 1400.509 0.96332623 
51.8 1403.4094 0.92308833 
52.0 1431.4459 0.89849087 
52.2 1422.4446 0.98718617 
52.4 1454.0401 1.0088114 
52.6 1450.8944 1.0381525 
52.8 1460.8953 1.0490505 
53.0 1478.7457 1.0335175 
53.2 1456.6414 1.0851834 
53.4 1434.7646 0.98208293 
53.6 1434.9104 1.0120061 
53.8 1429.1416 0.9580784 
54.0 1435.4132 0.96441207 
54.2 1423.9582 0.93350847 
54.4 1435.9079 1.0231913 
54.6 1449.3637 0.991199 
54.8 1455.4978 1.0581226 
55.0 1438.1503 0.99976567 
55.2 1441.115 1.0281884 
55.4 1459.6038 1.0070618 
55.6 1435.5426 0.96120763 
55.8 1433.211 0.96336523 
56.0 1422.8108 0.91981543 
56.2 1454.9178 1.0484173 
56.4 1436.2425 0.9907429 
56.6 1464.4663 1.0533395 
56.8 1463.8165 1.0582854 
57.0 1439.5353 1.0215848 
57.2 1446.9794 0.992799 
57.4 1485.421 1.128333 
57.6 1505.1045 1.0858604 
57.8 1514.1703 1.1617006 
58.0 1477.7003 1.0046529 
58.2 1491.1486 1.0114291 
58.4 1488.1136 1.0868029 
58.6 1476.1118 1.0588886 
58.8 1449.7052 1.0068595 
59.0 1464.2379 0.99418163 
59.2 1462.862 1.085479 
59.4 1474.7433 1.0467458 
59.6 1452.08 1.0452958 
59.8 1453.3649 1.0073197 
60.0 1456.2834 1.0055047 
60.2 1484.3239 1.1008344 
60.4 1490.8061 1.1307711 
60.6 1491.5061 1.1756127 
60.8 1457.1842 1.0464894 
61.0 1449.4316 1.0055871 
61.2 1460.9338 1.061979 
61.4 1452.1595 1.0326737 
61.6 1448.1383 1.0345695 
61.8 1427.8859 0.91375253 
62.0 1431.3 0.97902123 
62.2 1444.5756 1.0180777 
62.4 1437.1576 0.9800792 
62.6 1440.3583 1.0333483 
62.8 1424.4864 0.97249367 
63.0 1422.9511 0.99703037 
63.2 1434.0197 1.0509755 
63.4 1434.3345 0.97876487 
63.6 1425.5905 1.0145121 
63.8 1450.5921 1.0255893 
64.0 1438.5581 1.0410274 
64.2 1439.3895 1.0503843 
64.4 1453.0452 1.0161947 
64.6 1430.5491 1.0306382 
64.8 1438.5706 1.0019227 
65.0 1446.1616 1.0567075 
65.2 1460.4068 1.1156914 
65.4 1456.9485 1.0743393 
65.6 1472.0441 1.1056472 
65.8 1486.355 1.1396161 
66.0 1494.4156 1.1789795 
66.2 1473.8569 1.0794473 
66.4 1458.6856 1.0847552 
66.6 1465.9108 1.0482093 
66.8 1429.8645 0.9873727 
67.0 1435.5352 0.99204577 
67.2 1418.688 0.94972527 
67.4 1421.2159 0.92132783 
67.6 1430.6645 0.98723203 
67.8 1420.4948 0.93666447 
68.0 1442.7056 0.99789047 
68.2 1453.8945 0.96916193 
68.4 1471.1288 1.0493701 
68.6 1462.5112 1.0053847 
68.8 1458.2863 0.9869872 
69.0 1472.9829 1.073902 
69.2 1477.7978 1.0266682 
69.4 1478.952 1.0715462 
69.6 1468.4043 1.0584559 
69.8 1452.2915 1.0462235 
70.0 1453.7511 0.97979857 
70.2 1450.1249 1.0437469 
70.4 1456.7492 1.0379052 
70.6 1453.7239 1.0324956 
70.8 1430.368 0.9112402 
71.0 1459.6849 1.0101526 
71.2 1442.5749 1.0033719 
71.4 1465.5697 1.0213825 
71.6 1473.9957 1.0168017 
71.8 1474.415 1.0918104 
72.0 1448.8931 1.0390051 
72.2 1465.231 1.0265982 
72.4 1455.6891 1.04593 
72.6 1450.432 0.97684523 
72.8 1457.6145 1.0414049 
73.0 1465.2796 1.0450621 
73.2 1470.0982 1.1383569 
73.4 1430.2615 0.9930393 
73.6 1416.2531 0.91011533 
73.8 1427.4466 0.93063743 
74.0 1429.4406 0.9574011 
74.2 1451.855 1.0817259 
74.4 1447.0872 1.0962107 
74.6 1432.3196 0.94260103 
74.8 1414.3526 0.9338319 
75.0 1401.8873 0.894947 
75.2 1426.5628 0.9763745 
75.4 1439.5153 1.0092623 
75.6 1428.6525 0.98720173 
75.8 1440.577 1.0447831 
76.0 1416.7578 0.88394943 
76.2 1420.7684 0.9933083 
76.4 1432.5204 1.0334016 
76.6 1432.5061 1.0190836 
76.8 1443.9231 1.0002878 
77.0 1452.3301 1.0457717 
77.2 1465.3501 1.0515034 
77.4 1490.8592 1.0608362 
77.6 1477.2038 1.0763076 
77.8 1471.8975 1.0972386 
78.0 1437.7083 0.9921283 
78.2 1445.2237 0.97644933 
78.4 1438.2227 1.0157558 
78.6 1427.8548 0.94680467 
78.8 1438.6341 1.0616051 
79.0 1440.0562 1.0381469 
79.2 1440.0784 0.9887577 
79.4 1442.4113 1.0324287 
79.6 1422.3216 1.0388937 
79.8 1408.2299 0.92182307 
80.0 1403.702 1.0189171 
80.2 1411.6166 0.9289519 
80.4 1407.0509 0.89223097 
80.6 1418.7717 0.9553954 
80.8 1431.1238 0.94384783 
81.0 1429.6458 1.029159 
81.2 1431.2138 0.92074477 
81.4 1437.6275 1.0126382 
81.6 1446.4683 1.0583976 
81.8 1446.6644 0.9897312 
82.0 1470.9699 1.0292026 
82.2 1424.0833 0.93310393 
82.4 1410.7163 0.97775503 
82.6 1424.2465 1.0146181 
82.8 1440.2853 0.97044843 
83.0 1432.2015 0.98335613 
83.2 1432.4925 1.032569 
83.4 1427.2017 1.0081734 
83.6 1435.7252 1.0223339 
83.8 1450.591 1.0100631 
84.0 1464.5121 1.1310906 
84.2 1443.2991 1.0757687 
84.4 1441.4085 0.9648797 
84.6 1435.9503 0.94522897 
84.8 1457.5342 1.0342494 
85.0 1421.6039 1.0169044 
85.2 1443.2746 1.0355178 
85.4 1441.6417 0.99695407 
85.6 1456.0952 1.0372651 
85.8 1470.6305 1.0912126 
86.0 1485.5824 1.0699558 
86.2 1498.6481 1.1713556 
86.4 1488.0692 1.098975 
86.6 1465.6919 1.0897635 
86.8 1435.5315 1.0047268 
87.0 1428.2784 1.0390088 
87.2 1405.9707 0.9510088 
87.4 1416.1222 1.0205164 
87.6 1427.7611 0.987889 
87.8 1449.5491 0.99318503 
88.0 1450.5505 1.0776641 
88.2 1457.7072 1.0467451 
88.4 1477.6821 1.100377 
88.6 1492.086 1.1028997 
88.8 1450.6915 0.97203993 
89.0 1459.4894 1.0622544 
89.2 1444.0459 1.0292573 
89.4 1455.4514 1.0161915 
89.6 1467.2867 1.0774735 
89.8 1436.4498 0.9694754 
90.0 1420.0428 0.9927375 
90.2 1441.0309 0.99602873 
90.4 1425.6373 0.9747637 
90.6 1435.3212 0.97918797 
90.8 1428.7296 1.0100229 
91.0 1416.0876 0.93741823 
91.2 1450.2899 1.0207114 
91.4 1421.066 1.034394 
91.6 1416.284 1.0038047 
91.8 1418.4949 0.93456467 
92.0 1428.7964 1.0099351 
92.2 1439.9934 1.0316168 
92.4 1438.08 0.9895779 
92.6 1450.8283 0.9956834 
92.8 1458.5224 1.0690811 
93.0 1470.9584 1.1157326 
93.2 1450.4791 1.078331 
93.4 1451.3803 1.0679023 
93.6 1416.4275 0.987904 
93.8 1427.4942 0.9832942 
94.0 1439.8235 1.0363531 
94.2 1437.9778 1.0189988 
94.4 1425.8258 1.0227244 
94.6 1422.7367 1.013547 
94.8 1406.7751 0.92997993 
95.0 1418.6777 0.96116527 
95.2 1426.86 0.9461868 
95.4 1438.3401 1.0949215 
95.6 1446.6562 1.0156797 
95.8 1436.6251 1.0059127 
96.0 1442.6903 1.0328505 
96.2 1423.3356 0.92504447 
96.4 1419.3868 0.9680518 
96.6 1403.2601 0.93391463 
96.8 1422.619 0.97930537 
97.0 1436.541 1.0502612 
97.2 1441.3927 0.96172037 
97.4 1457.8989 1.0348076 
97.6 1454.9565 1.0445672 
97.8 1441.8951 0.97730803 
98.0 1451.9787 1.0050576 
98.2 1431.7973 1.0075771 
98.4 1429.0261 0.9808351 
98.6 1393.2835 0.8777373 
98.8 1409.958 0.91929403 
99.0 1437.8058 1.0216071 
99.2 1414.5283 0.96600367 
99.4 1431.0172 0.98104247 
99.6 1439.3807 0.98035173 
99.8 1421.4949 1.0096194 
100.0 1427.1146 0.97622153 
100.2 1456.7204 0.99488007 
100.4 1412.621 0.88592403 
100.6 1422.0964 0.96779977 
100.8 1416.7517 0.94766113 
101.0 1425.3795 0.98344653 
101.2 1400.8501 0.96266277 
101.4 1402.9271 0.90083037 
101.6 1413.3848 0.99134153 
101.8 1417.8211 0.93704763 
102.0 1425.1825 0.96583087 
102.2 1429.7396 0.99313443 
102.4 1444.0212 0.99340177 
102.6 1447.1546 1.0419131 
102.8 1432.3825 1.0455496 
103.0 1431.0777 0.98889707 
103.2 1446.4691 0.99209097 
103.4 1443.4362 1.0011586 
103.6 1437.5768 1.0036305 
103.8 1430.8089 1.0325774 
104.0 1431.4213 0.97775017 
104.2 1431.9565 1.0426578 
104.4 1436.8781 1.0002074 
104.6 1437.5263 1.0191955 
104.8 1426.7151 0.9624684 
105.0 1443.2392 1.0100224 
105.2 1438.9352 0.96844037 
105.4 1431.0652 1.002383 
105.6 1445.3832 1.0213475 
105.8 1453.312 1.0029681 
106.0 1452.502 0.99122397 
106.2 1438.5576 1.0317759 
106.4 1438.3448 1.0498185 
106.6 1438.0709 0.98365377 
106.8 1427.7016 1.0214743 
107.0 1418.701 0.92272437 
107.2 1414.2386 0.971456 
107.4 1430.2445 1.0260749 
107.6 1441.194 1.0526259 
107.8 1426.025 0.99620233 
108.0 1418.0913 1.0177167 
108.2 1410.0382 0.9490261 
108.4 1409.992 0.95203007 
108.6 1409.3137 0.95261843 
108.8 1402.9021 0.9439936 
109.0 1410.0503 1.0094853 
109.2 1403.0813 0.92336763 
109.4 1398.1554 0.91957357 
109.6 1420.1989 0.92596643 
109.8 1397.4362 0.88501087 
110.0 1401.142 0.8757921 
110.2 1446.274 1.0108627 
110.4 1450.5902 0.99581617 
110.6 1463.194 1.0589356 
110.8 1452.8205 0.9771694 
111.0 1453.4098 1.0419932 
111.2 1478.8929 1.1377011 
111.4 1505.6551 1.1558754 
111.6 1506.1907 1.1473845 
111.8 1488.3818 1.144806 
112.0 1482.8061 1.0725461 
112.2 1486.0364 1.0531692 
112.4 1496.5323 1.1052606 
112.6 1466.9957 1.0911396 
112.8 1453.4923 1.0212524 
113.0 1440.4103 0.88455543 
113.2 1449.9865 0.98669267 
113.4 1448.0927 1.0193409 
113.6 1433.8182 0.94654753 
113.8 1451.8454 1.0788959 
114.0 1460.6819 1.000533 
114.2 1452.7758 1.0486143 
114.4 1453.8166 1.0197202 
114.6 1437.2614 1.0333115 
114.8 1436.4379 1.0156158 
115.0 1448.5991 1.0568926 
115.2 1446.0565 1.0000094 
115.4 1438.2833 1.0287231 
115.6 1431.1812 0.9538852 
115.8 1425.1504 0.92024753 
116.0 1432.4929 0.933151 
116.2 1433.6055 0.9653716 
116.4 1472.6388 1.0820991 
116.6 1459.1575 1.0521714 
116.8 1447.7811 1.0331025 
117.0 1458.248 1.0811969 
117.2 1493.6851 1.1462932 
117.4 1476.682 1.0838978 
117.6 1453.8985 1.0552352 
117.8 1446.8303 1.0136255 
118.0 1430.2908 0.9271745 
118.2 1422.7238 0.95866313 
118.4 1431.4489 1.0155264 
118.6 1458.614 1.0997001 
118.8 1443.3998 1.0363415 
119.0 1448.7692 0.9994577 
119.2 1447.2944 1.0226322 
119.4 1443.346 1.0135468 
119.6 1425.1688 0.9862613 
119.8 1426.0512 0.92884327 
120.0 1429.1527 1.0068347 
120.2 1444.9668 1.0652413 
120.4 1438.2472 0.9792422 
120.6 1420.4764 0.89322443 
120.8 1430.8922 0.96326213 
121.0 1435.6579 0.9754769 
121.2 1421.3831 0.88009553 
121.4 1419.518 0.94034667 
121.6 1404.8716 0.94344723 
121.8 1401.768 0.89464343 
122.0 1423.0909 0.98870037 
122.2 1431.3389 1.0419319 
122.4 1421.3292 0.99884447 
122.6 1438.3734 1.0491585 
122.8 1427.6987 0.95825957 
123.0 1433.3667 0.97139457 
123.2 1434.7017 0.9862348 
123.4 1449.7924 0.9941092 
123.6 1468.6118 1.0714412 
123.8 1429.7123 0.95808207 
124.0 1421.8099 0.93308053 
124.2 1433.2686 1.0353522 
124.4 1462.499 1.0208284 
124.6 1460.8058 1.0964145 
124.8 1473.3887 1.0269183 
125.0 1476.7636 1.0779951 
125.2 1460.0216 0.98822983 
125.4 1466.7053 1.1238392 
125.6 1453.8001 1.0230183 
125.8 1447.4856 0.98932723 
126.0 1467.3589 1.1119818 
126.2 1438.7948 1.0477105 
126.4 1439.3412 1.0336443 
126.6 1441.5021 1.0545832 
126.8 1427.7647 1.0294113 
127.0 1437.8572 1.0459493 
127.2 1422.3255 0.96796243 
127.4 1412.3481 0.9918794 
127.6 1418.2945 0.97586267 
127.8 1421.0746 1.0324463 
128.0 1453.4114 1.0796692 
128.2 1457.4593 1.0860963 
128.4 1452.8467 1.0829605 
128.6 1450.5879 1.0711935 
128.8 1433.3446 1.047053 
129.0 1440.9066 1.0229198 
129.2 1434.2853 1.0315711 
129.4 1435.0305 1.0384184 
129.6 1445.5093 1.0396881 
129.8 1437.2093 1.0447033 
130.0 1445.5412 1.0461384 
130.2 1473.278 1.0768193 
130.4 1464.5337 1.0338663 
130.6 1443.2155 1.0186435 
130.8 1449.5579 1.0188482 
131.0 1452.9358 1.049395 
131.2 1437.9943 1.031869 
131.4 1439.9406 0.9951745 
131.6 1457.545 1.0547705 
131.8 1461.3671 1.0519816 
132.0 1445.6031 0.96347773 
132.2 1438.3474 0.97914047 
132.4 1427.3742 0.92723677 
132.6 1436.5108 1.0286145 
132.8 1423.6161 0.9782362 
133.0 1413.2905 0.96239063 
133.2 1436.9674 0.94897017 
133.4 1431.064 1.0323317 
133.6 1412.2061 0.93582347 
133.8 1409.3078 0.94076773 
134.0 1416.8715 0.9766702 
134.2 1439.3627 0.98152693 
134.4 1458.0877 1.0290365 
134.6 1472.0597 1.0751071 
134.8 1456.82 0.9865404 
135.0 1439.0899 0.99305377 
135.2 1467.5979 1.0529106 
135.4 1466.454 1.1731287 
135.6 1472.1157 1.0951587 
135.8 1470.9484 1.0421939 
136.0 1472.2928 1.0676542 
136.2 1468.6243 1.0156312 
136.4 1475.964 1.1076702 
136.6 1479.1706 1.0891621 
136.8 1470.29 1.0537406 
137.0 1467.3995 1.0234664 
137.2 1464.1516 1.0466395 
137.4 1472.3553 1.1358074 
137.6 1460.7168 0.99453677 
137.8 1467.9471 1.0723706 
138.0 1460.5566 1.0194848 
138.2 1469.6995 1.0607645 
138.4 1479.207 1.1454344 
138.6 1503.4445 1.1389354 
138.8 1503.8358 1.1778346 
139.0 1464.1677 1.1539251 
139.2 1444.1396 1.0473685 
139.4 1420.1128 0.97062263 
139.6 1435.2897 0.98335773 
139.8 1452.5073 1.0542728 
140.0 1481.4285 1.1042138 
140.2 1491.4708 1.1325829 
140.4 1471.1397 1.0737267 
140.6 1470.2345 1.0800663 
140.8 1474.7677 1.0545027 
141.0 1474.5137 1.0093205 
141.2 1466.3969 1.047822 
141.4 1471.7857 1.0325359 
141.6 1460.7819 1.0678173 
141.8 1446.7713 1.0331232 
142.0 1432.8339 1.0607993 
142.2 1429.7829 0.98268633 
142.4 1411.7004 0.93267077 
142.6 1427.6539 0.97063023 
142.8 1422.7374 0.98260113 
143.0 1392.0886 0.88829357 
143.2 1426.9 1.0418775 
143.4 1422.9475 0.92892973 
143.6 1420.4002 0.91282423 
143.8 1416.8025 0.95082637 
144.0 1415.3324 0.98494987 
144.2 1405.6663 0.96881003 
144.4 1416.6101 0.89933573 
144.6 1421.9344 1.0118019 
144.8 1403.3996 0.9148734 
145.0 1420.2972 0.9775565 
145.2 1419.463 1.0023478 
145.4 1425.9258 0.953084 
145.6 1419.4554 0.95845683 
145.8 1421.724 0.9365738 
146.0 1431.985 0.9335916 
146.2 1450.6602 1.042266 
146.4 1419.394 1.0160626 
146.6 1402.0896 0.90368073 
146.8 1391.1434 0.8623119 
147.0 1401.6258 0.92243143 
147.2 1408.6098 0.9318241 
147.4 1402.769 0.95434753 
147.6 1420.1747 0.96961987 
147.8 1420.7033 1.008094 
148.0 1426.5919 0.9491854 
148.2 1427.6487 0.9809525 
148.4 1432.5589 1.0563631 
148.6 1435.948 0.9732696 
148.8 1463.0731 1.0259377 
149.0 1459.1529 1.0536982 
149.2 1443.4337 1.0577163 
149.4 1432.6339 0.92901733 
149.6 1446.5545 1.0255726 
149.8 1451.8443 0.9691356 
150.0 1431.8262 0.98330633 
150.2 1425.2509 1.0361579 
150.4 1402.2162 0.92289173 
150.6 1410.6536 0.89767097 
150.8 1394.1463 0.91923343 
151.0 1391.3067 0.8954722 
151.2 1388.1448 0.956314 
151.4 1392.0263 0.89331667 
151.6 1412.6793 0.9883609 
151.8 1425.3609 1.0024613 
152.0 1427.1369 1.0099853 
152.2 1417.3864 1.0020112 
152.4 1422.8886 0.91534867 
152.6 1423.718 0.97818473 
152.8 1415.0572 0.94996293 
153.0 1422.1226 0.99497377 
153.2 1418.715 0.93562793 
153.4 1400.4302 0.83549897 
153.6 1407.086 0.91850423 
153.8 1392.8966 0.88435573 
154.0 1400.3393 0.90102253 
154.2 1407.9791 0.92492083 
154.4 1410.6203 0.95141347 
154.6 1435.7999 0.95305587 
154.8 1424.2622 0.99828537 
155.0 1414.5236 0.98765523 
155.2 1412.3115 0.88615643 
155.4 1439.8894 1.0567101 
155.6 1430.424 0.99023147 
155.8 1422.3192 0.98998047 
156.0 1423.3678 0.97222723 
156.2 1412.6099 0.9608263 
156.4 1432.4498 1.0285628 
156.6 1413.6902 0.9709132 
156.8 1440.56 1.0184027 
157.0 1444.3273 1.0304762 
157.2 1450.9917 0.9841444 
157.4 1470.2681 1.0854256 
157.6 1459.4161 1.0363473 
157.8 1457.225 1.1175901 
158.0 1450.8047 1.0199 
158.2 1444.8542 1.0551406 
158.4 1427.0409 1.0720918 
158.6 1429.0607 1.0256462 
158.8 1451.4329 1.0509165 
159.0 1453.9148 1.0672684 
159.2 1445.0749 1.0415845 
159.4 1422.7373 1.037886 
159.6 1436.9845 0.9511401 
159.8 1443.0074 1.1036559 
160.0 1430.694 0.99110657 
160.2 1445.9934 0.96904953 
160.4 1450.5004 1.0771604 
160.6 1444.7786 1.0055042 
160.8 1451.5703 1.0607853 
161.0 1447.472 0.98581707 
161.2 1438.226 0.95942883 
161.4 1441.2932 0.97570207 
161.6 1433.0923 1.0194617 
161.8 1453.0411 1.0325871 
162.0 1448.2904 1.0416699 
162.2 1450.0971 1.0134121 
162.4 1424.8298 0.93471557 
162.6 1417.0898 0.98641383 
162.8 1439.5601 1.0175648 
163.0 1439.7294 0.96640363 
163.2 1447.3115 0.962429 
163.4 1452.2271 1.0015395 
163.6 1452.5866 0.99417303 
163.8 1439.4774 1.0432404 
164.0 1461.2172 1.042633 
164.2 1459.7813 1.0487552 
164.4 1454.2414 1.0192303 
164.6 1462.6186 1.0664988 
164.8 1470.7987 1.0818443 
165.0 1497.1693 1.1665808 
165.2 1509.8261 1.1982693 
165.4 1510.612 1.1254069 
165.6 1480.6365 1.1089202 
165.8 1459.0242 1.0329045 
166.0 1449.5519 0.9656615 
166.2 1428.7129 0.98969687 
166.4 1420.7237 0.94619633 
166.6 1422.7383 0.96893223 
166.8 1395.7521 0.88821277 
167.0 1425.0797 0.99245933 
167.2 1428.2267 0.97959413 
167.4 1428.7006 0.9825592 
167.6 1420.0209 0.89680187 
167.8 1417.6533 0.92770597 
168.0 1412.1838 0.95329717 
168.2 1409.0842 0.95414017 
168.4 1416.3252 0.93377967 
168.6 1403.3215 0.93711177 
168.8 1400.1571 0.9314216 
169.0 1396.8465 0.86322473 
169.2 1395.5727 0.93508797 
169.4 1382.6667 0.83539483 
169.6 1374.0749 0.90177877 
169.8 1381.6759 0.90386467 
170.0 1407.231 0.93126337 
170.2 1407.1572 0.96663263 
170.4 1401.6452 0.93400407 
170.6 1405.9965 0.9814085 
170.8 1415.7047 0.90746177 
171.0 1403.6975 0.9282311 
171.2 1416.6493 0.9612937 
171.4 1413.2948 0.943752 
171.6 1427.6203 0.9511364 
171.8 1437.9739 1.0067156 
172.0 1423.4501 1.0328122 
172.2 1418.352 1.020627 
172.4 1418.251 0.99007157 
172.6 1421.9376 0.96224187 
172.8 1448.9568 1.0252039 
173.0 1455.1875 1.0257843 
173.2 1439.8356 1.058766 
173.4 1423.7942 0.98995297 
173.6 1444.4274 1.0533863 
173.8 1423.5936 0.92179847 
174.0 1418.2655 0.9670821 
174.2 1416.9968 0.98506837 
174.4 1422.5836 0.93193677 
174.6 1419.4445 0.981807 
174.8 1438.5982 0.9927815 
175.0 1423.0892 0.95254087 
175.2 1427.8832 0.91104977 
175.4 1429.9673 0.95164013 
175.6 1427.3061 0.92993057 
175.8 1423.6538 0.992025 
176.0 1441.264 0.95548677 
176.2 1449.3623 1.0238443 
176.4 1478.437 1.1276967 
176.6 1481.931 1.1438202 
176.8 1466.5162 1.0554973 
177.0 1450.7619 1.0341757 
177.2 1449.7042 1.0650091 
177.4 1457.1767 1.0120029 
177.6 1442.6553 1.031077 
177.8 1437.3352 0.93932763 
178.0 1449.743 1.0871058 
178.2 1448.2014 1.0059997 
178.4 1468.5944 1.0336249 
178.6 1483.9181 1.0905057 
178.8 1461.5677 1.0869612 
179.0 1456.0344 1.0213192 
179.2 1455.6349 1.0748189 
179.4 1445.3358 0.96643337 
179.6 1459.9351 1.0529573 
179.8 1431.2995 0.96679683 
180.0 1437.0275 0.9722398 
180.2 1444.3817 1.0230379 
180.4 1434.9754 1.0237317 
180.6 1423.9795 1.0364567 
180.8 1429.5614 0.93238003 
181.0 1443.7241 1.0506602 
181.2 1449.1288 0.97123923 
181.4 1437.4298 0.99961533 
181.6 1448.5516 1.0163735 
181.8 1422.1423 1.0419323 
182.0 1415.8624 0.95417383 
182.2 1450.5431 1.0680447 
182.4 1438.6507 0.9670577 
182.6 1445.5516 1.0299485 
182.8 1434.6762 0.9739998 
183.0 1422.3966 0.92724063 
183.2 1412.954 0.92715067 
183.4 1424.9351 0.9736012 
183.6 1439.3897 1.0029434 
183.8 1444.6868 0.99799817 
184.0 1439.4362 1.0260391 
184.2 1412.1682 0.93882527 
184.4 1431.282 0.95792833 
184.6 1422.1497 0.97058547 
184.8 1432.4973 0.9847745 
185.0 1435.2299 1.0085265 
185.2 1441.3456 1.0373514 
185.4 1436.3359 1.0422007 
185.6 1439.1935 1.0233068 
185.8 1433.6919 1.0218141 
186.0 1435.9515 1.0233632 
186.2 1420.8095 1.0270631 
186.4 1454.2451 1.118489 
186.6 1454.6778 1.0387366 
186.8 1443.31 0.99002577 
187.0 1431.782 1.0258079 
187.2 1432.6411 1.0987299 
187.4 1441.0339 1.0012182 
187.6 1441.4853 1.0633967 
187.8 1421.7955 0.96401013 
188.0 1414.404 0.9903217 
188.2 1400.2154 0.9512767 
188.4 1389.5043 0.93808033 
188.6 1390.7075 0.9204376 
188.8 1408.1774 0.9890051 
189.0 1414.6379 1.0199355 
189.2 1384.119 0.89665787 
189.4 1412.0854 0.9487736 
189.6 1408.7148 0.98100433 
189.8 1412.0803 0.8836785 
190.0 1429.1914 1.0052634 
190.2 1441.7179 1.032463 
190.4 1433.9622 0.99591553 
190.6 1433.4828 1.0091942 
190.8 1427.5311 1.0175541 
191.0 1421.2213 0.9153002 
191.2 1412.126 0.89125047 
191.4 1402.3841 0.93987823 
191.6 1393.4316 0.9370768 
191.8 1416.0336 0.933212 
192.0 1449.6805 1.081128 
192.2 1435.2389 0.95319287 
192.4 1445.5515 1.0409005 
192.6 1423.8787 0.93933467 
192.8 1437.4511 0.97544913 
193.0 1465.3729 1.0724702 
193.2 1462.6917 0.96237507 
193.4 1453.5461 0.96047913 
193.6 1462.6501 1.0052707 
193.8 1441.9981 1.005867 
194.0 1429.0685 0.96490783 
194.2 1415.4519 0.93153103 
194.4 1442.4711 1.0655785 
194.6 1449.9367 1.0657482 
194.8 1440.4008 0.9377631 
195.0 1447.0529 1.0256051 
195.2 1449.374 0.98678797 
195.4 1449.2799 1.0763257 
195.6 1428.1072 1.0113389 
195.8 1437.4297 1.0434755 
196.0 1452.6222 1.0764637 
196.2 1443.8832 0.9969246 
196.4 1429.2478 0.9992692 
196.6 1434.043 0.9736461 
196.8 1436.9191 1.0439672 
197.0 1434.571 1.0313421 
197.2 1412.9213 0.89764423 
197.4 1422.3586 0.97072583 
197.6 1422.247 0.9880481 
197.8 1418.8861 0.92958003 
198.0 1423.4793 1.002482 
198.2 1448.7324 1.0257996 
198.4 1447.7155 1.0580817 
198.6 1457.0579 1.0890195 
198.8 1443.5242 1.0133351 
199.0 1438.2861 0.96480653 
199.2 1436.3872 0.93683487 
199.4 1465.1843 1.0528855 
199.6 1442.0661 1.0158125 
199.8 1461.9727 1.0516888 
200.0 1414.4079 0.9660587 
200.2 1425.3066 1.0257741 
200.4 1417.9218 0.94254787 
200.6 1418.3961 0.9888057 
200.8 1425.4997 0.95539647 
201.0 1439.7563 1.0314492 
201.2 1437.5259 1.041838 
201.4 1454.9295 1.0323984 
201.6 1439.0007 1.0006987 
201.8 1452.1551 1.0001051 
202.0 1467.0531 1.0778172 
202.2 1443.2646 0.98609617 
202.4 1450.2219 0.97753167 
202.6 1421.8599 0.94344503 
202.8 1433.3575 0.9736589 
203.0 1463.6112 1.0506346 
203.2 1444.7248 1.0231956 
203.4 1423.7342 0.9586186 
203.6 1419.7073 0.93949677 
203.8 1452.5329 0.96160697 
204.0 1458.5719 1.0642718 
204.2 1471.3294 0.98827273 
204.4 1457.1134 1.0907893 
204.6 1454.531 1.0436296 
204.8 1448.2051 0.99642917 
205.0 1432.6298 0.9789051 
205.2 1475.6085 1.0143996 
205.4 1472.0287 1.1086875 
205.6 1463.2254 1.0740757 
205.8 1474.1359 1.1196893 
206.0 1482.5656 1.0993017 
206.2 1455.2979 1.0018404 
206.4 1463.0119 1.0350317 
206.6 1481.1657 1.1045531 
206.8 1455.8442 1.0638087 
207.0 1471.2999 1.089479 
207.2 1443.1622 1.0197227 
207.4 1446.6718 1.0023563 
207.6 1439.8674 0.98434493 
207.8 1441.5653 0.99587563 
208.0 1448.8006 1.0341919 
208.2 1440.3543 0.9417586 
208.4 1448.4903 1.0000034 
208.6 1456.7888 0.9931914 
208.8 1446.5407 0.92759077 
209.0 1455.1107 0.97493653 
209.2 1460.3117 0.99243203 
209.4 1451.1007 1.008647 
209.6 1454.784 1.0092023 
209.8 1463.8746 1.0557457 
210.0 1438.9133 1.0261258 
210.2 1442.536 0.961884 
210.4 1430.3107 1.0317652 
210.6 1419.0136 0.91972307 
210.8 1439.3516 0.9780213 
211.0 1429.8043 0.95442303 
211.2 1460.4331 1.0060388 
211.4 1461.6295 0.987885 
211.6 1439.2139 0.96320943 
211.8 1433.9204 0.99303277 
212.0 1424.6968 0.91758093 
212.2 1430.7043 0.9702389 
212.4 1419.7159 0.93566947 
212.6 1414.5267 0.8869874 
212.8 1412.5348 0.91182927 
213.0 1437.6749 0.96295563 
213.2 1435.1771 0.93319533 
213.4 1432.0803 0.96019837 
213.6 1442.9801 0.9584209 
213.8 1437.9245 0.95072623 
214.0 1441.0785 1.0363442 
214.2 1466.5585 1.0241411 
214.4 1433.2314 0.96384097 
214.6 1423.705 0.92046547 
214.8 1416.688 0.96671617 
215.0 1418.011 0.95317143 
215.2 1456.5469 1.0478002 
215.4 1462.6961 1.067166 
215.6 1461.2711 1.0865871 
215.8 1433.8918 0.94144493 
216.0 1436.9251 0.94178397 
216.2 1455.7142 1.0328557 
216.4 1461.2149 0.97959893 
216.6 1446.1695 1.0334212 
216.8 1428.8731 0.97159137 
217.0 1402.3206 0.94656373 
217.2 1403.1466 0.89974177 
217.4 1405.9957 0.89934337 
217.6 1411.1084 0.90840633 
217.8 1428.1875 1.0406949 
218.0 1441.7298 0.99732933 
218.2 1439.0364 0.9661014 
218.4 1445.9883 0.98073973 
218.6 1430.8788 0.97742777 
218.8 1419.5371 0.98650227 
219.0 1413.3944 0.9351938 
219.2 1413.7372 0.952176 
219.4 1437.1546 1.0200779 
219.6 1409.1991 0.9159621 
219.8 1424.2873 0.95546257 
220.0 1421.5473 0.9751584 
220.2 1407.6307 0.93841933 
220.4 1421.8545 0.99996623 
220.6 1421.6208 0.9215533 
220.8 1404.1379 0.95217467 
221.0 1420.6683 0.99121317 
221.2 1429.5033 0.99143513 
221.4 1464.987 1.0980477 
221.6 1454.9083 1.0313696 
221.8 1468.881 1.071928 
222.0 1468.6714 1.0536875 
222.2 1456.669 1.0889046 
222.4 1422.6703 0.99000893 
222.6 1411.8972 0.93426223 
222.8 1420.1009 0.9289259 
223.0 1438.9031 0.97351473 
223.2 1434.458 0.92835987 
223.4 1425.9253 0.99368363 
223.6 1421.2575 0.98865097 
223.8 1419.1704 0.93980197 
224.0 1434.318 0.88014847 
224.2 1432.268 0.9648246 
224.4 1427.2876 0.90441097 
224.6 1426.736 0.93239647 
224.8 1428.2575 1.0332852 
225.0 1429.293 0.9863041 
225.2 1439.4687 1.0102844 
225.4 1448.0584 0.9751701 
225.6 1427.5879 0.94073147 
225.8 1408.124 0.90497913 
226.0 1432.4424 1.0062144 
226.2 1426.4322 0.90244127 
226.4 1428.2602 0.94368057 
226.6 1416.2322 1.0377063 
226.8 1436.226 1.023035 
227.0 1442.3756 1.0767263 
227.2 1444.3559 1.0174282 
227.4 1435.6088 1.0204668 
227.6 1452.9721 1.0347511 
227.8 1439.1286 0.97162353 
228.0 1414.4564 0.9581515 
228.2 1411.506 0.92430603 
228.4 1426.6738 0.97874443 
228.6 1414.9464 0.95583087 
228.8 1402.2725 0.92874773 
229.0 1422.3731 0.98405737 
229.2 1437.9267 0.9769187 
229.4 1446.3504 1.0803687 
229.6 1439.8718 1.0111115 
229.8 1428.6276 1.0033312 
230.0 1442.6181 1.0473887 
230.2 1452.2711 1.0164468 
230.4 1429.925 0.98645853 
230.6 1414.3687 0.89835853 
230.8 1430.9978 0.9679978 
231.0 1440.9775 0.98829623 
231.2 1433.1272 0.9357843 
231.4 1432.5832 0.9681219 
231.6 1455.0284 0.98317533 
231.8 1479.8095 1.1194674 
232.0 1493.5937 1.0879169 
232.2 1482.0171 1.0779178 
232.4 1475.266 1.0623568 
232.6 1469.3162 1.0577312 
232.8 1443.494 0.98660653 
233.0 1443.9614 0.94984553 
233.2 1437.292 0.96244047 
233.4 1435.1655 0.94284017 
233.6 1440.0359 1.0231476 
233.8 1453.6255 1.0548819 
234.0 1446.3759 1.0042691 
234.2 1457.8305 1.1138085 
234.4 1452.5254 1.0301653 
234.6 1458.9063 1.0993597 
234.8 1457.3739 1.0604433 
235.0 1466.3666 1.0448478 
235.2 1454.1051 1.0737364 
235.4 1425.1256 0.92589743 
235.6 1435.8041 1.0291652 
235.8 1461.9268 0.96078947 
236.0 1473.9288 1.0499523 
236.2 1459.2806 1.0419457 
236.4 1468.359 1.0365111 
236.6 1460.8987 1.1242013 
236.8 1444.148 1.0811293 
237.0 1446.3509 1.0158728 
237.2 1415.2449 0.94672143 
237.4 1427.0982 1.0296838 
237.6 1429.1862 1.0030057 
237.8 1440.9747 0.95757187 
238.0 1462.973 1.0457863 
238.2 1461.7241 1.0824879 
238.4 1444.537 1.0330515 
238.6 1436.6618 0.9756461 
238.8 1441.037 0.99120457 
239.0 1428.7841 0.99386923 
239.2 1415.8088 0.98825487 
239.4 1427.0284 1.0133588 
239.6 1437.9336 1.0175713 
239.8 1408.2761 1.0095921 
240.0 1404.5443 1.0065483 
240.2 1404.7378 1.0311682 
240.4 1409.8621 1.0379619 
240.6 1407.2379 0.99947407 
240.8 1419.2154 0.98938837 
241.0 1419.8152 0.97090843 
241.2 1406.2839 0.9480859 
241.4 1401.2493 0.91862967 
241.6 1379.107 0.8665872 
241.8 1390.5424 0.91634527 
242.0 1395.1838 0.9204577 
242.2 1394.0802 0.9431717 
242.4 1387.5742 0.90906803 
242.6 1388.2056 0.91824223 
242.8 1409.5896 0.94777963 
243.0 1416.2172 0.9769622 
243.2 1414.4505 0.9781898 
243.4 1441.4339 1.0180947 
243.6 1447.2339 1.0154453 
243.8 1439.7182 1.0352404 
244.0 1434.318 1.0055776 
244.2 1437.092 1.0605412 
244.4 1444.4435 1.0437261 
244.6 1468.0017 1.0724819 
244.8 1479.696 1.0503043 
245.0 1469.2498 1.0575523 
245.2 1460.6303 1.1315822 
245.4 1445.5384 1.0678028 
245.6 1451.8005 1.0860047 
245.8 1450.4583 1.0395516 
246.0 1452.0921 1.0474714 
246.2 1458.5787 0.9995121 
246.4 1470.476 1.0685793 
246.6 1449.2234 1.0068725 
246.8 1440.0639 1.0331382 
247.0 1463.3267 1.103129 
247.2 1461.0319 1.003723 
247.4 1446.3646 0.9943479 
247.6 1437.7567 1.0203262 
247.8 1422.2125 1.0144687 
248.0 1427.3487 0.92512457 
248.2 1411.6198 0.93367697 
248.4 1415.201 0.98930023 
248.6 1428.7487 0.99991277 
248.8 1397.6523 0.97000093 
249.0 1418.5571 0.99191417 
249.2 1427.6649 1.061618 
249.4 1404.2958 0.96240647 
249.6 1431.6947 0.99143303 
249.8 1429.9764 1.0449046 
250.0 1443.0375 1.0713415 
250.2 1434.8961 0.97123243 
250.4 1439.7517 1.0938742 
250.6 1427.9422 0.9725911 
250.8 1415.6831 1.0012177 
251.0 1422.4914 1.028359 
251.2 1429.151 1.0057126 
251.4 1415.3554 0.89903423 
251.6 1416.438 0.9769348 
251.8 1428.5892 1.0365473 
252.0 1411.8534 0.9470312 
252.2 1417.5032 0.9817025 
252.4 1420.1122 0.96460563 
252.6 1424.3859 0.95894693 
252.8 1435.7213 0.96852553 
253.0 1441.4384 0.99079563 
253.2 1445.8252 1.0315831 
253.4 1441.0097 1.0202031 
253.6 1424.175 0.94708913 
253.8 1408.366 0.90355367 
254.0 1421.2471 1.0138553 
254.2 1425.7369 1.0159233 
254.4 1431.6129 0.98839833 
254.6 1414.1082 1.0113891 
254.8 1408.7966 0.98775123 
255.0 1427.031 1.0147789 
255.2 1429.105 0.9158363 
255.4 1446.0911 1.0452374 
255.6 1439.6714 1.0283436 
255.8 1448.3094 0.98612123 
256.0 1457.7822 0.9953573 
256.2 1469.4514 1.0618391 
256.4 1471.8214 0.9996837 
256.6 1461.4384 0.98474387 
256.8 1462.9809 1.0505073 
257.0 1454.0 0.98312327 
257.2 1473.3158 1.0255909 
257.4 1487.5202 1.0479342 
257.6 1471.6722 1.11431 
257.8 1443.8097 1.0107718 
258.0 1451.9421 1.0668067 
258.2 1453.7896 1.0137384 
258.4 1465.5552 1.0713899 
258.6 1474.5528 1.0253098 
258.8 1468.7639 1.0497518 
259.0 1457.2365 1.0449528 
259.2 1456.5661 1.0144266 
259.4 1454.3803 1.0096842 
259.6 1433.7917 1.0025609 
259.8 1421.1175 0.93115347 
260.0 1424.9862 1.0062047 
260.2 1408.4897 0.95447553 
260.4 1403.3037 0.98858057 
260.6 1410.2156 0.9424899 
260.8 1406.4535 0.9253505 
261.0 1420.3341 0.96532597 
261.2 1410.0754 0.95826967 
261.4 1419.19 0.9993508 
261.6 1404.4587 0.9338328 
261.8 1419.9385 0.97253513 
262.0 1424.909 1.0088581 
262.2 1437.0574 1.0262595 
262.4 1449.7442 1.0139655 
262.6 1455.7024 1.038744 
262.8 1437.6048 1.0025072 
263.0 1426.8142 0.93686267 
263.2 1411.3747 0.9274817 
263.4 1419.9986 0.96031617 
263.6 1437.97 1.0067254 
263.8 1429.311 0.96890193 
264.0 1425.1855 1.0096981 
264.2 1440.6829 1.1092365 
264.4 1446.508 1.0312647 
264.6 1462.6507 1.1111889 
264.8 1455.6324 1.071871 
265.0 1434.6742 1.0612297 
265.2 1431.2273 0.97384923 
265.4 1404.9744 0.96337203 
265.6 1409.2485 0.93567327 
265.8 1404.8985 0.9302424 
266.0 1412.092 0.9216223 
266.2 1421.6075 1.0796822 
266.4 1420.466 1.0053972 
266.6 1430.6287 1.0489886 
266.8 1441.0532 1.1113002 
267.0 1428.4474 0.93225143 
267.2 1442.4241 1.0141813 
267.4 1451.3321 1.0052638 
267.6 1439.982 1.0280755 
267.8 1435.3171 1.0356483 
268.0 1410.0834 0.96742487 
268.2 1425.3343 0.9451241 
268.4 1416.2692 0.97767833 
268.6 1405.8093 0.9788516 
268.8 1418.2791 0.9663765 
269.0 1443.1333 1.0770441 
269.2 1437.5425 0.98526407 
269.4 1432.0511 0.96047527 
269.6 1432.9234 0.9771032 
269.8 1405.4088 0.98428583 
270.0 1414.4231 0.95176077 
270.2 1425.9373 1.0047589 
270.4 1419.3602 0.9926877 
270.6 1422.1469 0.93885033 
270.8 1450.0521 1.0054711 
271.0 1450.8585 1.067309 
271.2 1433.6238 0.99875333 
271.4 1435.7505 1.053854 
271.6 1419.7422 0.9049684 
271.8 1426.9599 0.9273872 
272.0 1404.3662 0.96999497 
272.2 1412.2579 0.97599203 
272.4 1432.8444 1.0112659 
272.6 1442.0514 0.99736727 
272.8 1424.9547 1.0335327 
273.0 1442.9685 1.0125616 
273.2 1424.3362 0.9463432 
273.4 1425.9534 1.0008357 
273.6 1433.5386 1.0481685 
273.8 1419.9058 1.0109019 
274.0 1429.8551 1.0081479 
274.2 1449.4907 0.98104663 
274.4 1446.3531 1.0211833 
274.6 1458.875 1.1083937 
274.8 1445.2975 1.0849917 
275.0 1414.0033 0.98198633 
275.2 1429.0964 1.0005592 
275.4 1444.2904 1.0509895 
275.6 1451.5607 1.0691104 
275.8 1450.5818 0.9743224 
276.0 1432.6246 0.96283493 
276.2 1429.8626 0.9858936 
276.4 1430.9564 0.98772357 
276.6 1437.512 0.94502797 
276.8 1446.4563 0.9879569 
277.0 1457.6893 1.0360735 
277.2 1459.7882 0.9878265 
277.4 1465.8957 1.0342386 
277.6 1461.1172 1.046038 
277.8 1452.3068 0.9630026 
278.0 1464.9764 1.0795377 
278.2 1465.459 1.0277575 
278.4 1479.5133 1.128781 
278.6 1501.7981 1.1330124 
278.8 1528.0417 1.157323 
279.0 1488.7767 1.0466515 
279.2 1478.1708 1.1204887 
279.4 1490.7067 1.0987232 
279.6 1492.257 1.0944519 
279.8 1492.5978 1.0825301 
280.0 1485.0246 1.0647151 
280.2 1460.2001 1.0422881 
280.4 1456.9042 1.0107098 
280.6 1457.4937 1.0512615 
280.8 1428.6163 0.98682147 
281.0 1427.5329 0.99122977 
281.2 1435.1437 0.97977063 
281.4 1463.3816 1.0763928 
281.6 1445.1168 1.0603789 
281.8 1453.6136 1.0584902 
282.0 1432.07 0.9823174 
282.2 1439.2734 1.0552321 
282.4 1439.6482 1.0386848 
282.6 1470.1783 1.0570956 
282.8 1464.0323 1.0071027 
283.0 1462.2716 1.0512299 
283.2 1460.333 1.0731773 
283.4 1434.5503 1.0177616 
283.6 1418.6488 0.9813073 
283.8 1404.6933 0.93614117 
284.0 1406.195 0.94114767 
284.2 1428.9231 0.95562313 
284.4 1436.5928 1.0525183 
284.6 1414.7182 1.0021736 
284.8 1411.7566 1.0036066 
285.0 1426.9042 0.9606653 
285.2 1405.485 0.9477377 
285.4 1402.4077 0.89570997 
285.6 1415.7459 0.9367665 
285.8 1394.0951 0.9051484 
286.0 1391.1881 0.91828077 
286.2 1413.2714 0.93833583 
286.4 1406.6553 0.9757136 
286.6 1406.2163 0.95835753 
286.8 1400.1897 0.92768753 
287.0 1390.567 0.9237408 
287.2 1363.8612 0.8676351 
287.4 1395.3439 0.94348837 
287.6 1419.8894 0.98970083 
287.8 1437.0737 1.0943655 
288.0 1422.1704 1.0056303 
288.2 1432.5709 1.0275114 
288.4 1409.0477 0.97367973 
288.6 1407.0833 0.92639243 
288.8 1413.356 0.95696647 
289.0 1402.2804 0.870925 
289.2 1413.8179 0.9541912 
289.4 1425.6001 0.9572961 
289.6 1419.1272 0.9965609 
289.8 1435.0937 0.97333377 
290.0 1441.0524 1.0490483 
290.2 1454.7524 1.0062267 
290.4 1445.9797 1.0252636 
290.6 1430.8532 0.96181557 
290.8 1435.0481 0.9846874 
291.0 1430.1061 0.96757553 
291.2 1415.1756 0.8898408 
291.4 1437.19 0.95714477 
291.6 1444.5047 0.95997933 
291.8 1436.0374 1.0013279 
292.0 1463.06 1.067864 
292.2 1432.6839 0.92224723 
292.4 1417.7754 0.95248 
292.6 1431.7696 1.0327615 
292.8 1420.3621 0.91706167 
293.0 1442.6334 0.98510037 
293.2 1418.761 0.99911943 
293.4 1426.5417 1.0462289 
293.6 1463.8961 1.1012677 
293.8 1469.6078 1.079931 
294.0 1485.288 1.081227 
294.2 1457.5877 0.99420107 
294.4 1455.7455 1.0522458 
294.6 1449.4662 1.0751573 
294.8 1423.5418 0.91110903 
295.0 1420.9558 0.9288384 
295.2 1428.6631 0.95136033 
295.4 1408.0058 0.87595333 
295.6 1403.0169 0.94079517 
295.8 1403.351 0.92052963 
296.0 1407.3795 0.96603557 
296.2 1404.2106 0.87816903 
296.4 1422.3311 0.9383043 
296.6 1440.7241 0.99675307 
296.8 1431.6451 0.934328 
297.0 1432.9917 0.9144801 
297.2 1460.0918 1.0479658 
297.4 1443.9822 1.0039627 
297.6 1441.232 0.9758897 
297.8 1440.3421 1.003626 
298.0 1422.1748 0.92292757 
298.2 1438.1504 1.0212428 
298.4 1456.5294 0.9685319 
298.6 1467.6824 1.0348566 
298.8 1483.3267 1.0237546 
299.0 1490.7801 1.0645131 
299.2 1491.8511 1.1725777 
299.4 1480.9162 1.0965199 
299.6 1495.9634 1.0929212 
299.8 1474.3264 1.0362739 
300.0 1475.2734 1.0687414 
300.2 1475.5319 1.1183738 
300.4 1449.3476 0.97400063 
300.6 1438.9968 1.0030684 
300.8 1431.9769 1.0093696 
301.0 1427.4797 0.98613577 
301.2 1422.5674 0.98059 
301.4 1403.0257 0.89178417 
301.6 1400.9012 0.9500877 
301.8 1408.8199 0.98604257 
302.0 1425.7356 0.94636357 
302.2 1414.12 1.0216228 
302.4 1413.2974 0.97593617 
302.6 1402.8888 0.94928397 
302.8 1429.9184 0.99715247 
303.0 1431.8279 1.0328713 
303.2 1397.507 1.0034345 
303.4 1400.0471 0.9372178 
303.6 1406.101 0.89927627 
303.8 1407.5602 0.9360737 
304.0 1419.3975 0.94483787 
304.2 1431.7509 0.95913463 
304.4 1443.3797 1.0458913 
304.6 1442.3768 1.0779564 
304.8 1444.7283 1.0348177 
305.0 1423.395 0.99048113 
305.2 1429.8916 0.96445073 
305.4 1414.4483 0.9997149 
305.6 1404.8956 0.89337953 
305.8 1417.4795 0.96823237 
306.0 1450.6493 1.0324157 
306.2 1415.7999 0.97461863 
306.4 1422.1405 0.93342127 
306.6 1404.0394 0.9779457 
306.8 1425.9994 0.95320643 
307.0 1429.4532 0.9564464 
307.2 1437.5894 0.9949279 
307.4 1428.9244 0.94138443 
307.6 1429.0276 1.0024576 
307.8 1434.6047 1.0124151 
308.0 1425.7063 0.95958147 
308.2 1420.9426 0.99567063 
308.4 1405.1295 0.96739607 
308.6 1419.1669 0.94817743 
308.8 1403.9812 0.9901715 
309.0 1404.4618 0.91788413 
309.2 1401.944 0.9233649 
309.4 1415.5932 0.98423483 
309.6 1427.4745 1.0365845 
309.8 1435.5925 1.0144346 
310.0 1450.6643 1.0180436 
310.2 1438.9229 1.0221907 
310.4 1436.1526 0.99555887 
310.6 1448.5151 1.0866522 
310.8 1450.6354 1.1000153 
311.0 1456.4951 1.126972 
311.2 1447.2514 1.041385 
311.4 1446.7728 1.0774552 
311.6 1443.1799 1.0008696 
311.8 1453.6637 1.1456518 
312.0 1430.8692 1.0970829 
312.2 1428.3115 1.0353173 
312.4 1416.1295 0.99340587 
312.6 1438.168 1.005658 
312.8 1415.5002 0.96630967 
313.0 1407.3222 0.93376877 
313.2 1398.2864 0.89079823 
313.4 1406.1365 1.0092143 
313.6 1426.2016 0.95349847 
313.8 1447.4011 1.024046 
314.0 1459.7126 1.0507324 
314.2 1438.4064 1.011937 
314.4 1443.2894 0.99447423 
314.6 1433.1789 0.95074557 
314.8 1445.1391 0.99862423 
315.0 1429.48 0.9634305 
315.2 1414.4644 0.9086467 
315.4 1436.3757 1.0478684 
315.6 1434.4643 1.0495568 
315.8 1427.7663 1.036294 
316.0 1432.8803 0.9844232 
316.2 1411.8114 0.9691514 
316.4 1404.4844 0.95643437 
316.6 1423.8839 1.0307954 
316.8 1431.7533 1.0302738 
317.0 1445.8566 0.99643037 
317.2 1451.4803 1.0330585 
317.4 1434.4479 0.93594 
317.6 1440.9064 1.0347671 
317.8 1408.3157 0.9057329 
318.0 1413.8761 0.97427993 
318.2 1422.6724 0.96648503 
318.4 1412.0518 0.9270404 
318.6 1422.7745 0.88804457 
318.8 1426.2917 0.99730503 
319.0 1423.3093 0.9425629 
319.2 1416.1965 0.97871093 
319.4 1414.2699 0.94741107 
319.6 1421.2576 0.943456 
319.8 1451.2224 1.0107788 
320.0 1437.7652 1.0330918 
320.2 1447.5679 1.003416 
320.4 1447.3072 0.95955943 
320.6 1446.4019 1.0632255 
320.8 1478.5994 1.119974 
321.0 1453.5023 1.0213088 
321.2 1448.9262 1.011182 
321.4 1452.8161 1.039505 
321.6 1428.4573 1.0422637 
321.8 1423.9684 1.0599343 
322.0 1420.3459 0.9710804 
322.2 1437.0338 0.96973213 
322.4 1419.8309 0.94965227 
322.6 1412.4729 0.90021413 
322.8 1405.2562 0.93462063 
323.0 1404.2625 0.96127747 
323.2 1400.1265 0.9596428 
323.4 1408.2391 0.96214413 
323.6 1412.4534 0.98854657 
323.8 1421.8049 0.97693233 
324.0 1425.1002 0.90593563 
324.2 1431.7792 1.0194196 
324.4 1427.4493 0.8687441 
324.6 1438.3224 0.9377533 
324.8 1435.3439 1.0196152 
325.0 1431.4268 0.98368697 
325.2 1426.1501 1.0111201 
325.4 1425.3349 1.0447036 
325.6 1395.2821 0.8946455 
325.8 1419.6523 0.9454958 
326.0 1399.9515 0.93983467 
326.2 1406.0263 0.93525247 
326.4 1405.7609 0.93314313 
326.6 1404.6875 0.977036 
326.8 1422.5166 0.90832513 
327.0 1435.7282 0.9510117 
327.2 1427.5337 0.98184277 
327.4 1424.8401 1.0337077 
327.6 1424.7852 0.98755953 
327.8 1437.8741 1.0512637 
328.0 1423.3186 1.0240911 
328.2 1419.2825 0.9621766 
328.4 1449.5931 1.0970512 
328.6 1440.9851 1.0089867 
328.8 1420.7432 0.9529688 
329.0 1418.0952 0.9834915 
329.2 1435.1234 1.0470136 
329.4 1442.129 1.0213518 
329.6 1440.0251 1.0105447 
329.8 1424.5095 0.9680008 
330.0 1457.4852 1.0635504 
330.2 1424.1764 0.94645277 
330.4 1425.7586 0.9451865 
330.6 1405.2484 0.96322743 
330.8 1403.8068 0.94584233 
331.0 1419.0917 0.9963738 
331.2 1412.9826 0.95789917 
331.4 1404.4446 0.9775873 
331.6 1416.0699 0.93061363 
331.8 1407.1239 0.9170434 
332.0 1428.6205 1.006738 
332.2 1417.274 0.95687873 
332.4 1444.8212 1.0176357 
332.6 1442.1631 1.0900149 
332.8 1444.0343 0.98617943 
333.0 1429.7433 0.9238493 
333.2 1449.3774 0.99065283 
333.4 1454.6442 1.0613728 
333.6 1444.9219 0.97710407 
333.8 1440.3988 1.0171788 
334.0 1430.1502 0.93763393 
334.2 1430.2248 0.9636375 
334.4 1424.5954 1.0074512 
334.6 1425.2568 0.97100747 
334.8 1426.39 0.97826753 
335.0 1423.7615 0.99008753 
335.2 1433.2089 1.0009917 
335.4 1434.1981 0.96542577 
335.6 1442.3775 0.9682828 
335.8 1459.853 1.0858149 
336.0 1465.3989 1.0587119 
336.2 1491.1147 1.1934707 
336.4 1501.8269 1.09435 
336.6 1467.6098 1.1051082 
336.8 1460.6644 1.0689276 
337.0 1450.1822 1.0719965 
337.2 1438.8679 1.0134285 
337.4 1432.8063 0.95579377 
337.6 1435.1202 1.0450196 
337.8 1417.7468 0.91745617 
338.0 1404.0114 0.91856883 
338.2 1419.9928 0.94041127 
338.4 1443.66 1.0360244 
338.6 1466.0004 1.0649437 
338.8 1449.2559 1.0116108 
339.0 1429.6536 0.97701073 
339.2 1444.148 1.0096038 
339.4 1451.9887 1.0393241 
339.6 1457.9792 1.1095073 
339.8 1459.3182 1.0236306 
340.0 1439.15 1.0387372 
340.2 1466.2357 1.1552427 
340.4 1455.4569 1.0270616 
340.6 1447.832 1.0456866 
340.8 1431.0651 0.92250427 
341.0 1412.9711 0.96400523 
341.2 1463.0491 1.1014179 
341.4 1454.1237 1.1119938 
341.6 1437.3686 0.99458907 
341.8 1444.8575 1.0374424 
342.0 1434.4724 1.0341824 
342.2 1431.1357 0.94713997 
342.4 1433.6713 0.9742372 
342.6 1442.1812 1.0477519 
342.8 1407.3533 0.89630103 
343.0 1414.3706 0.9563395 
343.2 1442.8754 1.039118 
343.4 1442.2669 0.98581623 
343.6 1435.7958 1.0022962 
343.8 1425.6085 0.9913719 
344.0 1428.6925 0.9607981 
344.2 1428.7852 0.98585907 
344.4 1414.2797 0.95483147 
344.6 1435.4315 0.98328253 
344.8 1446.2476 1.051471 
345.0 1426.2717 0.99834973 
345.2 1433.8588 0.989855 
345.4 1437.9249 1.0382227 
345.6 1441.2888 1.0764539 
345.8 1454.7398 1.0577829 
346.0 1446.0498 1.041048 
346.2 1444.5815 1.0330127 
346.4 1441.8644 0.97843323 
346.6 1469.8696 1.0378036 
346.8 1458.8839 1.0000986 
347.0 1445.3822 1.0577695 
347.2 1429.9357 0.98040537 
347.4 1431.2318 0.9614461 
347.6 1425.0205 0.9582525 
347.8 1433.3539 0.97740507 
348.0 1442.9191 0.9986575 
348.2 1430.8522 0.96781163 
348.4 1447.1575 1.0393536 
348.6 1440.1267 1.00536 
348.8 1431.1784 1.0004826 
349.0 1431.5543 0.9589167 
349.2 1436.4667 1.0597623 
349.4 1415.7563 0.9466927 
349.6 1426.4684 0.97037863 
349.8 1447.6804 1.0556217 
350.0 1464.7973 1.0445169 
350.2 1461.9456 1.0451507 
350.4 1468.8591 1.0463087 
350.6 1468.8279 1.0422863 
350.8 1471.1795 1.0642557 
351.0 1470.6812 1.0029513 
351.2 1432.1641 0.96098023 
351.4 1434.9867 0.98152117 
351.6 1453.2908 0.98840793 
351.8 1458.9155 1.0212412 
352.0 1440.8118 1.0372461 
352.2 1451.305 1.0414932 
352.4 1476.3789 1.0895399 
352.6 1465.1161 1.0220814 
352.8 1465.8867 0.9991755 
353.0 1465.9198 1.0308044 
353.2 1466.2654 1.0504348 
353.4 1481.0616 1.1194078 
353.6 1467.6863 1.0108345 
353.8 1438.9983 0.99926493 
354.0 1440.987 0.942527 
354.2 1460.7963 1.0666716 
354.4 1456.3225 1.0042137 
354.6 1445.6095 0.98510743 
354.8 1442.1582 1.0113945 
355.0 1437.6076 0.9497154 
355.2 1452.4545 1.0706294 
355.4 1463.2175 1.0343786 
355.6 1462.0311 0.98413213 
355.8 1454.2573 1.0017411 
356.0 1447.595 0.96229787 
356.2 1436.9744 0.9656495 
356.4 1447.0224 1.0164799 
356.6 1445.2261 0.94004177 
356.8 1439.5864 0.92827963 
357.0 1441.4221 1.0190581 
357.2 1436.5817 1.0049661 
357.4 1419.3599 0.8868622 
357.6 1428.0136 1.0198668 
357.8 1429.6123 0.9509587 
358.0 1454.2235 1.0000432 
358.2 1459.3151 1.0534358 
358.4 1468.0997 1.0119649 
358.6 1464.9566 1.0306822 
358.8 1448.3775 0.94401977 
359.0 1424.2055 0.91785907 
359.2 1426.0091 0.93866013 
359.4 1454.2305 0.99065443 
359.6 1456.7806 1.0059269 
359.8 1438.3707 0.9780007 
360.0 1444.3518 0.9934757 
360.2 1438.4523 0.97682977 
360.4 1428.1159 0.88765817 
360.6 1450.6251 1.0166643 
360.8 1449.9821 1.0062393 
361.0 1463.9796 1.0294017 
361.2 1470.837 1.0741024 
361.4 1448.1771 1.0710033 
361.6 1451.3389 1.0434677 
361.8 1441.1722 1.0458517 
362.0 1454.3773 1.0986084 
362.2 1457.4094 1.0490955 
362.4 1451.1297 0.99483757 
362.6 1458.7287 1.0678356 
362.8 1451.6269 1.0330173 
363.0 1448.352 0.99105593 
363.2 1452.0984 1.0541781 
363.4 1472.633 1.0650014 
363.6 1443.3434 0.9961599 
363.8 1460.9691 1.0073689 
364.0 1445.4013 1.0696625 
364.2 1471.0942 1.0384057 
364.4 1461.6146 1.0101594 
364.6 1423.3262 0.9714613 
364.8 1416.8371 1.0450455 
365.0 1424.8147 0.96646407 
365.2 1430.1294 0.9850447 
365.4 1434.6151 1.0049243 
365.6 1451.573 0.97553643 
365.8 1460.3452 1.1010172 
366.0 1476.5214 1.093576 
366.2 1454.8266 1.0533353 
366.4 1445.9495 1.0695501 
366.6 1450.2306 1.0336447 
366.8 1453.2734 1.0345485 
367.0 1460.7017 1.0694027 
367.2 1448.5762 1.013843 
367.4 1437.1555 0.95244407 
367.6 1418.3236 0.90845703 
367.8 1448.424 1.0795717 
368.0 1439.5463 0.996301 
368.2 1430.3216 0.96145927 
368.4 1414.7918 0.95445 
368.6 1412.7487 0.9240837 
368.8 1419.3071 0.95913583 
369.0 1415.4163 0.95254693 
369.2 1404.1669 0.9880301 
369.4 1439.9522 1.009857 
369.6 1438.2298 1.0015768 
369.8 1444.5403 1.0363303 
370.0 1441.5026 1.0466622 
370.2 1423.975 0.94410827 
370.4 1429.3318 1.0139024 
370.6 1444.9866 0.98888523 
370.8 1428.2121 0.9555906 
371.0 1436.5397 0.98726773 
371.2 1434.6736 1.0275709 
371.4 1414.1846 0.93159087 
371.6 1417.4324 0.9369134 
371.8 1420.5782 0.99152197 
372.0 1427.3938 0.9502659 
372.2 1419.2618 0.93895377 
372.4 1428.027 1.0031572 
372.6 1422.6647 0.99030097 
372.8 1439.0555 1.0809508 
373.0 1425.3784 0.97819177 
373.2 1421.4238 0.93490003 
373.4 1414.3271 0.93553227 
373.6 1438.7599 0.99494483 
373.8 1438.0024 1.1153137 
374.0 1433.1492 1.0351222 
374.2 1433.1329 1.0159017 
374.4 1437.0408 0.9882858 
374.6 1418.4504 0.97651337 
374.8 1417.1874 0.93771617 
375.0 1407.8387 0.88946727 
375.2 1415.0729 0.9647659 
375.4 1423.1983 1.006446 
375.6 1444.2426 1.1081197 
375.8 1470.5206 1.1002562 
376.0 1457.4323 1.0059951 
376.2 1452.5611 1.0008035 
376.4 1443.3988 1.0529765 
376.6 1434.9199 0.97946353 
376.8 1464.0916 1.0861843 
377.0 1447.8717 1.0138281 
377.2 1455.4766 1.1513083 
377.4 1436.909 1.0888707 
377.6 1427.6173 1.0307778 
377.8 1414.2612 0.9429432 
378.0 1407.2255 0.90667797 
378.2 1445.4255 1.0755464 
378.4 1436.5231 1.0618699 
378.6 1444.3185 1.0571596 
378.8 1445.8435 1.0892348 
379.0 1419.8194 0.98712553 
379.2 1412.575 1.0049955 
379.4 1417.2788 0.91421813 
379.6 1402.5909 0.92108953 
379.8 1406.2531 0.95134517 
380.0 1402.4444 0.87478763 
380.2 1410.0824 0.9513812 
380.4 1396.1736 0.90982397 
380.6 1417.5046 0.9526229 
380.8 1413.6892 0.9648296 
381.0 1423.5185 1.0109756 
381.2 1442.5943 1.029694 
381.4 1456.4604 1.0624198 
381.6 1445.3804 1.0306 
381.8 1454.1645 1.0539097 
382.0 1452.7899 1.0526027 
382.2 1451.5474 1.0343819 
382.4 1464.0657 1.1299217 
382.6 1457.6552 1.108696 
382.8 1464.2868 1.0679815 
383.0 1463.5515 1.0813179 
383.2 1463.582 1.0405144 
383.4 1441.745 0.9422803 
383.6 1446.349 1.0289572 
383.8 1459.2866 1.0521896 
384.0 1454.0628 1.0984201 
384.2 1416.1053 0.96579503 
384.4 1415.4587 0.98529267 
384.6 1410.8888 0.91857433 
384.8 1424.1272 0.91812433 
385.0 1456.2222 1.0784021 
385.2 1451.0803 1.0464381 
385.4 1440.173 1.0674384 
385.6 1437.7465 0.97934703 
385.8 1457.7804 1.0827456 
386.0 1453.3381 1.0396805 
386.2 1435.2775 0.94606277 
386.4 1457.926 1.1296971 
386.6 1442.5717 0.97194857 
386.8 1436.2863 1.0290569 
387.0 1460.6877 1.0669274 
387.2 1454.1777 1.0367788 
387.4 1457.6824 1.0346176 
387.6 1453.3489 1.0761545 
387.8 1434.9144 1.0074094 
388.0 1436.9363 0.9722651 
388.2 1444.1385 1.0581574 
388.4 1432.6323 1.0313388 
388.6 1429.2172 1.0114285 
388.8 1423.6386 0.9522205 
389.0 1423.1845 0.90995337 
389.2 1427.7679 1.0083212 
389.4 1417.8882 0.98241 
389.6 1428.2552 0.9521281 
389.8 1454.4643 1.0163056 
390.0 1443.2598 1.0646867 
390.2 1442.3611 1.0585702 
390.4 1434.5912 0.98770577 
390.6 1433.0556 1.0201804 
390.8 1421.3654 0.93073767 
391.0 1434.5076 0.95281273 
391.2 1441.225 1.0066975 
391.4 1448.2601 1.0321981 
391.6 1435.2281 0.9873978 
391.8 1448.8538 1.0802523 
392.0 1424.1066 0.99328567 
392.2 1410.5658 0.9389392 
392.4 1421.8862 0.97985213 
392.6 1426.6618 0.92948423 
392.8 1433.9544 0.9839471 
393.0 1447.6519 0.97529693 
393.2 1445.9505 1.0035215 
393.4 1440.9335 0.96650363 
393.6 1455.5746 1.0271475 
393.8 1439.9148 1.0511207 
394.0 1434.0948 1.0656659 
394.2 1415.5265 0.94580897 
394.4 1391.3942 0.91987747 
394.6 1400.6972 0.9242881 
394.8 1395.0512 0.92805933 
395.0 1390.4101 0.93621483 
395.2 1376.0467 0.9437652 
395.4 1380.655 0.86123493 
395.6 1390.8567 0.89688143 
395.8 1393.2069 0.9454275 
396.0 1386.4962 0.9178168 
396.2 1415.0374 0.96436553 
396.4 1417.2675 0.99361097 
396.6 1404.0183 0.94272013 
396.8 1419.9951 0.99786927 
397.0 1414.367 0.9185115 
397.2 1436.3233 1.0607126 
397.4 1447.7156 1.1104317 
397.6 1438.0341 1.0052092 
397.8 1432.7926 1.0008133 
398.0 1453.9874 1.0379839 
398.2 1448.8036 0.96689827 
398.4 1428.6498 0.98551247 
398.6 1415.4735 0.91497617 
398.8 1427.5093 1.0158654 
399.0 1441.8555 0.9960153 
399.2 1431.4828 0.98395467 
399.4 1416.7488 0.9692306 
399.6 1423.3552 0.93550267 
399.8 1447.4903 1.0474858 
400.0 1444.8879 1.0651068 
400.2 1439.8397 1.0711565 
400.4 1439.1102 1.0699789 
400.6 1449.1984 1.0463877 
400.8 1443.9207 0.95220117 
401.0 1422.4947 1.0466765 
401.2 1400.62 0.8958832 
401.4 1408.0752 0.95555163 
401.6 1404.9771 0.9206012 
401.8 1396.8237 0.8948592 
402.0 1426.2774 0.99329323 
402.2 1435.8489 1.001742 
402.4 1440.0015 1.0142247 
402.6 1448.3627 1.0163945 
402.8 1457.6799 1.0364794 
403.0 1457.1305 1.073715 
403.2 1442.5735 1.052364 
403.4 1439.6301 1.0398795 
403.6 1432.5524 1.0044049 
403.8 1410.6268 0.93244607 
404.0 1414.4197 0.96833853 
404.2 1390.7513 0.9156801 
404.4 1389.9454 0.9343429 
404.6 1395.0909 0.90786167 
404.8 1407.8933 0.93870993 
405.0 1422.4323 0.9405602 
405.2 1422.7169 0.93249473 
405.4 1422.9969 0.9802711 
405.6 1427.3914 1.0501257 
405.8 1436.8225 1.0541518 
406.0 1444.3867 1.0427112 
406.2 1449.6432 1.0600684 
406.4 1439.6857 1.0004818 
406.6 1444.5881 1.0130218 
406.8 1452.5882 1.0430966 
407.0 1444.5832 0.97337707 
407.2 1454.9656 1.0505993 
407.4 1467.5217 1.0505134 
407.6 1488.2767 1.056843 
407.8 1485.2641 1.0976225 
408.0 1484.1736 1.0741274 
408.2 1474.8729 1.0384933 
408.4 1473.7621 1.1150831 
408.6 1474.6427 1.0424436 
408.8 1487.3928 1.122146 
409.0 1487.0717 1.1045128 
409.2 1477.5764 1.0397398 
409.4 1497.2245 1.0754997 
409.6 1477.5168 1.0340137 
409.8 1481.3141 1.0925058 
410.0 1456.8231 1.0807398 
410.2 1444.9205 1.0103679 
410.4 1437.4864 0.97002737 
410.6 1431.6899 1.0111265 
410.8 1434.8484 0.9097973 
411.0 1413.5246 0.92637043 
411.2 1419.8088 0.94774613 
411.4 1404.2047 0.90241513 
411.6 1438.3822 0.92742023 
411.8 1452.9891 1.0184301 
412.0 1464.254 1.0157314 
412.2 1469.2185 1.1344748 
412.4 1466.5582 1.0712182 
412.6 1462.0061 1.0460561 
412.8 1478.3138 1.0537528 
413.0 1456.4524 1.0382231 
413.2 1455.4197 1.0216545 
413.4 1419.8355 0.96120237 
413.6 1417.5948 0.98155937 
413.8 1408.085 0.9217432 
414.0 1404.4229 0.9049753 
414.2 1410.0018 0.9797533 
414.4 1410.6161 0.9140052 
414.6 1402.235 0.90896797 
414.8 1394.9784 0.84634947 
415.0 1377.1114 0.86139893 
415.2 1390.3136 0.868335 
415.4 1417.6562 0.94672337 
415.6 1441.8536 0.9893807 
415.8 1457.1233 1.01873 
416.0 1455.4607 0.98887317 
416.2 1470.9601 1.103942 
416.4 1461.0459 0.9975623 
416.6 1450.5201 1.0373922 
416.8 1426.1465 0.93209323 
417.0 1423.0617 0.949798 
417.2 1437.5875 1.0281437 
417.4 1440.6517 1.0107809 
417.6 1427.7539 0.9835682 
417.8 1439.3887 1.0085107 
418.0 1452.7149 1.0440844 
418.2 1458.2416 1.0639881 
418.4 1436.3453 0.99814623 
418.6 1425.3608 0.97125953 
418.8 1440.8835 1.0090244 
419.0 1411.657 1.0440767 
419.2 1421.4523 1.0056809 
419.4 1403.5533 0.9627763 
419.6 1403.5253 0.94470583 
419.8 1408.8591 0.91892783 
420.0 1398.5662 0.9229011 
420.2 1423.6378 1.0233354 
420.4 1413.4293 0.9894646 
420.6 1427.4045 1.0335521 
420.8 1412.0067 0.99068927 
421.0 1427.5722 0.995932 
421.2 1425.4733 0.92278883 
421.4 1441.1934 1.0270867 
421.6 1423.4149 0.99780137 
421.8 1422.5773 0.95304187 
422.0 1432.0396 0.99434177 
422.2 1424.9509 0.981341 
422.4 1433.3845 0.97018933 
422.6 1425.973 0.94468507 
422.8 1439.6678 1.0380369 
423.0 1439.8029 1.0162343 
423.2 1444.2512 1.0673691 
423.4 1444.3602 1.034091 
423.6 1427.0349 0.95032427 
423.8 1438.4486 1.0067418 
424.0 1447.8623 0.98084067 
424.2 1464.3605 1.0497007 
424.4 1471.1659 1.0325577 
424.6 1485.0995 1.1449168 
424.8 1466.3473 1.140657 
425.0 1458.6864 1.0610731 
425.2 1448.3169 0.99509 
425.4 1447.5479 1.0101523 
425.6 1467.3083 1.0980585 
425.8 1462.084 1.0207371 
426.0 1460.5499 1.0964347 
426.2 1454.9241 1.0223761 
426.4 1433.0144 0.97667897 
426.6 1426.6619 0.97289613 
426.8 1413.3341 0.93525817 
427.0 1433.7768 0.93310507 
427.2 1427.9096 0.9793069 
427.4 1419.137 0.9654243 
427.6 1436.7653 1.0514249 
427.8 1450.7487 1.0170019 
428.0 1445.6464 1.0432732 
428.2 1435.2205 1.0041658 
428.4 1434.1598 0.9332291 
428.6 1427.7484 0.96248173 
428.8 1453.4848 1.0628039 
429.0 1433.6158 0.9103774 
429.2 1450.2081 0.99051747 
429.4 1459.7893 1.0417308 
429.6 1455.213 1.0581104 
429.8 1442.7883 1.0137791 
430.0 1435.369 1.0111797 
430.2 1451.5984 1.0392427 
430.4 1451.004 0.97519977 
430.6 1462.1196 1.039948 
430.8 1473.694 1.0266904 
431.0 1460.7022 0.98127417 
431.2 1435.8306 0.97346997 
431.4 1415.8465 0.98516187 
431.6 1416.567 0.91739553 
431.8 1419.3756 1.0008631 
432.0 1417.5067 0.92376317 
432.2 1413.6693 0.95890307 
432.4 1426.7065 1.0220687 
432.6 1444.5415 1.0284991 
432.8 1443.5871 1.0325071 
433.0 1461.0953 1.0583307 
433.2 1451.5633 1.0635997 
433.4 1443.6654 1.0246813 
433.6 1431.6453 0.96980277 
433.8 1423.9455 0.93552843 
434.0 1426.1957 0.98277977 
434.2 1410.7965 0.86700343 
434.4 1409.6804 0.93503093 
434.6 1402.5056 0.86471517 
434.8 1430.1272 0.96605363 
435.0 1429.5772 0.96648253 
435.2 1447.0143 1.0593235 
435.4 1448.374 1.0072667 
435.6 1447.4642 1.0260828 
435.8 1456.1136 1.0539262 
436.0 1447.6222 0.96293867 
436.2 1436.169 0.94874383 
436.4 1441.7392 0.98944617 
436.6 1441.364 1.0640431 
436.8 1437.2457 1.0189948 
437.0 1424.3293 0.99132267 
437.2 1425.8343 0.99130067 
437.4 1443.1334 0.98780117 
437.6 1458.9213 1.0271384 
437.8 1478.314 1.0838865 
438.0 1481.7632 1.0754764 
438.2 1469.4508 1.0505238 
438.4 1470.4807 1.0567411 
438.6 1477.7009 1.0975833 
438.8 1470.5923 1.0478601 
439.0 1484.6775 1.1302145 
439.2 1491.8564 1.1358247 
439.4 1491.3603 1.0899155 
439.6 1474.478 1.0825729 
439.8 1468.5831 1.097497 
440.0 1456.3608 1.0633592 
440.2 1460.2221 0.99440957 
440.4 1450.4002 0.956845 
440.6 1445.3809 1.0508576 
440.8 1449.7474 0.98903337 
441.0 1432.6873 0.98292407 
441.2 1446.0471 0.995103 
441.4 1429.796 1.0283246 
441.6 1447.4751 1.0572474 
441.8 1449.2937 1.050372 
442.0 1417.5299 0.96647647 
442.2 1411.1542 0.90037567 
442.4 1394.3477 0.88310443 
442.6 1422.6829 1.0050305 
442.8 1406.7337 0.9519854 
443.0 1427.55 1.0271315 
443.2 1424.3092 0.97703243 
443.4 1413.9835 1.0250371 
443.6 1393.6194 0.96797377 
443.8 1408.3355 1.0235874 
444.0 1406.206 0.992876 
444.2 1401.1723 0.9367187 
444.4 1425.934 1.0291552 
444.6 1429.5317 1.0197832 
444.8 1418.9123 1.0112517 
445.0 1417.5638 0.99254683 
445.2 1427.9991 1.0100453 
445.4 1416.3423 0.9901108 
445.6 1410.697 0.9944164 
445.8 1407.8434 0.97868903 
446.0 1398.4049 0.93244403 
446.2 1403.5936 0.94670413 
446.4 1410.4851 0.94649663 
446.6 1444.0793 1.059697 
446.8 1448.444 1.0721675 
447.0 1438.4494 1.0363092 
447.2 1430.0345 1.0399004 
447.4 1437.4327 1.050136 
447.6 1440.6926 0.97138527 
447.8 1434.027 1.0067351 
448.0 1453.1686 1.0924921 
448.2 1455.6716 1.0206131 
448.4 1446.2873 1.0192873 
448.6 1431.2088 0.99284993 
448.8 1429.3511 0.98471193 
449.0 1431.5583 1.0153286 
449.2 1459.1492 1.0934813 
449.4 1429.5266 0.95145637 
449.6 1427.0303 0.96845503 
449.8 1419.921 0.9673391 
450.0 1429.3658 0.99819103 
