P3M tune parameters: Accuracy goal = 1.00000e-04
System: box_l = 290.0435923, # charged part = 2440 Sum[q_i^2] = 7320.0
Range for p3m.r_cut_iL: [0.01788396434-0.4982761212]
Range for p3m.mesh:     [8-32]
Range for p3m.cao:      [1-7]

set mesh cao r_cut_iL     alpha_L      err          ks_err     rs_err     time [ms]
1   8    4   4.98276e-01  4.36328e+00  7.62398e-05  7.071e-05  2.850e-05  495     
2   16   3   4.98276e-01  4.36328e+00  7.12420e-05  7.071e-05  8.685e-06  494     
3   16   3   3.31609e-01  6.69597e+00  8.34689e-05  7.071e-05  4.435e-05  458     
4   16   4   2.48276e-01  9.07376e+00  8.69888e-05  7.071e-05  5.067e-05  443     
5   32   2   4.98276e-01  4.36328e+00  7.52756e-05  7.071e-05  2.582e-05  526     
6   32   3   3.31609e-01  6.69597e+00  7.08628e-05  7.071e-05  4.640e-06  487     
7   32   3   2.48276e-01  9.07376e+00  7.21107e-05  7.071e-05  1.414e-05  473     
8   32   3   1.98276e-01  1.14871e+01  7.86658e-05  7.071e-05  3.447e-05  494     
9   32   4   1.64943e-01  1.39305e+01  7.24332e-05  7.071e-05  1.570e-05  477     
10  32   4   1.41133e-01  1.64003e+01  8.09433e-05  7.071e-05  3.939e-05  481     
11  32   5   1.23276e-01  1.88941e+01  8.24650e-05  7.071e-05  4.243e-05  488     
12  32   7   1.09387e-01  2.14101e+01  9.45610e-05  7.071e-05  6.278e-05  501     

Tune results of 12 trials:
4   16   4   2.48276e-01  9.07376e+00  8.69888e-05  7.071e-05  5.067e-05  443     
=> inter coulomb 1.6 p3m 72.0109 16 4 0.0312841 8.69888e-05 

