part 175 bond 1194 159 151 169
part 151 bond 1195 141 169 175
part 175 bond 1196 151 169 197
part 295 bond 1197 281 315 308
part 315 bond 1198 322 308 295
part 295 bond 1199 315 308 288
part 313 bond 1200 279 293 307
part 293 bond 1201 287 307 313
part 313 bond 1202 293 307 321
part 153 bond 1203 161 177 170
part 177 bond 1204 198 170 153
part 153 bond 1205 177 170 142
part 35 bond 1206 41 23 31
part 23 bond 1207 17 31 35
part 35 bond 1208 23 31 47
part 373 bond 1209 345 379 382
part 379 bond 1210 394 382 373
part 373 bond 1211 379 382 376
part 377 bond 1212 343 371 381
part 371 bond 1213 375 381 377
part 377 bond 1214 371 381 393
part 25 bond 1215 39 37 32
part 37 bond 1216 48 32 25
part 25 bond 1217 37 32 18
part 383 bond 1218 347 377 393
part 377 bond 1219 381 393 383
part 383 bond 1220 377 393 395
part 13 bond 1221 27 25 18
part 25 bond 1222 32 18 13
part 13 bond 1223 25 18 10
part 23 bond 1224 29 11 17
part 11 bond 1225 9 17 23
part 23 bond 1226 11 17 31
part 379 bond 1227 349 385 394
part 385 bond 1228 396 394 379
part 379 bond 1229 385 394 382
part 327 bond 1230 297 313 321
part 313 bond 1231 307 321 327
part 327 bond 1232 313 321 337
part 133 bond 1233 137 153 142
part 153 bond 1234 170 142 133
part 133 bond 1235 153 142 126
part 151 bond 1236 135 131 141
part 131 bond 1237 125 141 151
part 151 bond 1238 131 141 169
part 315 bond 1239 299 329 322
part 329 bond 1240 338 322 315
part 315 bond 1241 329 322 308
part 365 bond 1242 335 373 376
part 373 bond 1243 382 376 365
part 365 bond 1244 373 376 368
part 61 bond 1245 67 35 47
part 35 bond 1246 31 47 61
part 61 bond 1247 35 47 73
part 371 bond 1248 333 363 375
part 363 bond 1249 367 375 371
part 371 bond 1250 363 375 381
part 37 bond 1251 65 63 48
part 63 bond 1252 74 48 37
part 37 bond 1253 63 48 32
part 339 bond 1254 317 327 337
part 327 bond 1255 321 337 339
part 339 bond 1256 327 337 355
part 107 bond 1257 111 133 126
part 133 bond 1258 142 126 107
part 107 bond 1259 133 126 98
part 131 bond 1260 109 105 125
part 105 bond 1261 97 125 131
part 131 bond 1262 105 125 141
part 329 bond 1263 319 341 338
part 341 bond 1264 356 338 329
part 329 bond 1265 341 338 322
part 81 bond 1266 91 61 73
part 61 bond 1267 47 73 81
part 81 bond 1268 61 73 97
part 353 bond 1269 325 365 368
part 365 bond 1270 376 368 353
part 353 bond 1271 365 368 356
part 363 bond 1272 323 351 367
part 351 bond 1273 355 367 363
part 363 bond 1274 351 367 375
part 63 bond 1275 89 83 74
part 83 bond 1276 98 74 63
part 63 bond 1277 83 74 48
part 351 bond 1278 323 339 355
part 339 bond 1279 337 355 351
part 351 bond 1280 339 355 367
part 105 bond 1281 91 81 97
part 81 bond 1282 73 97 105
part 105 bond 1283 81 97 125
part 83 bond 1284 89 107 98
part 107 bond 1285 126 98 83
part 83 bond 1286 107 98 74
part 341 bond 1287 325 353 356
part 353 bond 1288 368 356 341
part 341 bond 1289 353 356 338
part 207 bond 1290 183 175 197
part 175 bond 1291 169 197 207
part 207 bond 1292 175 197 229
part 275 bond 1293 261 295 288
part 295 bond 1294 308 288 275
part 275 bond 1295 295 288 272
part 293 bond 1296 259 273 287
part 273 bond 1297 271 287 293
part 293 bond 1298 273 287 307
part 177 bond 1299 185 211 198
part 211 bond 1300 230 198 177
part 177 bond 1301 211 198 170
part 255 bond 1302 215 231 243
part 231 bond 1303 229 243 255
part 255 bond 1304 231 243 271
part 233 bond 1305 217 257 244
part 257 bond 1306 272 244 233
part 233 bond 1307 257 244 230
part 391 bond 1308 369 387 397
part 387 bond 1309 395 397 391
part 391 bond 1310 387 397 399
part 3 bond 1311 15 7 2
part 7 bond 1312 10 2 3
part 3 bond 1313 7 2 0
part 5 bond 1314 15 3 1
part 3 bond 1315 0 1 5
part 5 bond 1316 3 1 9
part 389 bond 1317 369 391 398
part 391 bond 1318 399 398 389
part 389 bond 1319 391 398 396
part 387 bond 1320 357 383 395
part 383 bond 1321 393 395 387
part 387 bond 1322 383 395 397
part 7 bond 1323 19 13 10
part 13 bond 1324 18 10 7
part 7 bond 1325 13 10 2
part 11 bond 1326 21 5 9
part 5 bond 1327 1 9 11
part 11 bond 1328 5 9 17
part 385 bond 1329 359 389 396
part 389 bond 1330 398 396 385
part 385 bond 1331 389 396 394
part 231 bond 1332 215 207 229
part 207 bond 1333 197 229 231
part 231 bond 1334 207 229 243
part 257 bond 1335 241 275 272
part 275 bond 1336 288 272 257
part 257 bond 1337 275 272 244
part 273 bond 1338 239 255 271
part 255 bond 1339 243 271 273
part 273 bond 1340 255 271 287
part 211 bond 1341 217 233 230
part 233 bond 1342 244 230 211
part 211 bond 1343 233 230 198
part 397 bond 1344 392 399 391
part 399 bond 1345 398 391 397
part 399 bond 1346 392 398 391
part 395 bond 1347 388 397 387
part 398 bond 1348 390 396 389
part 393 bond 1349 384 395 383
part 396 bond 1350 386 394 385
part 381 bond 1351 378 393 377
part 394 bond 1352 380 382 379
part 375 bond 1353 372 381 371
part 382 bond 1354 374 376 373
part 367 bond 1355 364 375 363
part 376 bond 1356 366 368 365
part 355 bond 1357 352 367 351
part 368 bond 1358 354 356 353
part 337 bond 1359 340 355 339
part 356 bond 1360 342 338 341
part 321 bond 1361 328 337 327
part 338 bond 1362 330 322 329
part 307 bond 1363 314 321 313
part 322 bond 1364 316 308 315
part 287 bond 1365 294 307 293
part 308 bond 1366 296 288 295
part 271 bond 1367 274 287 273
part 288 bond 1368 276 272 275
part 243 bond 1369 256 271 255
part 272 bond 1370 258 244 257
part 229 bond 1371 232 243 231
part 244 bond 1372 234 230 233
part 197 bond 1373 208 229 207
part 230 bond 1374 212 198 211
part 169 bond 1375 176 197 175
part 198 bond 1376 178 170 177
part 141 bond 1377 152 169 151
part 170 bond 1378 154 142 153
part 125 bond 1379 132 141 131
part 142 bond 1380 134 126 133
part 97 bond 1381 106 125 105
part 126 bond 1382 108 98 107
part 73 bond 1383 82 97 81
part 98 bond 1384 84 74 83
part 47 bond 1385 62 73 61
part 74 bond 1386 64 48 63
part 31 bond 1387 36 47 35
part 48 bond 1388 38 32 37
part 17 bond 1389 24 31 23
part 32 bond 1390 26 18 25
part 9 bond 1391 12 17 11
part 18 bond 1392 14 10 13
part 1 bond 1393 6 9 5
part 10 bond 1394 8 2 7
part 0 bond 1395 4 1 3
part 0 bond 1396 1 3 2
part 2 bond 1397 4 0 3
part 391 bond 1398 389 369 387
part 369 bond 1399 357 387 391
part 369 bond 1400 359 361 357
part 361 bond 1401 331 357 369
part 369 bond 1402 361 357 387
part 295 bond 1403 261 281 315
part 315 bond 1404 295 281 299
part 175 bond 1405 183 159 151
part 151 bond 1406 175 159 135
part 153 bond 1407 137 161 177
part 177 bond 1408 153 161 185
part 313 bond 1409 297 279 293
part 293 bond 1410 313 279 259
part 373 bond 1411 335 345 379
part 379 bond 1412 373 345 349
part 35 bond 1413 67 41 23
part 23 bond 1414 35 41 29
part 25 bond 1415 27 39 37
part 37 bond 1416 25 39 65
part 377 bond 1417 347 343 371
part 371 bond 1418 377 343 333
part 13 bond 1419 19 27 25
part 25 bond 1420 13 27 39
part 383 bond 1421 357 347 377
part 377 bond 1422 383 347 343
part 379 bond 1423 345 349 385
part 385 bond 1424 379 349 359
part 23 bond 1425 41 29 11
part 11 bond 1426 23 29 21
part 133 bond 1427 111 137 153
part 153 bond 1428 133 137 161
part 327 bond 1429 317 297 313
part 313 bond 1430 327 297 279
part 315 bond 1431 281 299 329
part 329 bond 1432 315 299 319
part 151 bond 1433 159 135 131
part 131 bond 1434 151 135 109
part 365 bond 1435 325 335 373
part 373 bond 1436 365 335 345
part 61 bond 1437 91 67 35
part 35 bond 1438 61 67 41
part 37 bond 1439 39 65 63
part 63 bond 1440 37 65 89
part 371 bond 1441 343 333 363
part 363 bond 1442 371 333 323
part 107 bond 1443 89 111 133
part 133 bond 1444 107 111 137
part 339 bond 1445 323 317 327
part 327 bond 1446 339 317 297
part 329 bond 1447 299 319 341
part 341 bond 1448 329 319 325
part 131 bond 1449 135 109 105
part 105 bond 1450 131 109 91
part 353 bond 1451 341 325 365
part 365 bond 1452 353 325 335
part 81 bond 1453 105 91 61
part 61 bond 1454 81 91 67
part 63 bond 1455 65 89 83
part 83 bond 1456 63 89 107
part 363 bond 1457 333 323 351
part 351 bond 1458 363 323 339
part 341 bond 1459 319 325 353
part 107 bond 1460 83 89 111
part 105 bond 1461 109 91 81
part 339 bond 1462 351 323 317
part 275 bond 1463 241 261 295
part 295 bond 1464 275 261 281
part 207 bond 1465 215 183 175
part 175 bond 1466 207 183 159
part 177 bond 1467 161 185 211
part 211 bond 1468 177 185 217
part 293 bond 1469 279 259 273
part 273 bond 1470 293 259 239
part 233 bond 1471 211 217 257
part 257 bond 1472 233 217 241
part 255 bond 1473 239 215 231
part 231 bond 1474 255 215 207
part 3 bond 1475 5 15 7
part 7 bond 1476 3 15 19
part 389 bond 1477 359 369 391
part 5 bond 1478 21 15 3
part 7 bond 1479 15 19 13
part 13 bond 1480 7 19 27
part 387 bond 1481 369 357 383
part 383 bond 1482 387 357 347
part 385 bond 1483 349 359 389
part 389 bond 1484 385 359 369
part 11 bond 1485 29 21 5
part 5 bond 1486 11 21 15
part 257 bond 1487 217 241 275
part 275 bond 1488 257 241 261
part 207 bond 1489 231 215 183
part 211 bond 1490 185 217 233
part 273 bond 1491 259 239 255
part 255 bond 1492 273 239 215
part 359 bond 1493 331 361 369
part 359 bond 1494 361 369 389
part 357 bond 1495 301 347 383
part 349 bond 1496 303 359 385
part 347 bond 1497 289 343 377
part 345 bond 1498 291 349 379
part 343 bond 1499 309 333 371
part 335 bond 1500 311 345 373
part 333 bond 1501 285 323 363
part 325 bond 1502 283 335 365
part 323 bond 1503 269 317 339
part 319 bond 1504 267 325 341
part 317 bond 1505 253 297 327
part 299 bond 1506 251 319 329
part 297 bond 1507 237 279 313
part 281 bond 1508 251 299 315
part 279 bond 1509 237 259 293
part 261 bond 1510 235 281 295
part 259 bond 1511 213 239 273
part 241 bond 1512 209 261 275
part 239 bond 1513 200 215 255
part 217 bond 1514 202 241 257
part 215 bond 1515 173 183 207
part 185 bond 1516 171 217 211
part 183 bond 1517 149 159 175
part 161 bond 1518 147 185 177
part 159 bond 1519 123 135 151
part 137 bond 1520 121 161 153
part 135 bond 1521 123 109 131
part 111 bond 1522 121 137 133
part 109 bond 1523 95 91 105
part 89 bond 1524 93 111 107
part 91 bond 1525 71 67 61
part 65 bond 1526 69 89 63
part 67 bond 1527 57 41 35
part 39 bond 1528 55 65 37
part 41 bond 1529 51 29 23
part 27 bond 1530 49 39 25
part 29 bond 1531 45 21 11
part 19 bond 1532 43 27 13
part 21 bond 1533 33 15 5
part 15 bond 1534 33 19 7
part 361 bond 1535 359 331 357
part 331 bond 1536 301 357 361
part 331 bond 1537 303 305 301
part 305 bond 1538 277 301 331
part 331 bond 1539 305 301 357
part 331 bond 1540 361 359 303
part 357 bond 1541 331 301 347
part 347 bond 1542 357 301 289
part 349 bond 1543 291 303 359
part 359 bond 1544 349 303 331
part 347 bond 1545 301 289 343
part 343 bond 1546 347 289 309
part 345 bond 1547 311 291 349
part 349 bond 1548 345 291 303
part 343 bond 1549 289 309 333
part 333 bond 1550 343 309 285
part 335 bond 1551 283 311 345
part 345 bond 1552 335 311 291
part 333 bond 1553 309 285 323
part 323 bond 1554 333 285 269
part 325 bond 1555 267 283 335
part 335 bond 1556 325 283 311
part 323 bond 1557 285 269 317
part 317 bond 1558 323 269 253
part 319 bond 1559 251 267 325
part 325 bond 1560 319 267 283
part 317 bond 1561 269 253 297
part 297 bond 1562 317 253 237
part 299 bond 1563 281 251 319
part 319 bond 1564 299 251 267
part 279 bond 1565 297 237 259
part 259 bond 1566 279 237 213
part 261 bond 1567 209 235 281
part 281 bond 1568 261 235 251
part 259 bond 1569 237 213 239
part 239 bond 1570 259 213 200
part 241 bond 1571 202 209 261
part 261 bond 1572 241 209 235
part 239 bond 1573 213 200 215
part 215 bond 1574 239 200 173
part 217 bond 1575 171 202 241
part 241 bond 1576 217 202 209
part 215 bond 1577 200 173 183
part 183 bond 1578 215 173 149
part 185 bond 1579 147 171 217
part 217 bond 1580 185 171 202
part 183 bond 1581 173 149 159
part 159 bond 1582 183 149 123
part 161 bond 1583 121 147 185
part 185 bond 1584 161 147 171
part 303 bond 1585 277 305 331
part 303 bond 1586 305 331 359
part 159 bond 1587 149 123 135
part 135 bond 1588 159 123 109
part 137 bond 1589 111 121 161
part 161 bond 1590 137 121 147
part 109 bond 1591 135 123 95
part 111 bond 1592 93 121 137
part 109 bond 1593 123 95 91
part 91 bond 1594 109 95 71
part 89 bond 1595 69 93 111
part 111 bond 1596 89 93 121
part 91 bond 1597 95 71 67
part 67 bond 1598 91 71 57
part 301 bond 1599 264 289 347
part 65 bond 1600 55 69 89
part 89 bond 1601 65 69 93
part 67 bond 1602 71 57 41
part 41 bond 1603 67 57 51
part 39 bond 1604 49 55 65
part 65 bond 1605 39 55 69
part 291 bond 1606 263 303 349
part 41 bond 1607 57 51 29
part 29 bond 1608 41 51 45
part 27 bond 1609 43 49 39
part 39 bond 1610 27 49 55
part 29 bond 1611 51 45 21
part 21 bond 1612 29 45 33
part 19 bond 1613 33 43 27
part 27 bond 1614 19 43 49
part 21 bond 1615 45 33 15
part 15 bond 1616 21 33 19
part 19 bond 1617 15 33 43
part 289 bond 1618 248 285 309
part 285 bond 1619 333 309 289
part 289 bond 1620 285 309 343
part 283 bond 1621 247 291 311
part 291 bond 1622 345 311 283
part 283 bond 1623 291 311 335
part 285 bond 1624 248 269 323
part 267 bond 1625 247 283 325
part 269 bond 1626 225 253 317
part 251 bond 1627 223 267 319
part 253 bond 1628 225 237 297
part 237 bond 1629 279 297 253
part 235 bond 1630 223 251 281
part 251 bond 1631 299 281 235
part 237 bond 1632 189 213 259
part 209 bond 1633 187 235 261
part 213 bond 1634 189 173 200
part 173 bond 1635 215 200 213
part 213 bond 1636 173 200 239
part 171 bond 1637 187 209 202
part 209 bond 1638 241 202 171
part 171 bond 1639 209 202 217
part 173 bond 1640 145 149 183
part 147 bond 1641 143 171 185
part 149 bond 1642 117 123 159
part 121 bond 1643 115 147 161
part 123 bond 1644 117 95 109
part 93 bond 1645 115 121 111
part 95 bond 1646 79 71 91
part 69 bond 1647 77 93 89
part 71 bond 1648 79 51 57
part 51 bond 1649 41 57 71
part 71 bond 1650 51 57 67
part 49 bond 1651 77 69 55
part 69 bond 1652 65 55 49
part 49 bond 1653 69 55 39
part 51 bond 1654 59 45 29
part 43 bond 1655 53 49 27
part 45 bond 1656 59 33 21
part 33 bond 1657 53 43 19
part 305 bond 1658 303 277 301
part 277 bond 1659 264 301 305
part 277 bond 1660 305 303 263
part 277 bond 1661 263 245 264
part 245 bond 1662 219 264 277
part 277 bond 1663 245 264 301
part 277 bond 1664 303 263 245
part 245 bond 1665 277 263 221
part 245 bond 1666 221 227 219
part 227 bond 1667 195 219 245
part 245 bond 1668 227 219 264
part 264 bond 1669 245 219 248
part 264 bond 1670 289 301 277
part 263 bond 1671 247 221 245
part 245 bond 1672 263 221 227
part 263 bond 1673 277 303 291
part 203 bond 1674 163 179 225
part 179 bond 1675 189 225 203
part 203 bond 1676 179 225 248
part 99 bond 1677 113 85 79
part 85 bond 1678 59 79 99
part 99 bond 1679 85 79 117
part 101 bond 1680 119 129 115
part 129 bond 1681 143 115 101
part 101 bond 1682 129 115 77
part 205 bond 1683 191 221 247
part 221 bond 1684 263 247 205
part 205 bond 1685 221 247 223
part 219 bond 1686 194 203 248
part 203 bond 1687 225 248 219
part 219 bond 1688 203 248 264
part 127 bond 1689 113 99 117
part 99 bond 1690 79 117 127
part 127 bond 1691 99 117 145
part 87 bond 1692 119 101 77
part 101 bond 1693 115 77 87
part 87 bond 1694 101 77 53
part 181 bond 1695 165 205 223
part 205 bond 1696 247 223 181
part 181 bond 1697 205 223 187
part 155 bond 1698 113 127 145
part 127 bond 1699 117 145 155
part 155 bond 1700 127 145 189
part 75 bond 1701 103 87 53
part 87 bond 1702 77 53 75
part 75 bond 1703 87 53 59
part 157 bond 1704 165 181 187
part 181 bond 1705 223 187 157
part 157 bond 1706 181 187 143
part 179 bond 1707 163 155 189
part 155 bond 1708 145 189 179
part 179 bond 1709 155 189 225
part 85 bond 1710 113 75 59
part 75 bond 1711 53 59 85
part 85 bond 1712 75 59 79
part 129 bond 1713 119 157 143
part 157 bond 1714 187 143 129
part 129 bond 1715 157 143 115
part 221 bond 1716 195 227 245
part 289 bond 1717 301 264 248
part 291 bond 1718 247 263 303
part 289 bond 1719 264 248 285
part 285 bond 1720 289 248 269
part 283 bond 1721 267 247 291
part 291 bond 1722 283 247 263
part 269 bond 1723 285 248 225
part 267 bond 1724 223 247 283
part 269 bond 1725 248 225 253
part 253 bond 1726 269 225 237
part 251 bond 1727 235 223 267
part 267 bond 1728 251 223 247
part 237 bond 1729 253 225 189
part 235 bond 1730 187 223 251
part 237 bond 1731 225 189 213
part 213 bond 1732 237 189 173
part 209 bond 1733 171 187 235
part 235 bond 1734 209 187 223
part 173 bond 1735 213 189 145
part 171 bond 1736 143 187 209
part 173 bond 1737 189 145 149
part 149 bond 1738 173 145 117
part 147 bond 1739 115 143 171
part 171 bond 1740 147 143 187
part 149 bond 1741 145 117 123
part 123 bond 1742 149 117 95
part 121 bond 1743 93 115 147
part 147 bond 1744 121 115 143
part 95 bond 1745 123 117 79
part 93 bond 1746 77 115 121
part 95 bond 1747 117 79 71
part 71 bond 1748 95 79 51
part 69 bond 1749 49 77 93
part 93 bond 1750 69 77 115
part 51 bond 1751 71 79 59
part 49 bond 1752 53 77 69
part 51 bond 1753 79 59 45
part 45 bond 1754 51 59 33
part 43 bond 1755 33 53 49
part 49 bond 1756 43 53 77
part 33 bond 1757 45 59 53
part 33 bond 1758 59 53 43
part 225 bond 1759 179 189 237
part 115 bond 1760 129 143 147
part 79 bond 1761 85 59 51
part 247 bond 1762 221 263 291
part 223 bond 1763 235 187 181
part 77 bond 1764 49 53 87
part 117 bond 1765 149 145 127
part 248 bond 1766 289 264 219
part 247 bond 1767 267 223 205
part 79 bond 1768 95 117 99
part 115 bond 1769 93 77 101
part 225 bond 1770 269 248 203
part 145 bond 1771 173 189 155
part 187 bond 1772 171 143 157
part 59 bond 1773 75 53 33
part 227 bond 1774 221 195 219
part 195 bond 1775 194 219 227
part 195 bond 1776 191 167 194
part 167 bond 1777 163 194 195
part 195 bond 1778 167 194 219
part 195 bond 1779 221 191 167
part 167 bond 1780 195 191 165
part 167 bond 1781 165 139 163
part 139 bond 1782 113 163 167
part 167 bond 1783 139 163 194
part 167 bond 1784 191 165 139
part 139 bond 1785 167 165 119
part 205 bond 1786 165 191 221
part 221 bond 1787 205 191 195
part 101 bond 1788 87 119 129
part 129 bond 1789 101 119 157
part 99 bond 1790 127 113 85
part 85 bond 1791 99 113 75
part 203 bond 1792 194 163 179
part 179 bond 1793 203 163 155
part 181 bond 1794 157 165 205
part 205 bond 1795 181 165 191
part 87 bond 1796 103 119 101
part 127 bond 1797 155 113 99
part 219 bond 1798 195 194 203
part 203 bond 1799 219 194 163
part 157 bond 1800 119 165 181
part 75 bond 1801 113 103 87
part 87 bond 1802 75 103 119
part 221 bond 1803 191 195 227
part 157 bond 1804 129 119 165
part 75 bond 1805 85 113 103
part 155 bond 1806 179 163 113
part 194 bond 1807 167 163 203
part 191 bond 1808 205 165 167
part 165 bond 1809 157 119 139
part 139 bond 1810 165 119 103
part 139 bond 1811 103 113 163
part 163 bond 1812 139 113 155
part 155 bond 1813 163 113 127
part 103 bond 1814 139 119 87
part 103 bond 1815 75 113 139
part 103 bond 1816 113 139 119
part 176 bond 1817 197 169 152
part 169 bond 1818 141 152 176
part 176 bond 1819 169 152 160
part 296 bond 1820 288 308 316
part 308 bond 1821 322 316 296
part 296 bond 1822 308 316 282
part 314 bond 1823 321 307 294
part 307 bond 1824 287 294 314
part 314 bond 1825 307 294 280
part 154 bond 1826 142 170 178
part 170 bond 1827 198 178 154
part 154 bond 1828 170 178 162
part 36 bond 1829 47 31 24
part 31 bond 1830 17 24 36
part 36 bond 1831 31 24 42
part 374 bond 1832 376 382 380
part 382 bond 1833 394 380 374
part 374 bond 1834 382 380 346
part 378 bond 1835 393 381 372
part 381 bond 1836 375 372 378
part 378 bond 1837 381 372 344
part 26 bond 1838 18 32 38
part 32 bond 1839 48 38 26
part 26 bond 1840 32 38 40
part 384 bond 1841 395 393 378
part 393 bond 1842 381 378 384
part 384 bond 1843 393 378 348
part 14 bond 1844 10 18 26
part 18 bond 1845 32 26 14
part 14 bond 1846 18 26 28
part 24 bond 1847 31 17 12
part 17 bond 1848 9 12 24
part 24 bond 1849 17 12 30
part 380 bond 1850 382 394 386
part 394 bond 1851 396 386 380
part 380 bond 1852 394 386 350
part 328 bond 1853 337 321 314
part 321 bond 1854 307 314 328
part 328 bond 1855 321 314 298
part 134 bond 1856 126 142 154
part 142 bond 1857 170 154 134
part 134 bond 1858 142 154 138
part 152 bond 1859 169 141 132
part 141 bond 1860 125 132 152
part 152 bond 1861 141 132 136
part 316 bond 1862 308 322 330
part 322 bond 1863 338 330 316
part 316 bond 1864 322 330 300
part 366 bond 1865 368 376 374
part 376 bond 1866 382 374 366
part 366 bond 1867 376 374 336
part 62 bond 1868 73 47 36
part 47 bond 1869 31 36 62
part 62 bond 1870 47 36 68
part 372 bond 1871 381 375 364
part 375 bond 1872 367 364 372
part 372 bond 1873 375 364 334
part 38 bond 1874 32 48 64
part 48 bond 1875 74 64 38
part 38 bond 1876 48 64 66
part 340 bond 1877 355 337 328
part 337 bond 1878 321 328 340
part 340 bond 1879 337 328 318
part 108 bond 1880 98 126 134
part 126 bond 1881 142 134 108
part 108 bond 1882 126 134 112
part 132 bond 1883 141 125 106
part 125 bond 1884 97 106 132
part 132 bond 1885 125 106 110
part 330 bond 1886 322 338 342
part 338 bond 1887 356 342 330
part 330 bond 1888 338 342 320
part 82 bond 1889 97 73 62
part 73 bond 1890 47 62 82
part 82 bond 1891 73 62 92
part 354 bond 1892 356 368 366
part 368 bond 1893 376 366 354
part 354 bond 1894 368 366 326
part 364 bond 1895 375 367 352
part 367 bond 1896 355 352 364
part 364 bond 1897 367 352 324
part 64 bond 1898 48 74 84
part 74 bond 1899 98 84 64
part 64 bond 1900 74 84 90
part 352 bond 1901 367 355 340
part 355 bond 1902 337 340 352
part 352 bond 1903 355 340 324
part 106 bond 1904 125 97 82
part 97 bond 1905 73 82 106
part 106 bond 1906 97 82 92
part 84 bond 1907 74 98 108
part 98 bond 1908 126 108 84
part 84 bond 1909 98 108 90
part 342 bond 1910 338 356 354
part 356 bond 1911 368 354 342
part 342 bond 1912 356 354 326
part 208 bond 1913 229 197 176
part 197 bond 1914 169 176 208
part 208 bond 1915 197 176 184
part 276 bond 1916 272 288 296
part 288 bond 1917 308 296 276
part 276 bond 1918 288 296 262
part 294 bond 1919 307 287 274
part 287 bond 1920 271 274 294
part 294 bond 1921 287 274 260
part 178 bond 1922 170 198 212
part 198 bond 1923 230 212 178
part 178 bond 1924 198 212 186
part 256 bond 1925 271 243 232
part 243 bond 1926 229 232 256
part 256 bond 1927 243 232 216
part 234 bond 1928 230 244 258
part 244 bond 1929 272 258 234
part 234 bond 1930 244 258 218
part 392 bond 1931 399 397 388
part 397 bond 1932 395 388 392
part 392 bond 1933 397 388 370
part 4 bond 1934 0 2 8
part 2 bond 1935 10 8 4
part 4 bond 1936 2 8 16
part 6 bond 1937 9 1 4
part 1 bond 1938 0 4 6
part 6 bond 1939 1 4 16
part 390 bond 1940 396 398 392
part 398 bond 1941 399 392 390
part 390 bond 1942 398 392 370
part 388 bond 1943 397 395 384
part 395 bond 1944 393 384 388
part 388 bond 1945 395 384 358
part 8 bond 1946 2 10 14
part 10 bond 1947 18 14 8
part 8 bond 1948 10 14 20
part 12 bond 1949 17 9 6
part 9 bond 1950 1 6 12
part 12 bond 1951 9 6 22
part 386 bond 1952 394 396 390
part 396 bond 1953 398 390 386
part 386 bond 1954 396 390 360
part 232 bond 1955 243 229 208
part 229 bond 1956 197 208 232
part 232 bond 1957 229 208 216
part 258 bond 1958 244 272 276
part 272 bond 1959 288 276 258
part 258 bond 1960 272 276 242
part 274 bond 1961 287 271 256
part 271 bond 1962 243 256 274
part 274 bond 1963 271 256 240
part 212 bond 1964 198 230 234
part 230 bond 1965 244 234 212
part 212 bond 1966 230 234 218
part 392 bond 1967 398 399 397
part 0 bond 1968 2 4 1
part 388 bond 1969 358 370 392
part 392 bond 1970 388 370 390
part 370 bond 1971 388 358 362
part 358 bond 1972 332 362 370
part 370 bond 1973 358 362 360
part 362 bond 1974 332 360 370
part 360 bond 1975 390 370 362
part 316 bond 1976 300 282 296
part 282 bond 1977 262 296 316
part 152 bond 1978 136 160 176
part 160 bond 1979 184 176 152
part 178 bond 1980 186 162 154
part 162 bond 1981 138 154 178
part 294 bond 1982 260 280 314
part 280 bond 1983 298 314 294
part 380 bond 1984 350 346 374
part 346 bond 1985 336 374 380
part 24 bond 1986 30 42 36
part 42 bond 1987 68 36 24
part 38 bond 1988 66 40 26
part 40 bond 1989 28 26 38
part 372 bond 1990 334 344 378
part 344 bond 1991 348 378 372
part 26 bond 1992 40 28 14
part 28 bond 1993 20 14 26
part 378 bond 1994 344 348 384
part 348 bond 1995 358 384 378
part 386 bond 1996 360 350 380
part 350 bond 1997 346 380 386
part 12 bond 1998 22 30 24
part 30 bond 1999 42 24 12
part 154 bond 2000 162 138 134
part 138 bond 2001 112 134 154
part 314 bond 2002 280 298 328
part 298 bond 2003 318 328 314
part 330 bond 2004 320 300 316
part 300 bond 2005 282 316 330
part 132 bond 2006 110 136 152
part 136 bond 2007 160 152 132
part 374 bond 2008 346 336 366
part 336 bond 2009 326 366 374
part 36 bond 2010 42 68 62
part 68 bond 2011 92 62 36
part 64 bond 2012 90 66 38
part 66 bond 2013 40 38 64
part 364 bond 2014 324 334 372
part 334 bond 2015 344 372 364
part 134 bond 2016 138 112 108
part 112 bond 2017 90 108 134
part 328 bond 2018 298 318 340
part 318 bond 2019 324 340 328
part 342 bond 2020 326 320 330
part 320 bond 2021 300 330 342
part 106 bond 2022 92 110 132
part 110 bond 2023 136 132 106
part 366 bond 2024 336 326 354
part 326 bond 2025 342 354 366
part 62 bond 2026 68 92 82
part 92 bond 2027 106 82 62
part 84 bond 2028 108 90 64
part 90 bond 2029 66 64 84
part 352 bond 2030 340 324 364
part 324 bond 2031 334 364 352
part 326 bond 2032 320 342 354
part 108 bond 2033 112 90 84
part 92 bond 2034 110 106 82
part 340 bond 2035 318 324 352
part 296 bond 2036 282 262 276
part 262 bond 2037 242 276 296
part 176 bond 2038 160 184 208
part 184 bond 2039 216 208 176
part 212 bond 2040 218 186 178
part 186 bond 2041 162 178 212
part 274 bond 2042 240 260 294
part 260 bond 2043 280 294 274
part 258 bond 2044 242 218 234
part 218 bond 2045 212 234 258
part 232 bond 2046 208 216 256
part 216 bond 2047 240 256 232
part 8 bond 2048 20 16 4
part 16 bond 2049 6 4 8
part 370 bond 2050 360 390 392
part 16 bond 2051 22 6 4
part 14 bond 2052 28 20 8
part 20 bond 2053 16 8 14
part 384 bond 2054 348 358 388
part 358 bond 2055 370 388 384
part 390 bond 2056 370 360 386
part 360 bond 2057 350 386 390
part 6 bond 2058 16 22 12
part 22 bond 2059 30 12 6
part 276 bond 2060 262 242 258
part 242 bond 2061 218 258 276
part 208 bond 2062 184 216 232
part 218 bond 2063 186 212 234
part 256 bond 2064 216 240 274
part 240 bond 2065 260 274 256
part 358 bond 2066 384 348 302
part 350 bond 2067 386 360 304
part 348 bond 2068 378 344 290
part 346 bond 2069 380 350 292
part 344 bond 2070 372 334 310
part 336 bond 2071 374 346 312
part 334 bond 2072 364 324 286
part 326 bond 2073 366 336 284
part 324 bond 2074 340 318 270
part 320 bond 2075 342 326 268
part 318 bond 2076 328 298 254
part 300 bond 2077 330 320 252
part 298 bond 2078 314 280 238
part 282 bond 2079 316 300 252
part 280 bond 2080 294 260 238
part 262 bond 2081 296 282 236
part 260 bond 2082 274 240 214
part 242 bond 2083 276 262 210
part 240 bond 2084 256 216 199
part 218 bond 2085 258 242 201
part 216 bond 2086 208 184 174
part 186 bond 2087 212 218 172
part 184 bond 2088 176 160 150
part 162 bond 2089 178 186 148
part 160 bond 2090 152 136 124
part 138 bond 2091 154 162 122
part 136 bond 2092 132 110 124
part 112 bond 2093 134 138 122
part 110 bond 2094 106 92 96
part 90 bond 2095 108 112 94
part 92 bond 2096 62 68 72
part 66 bond 2097 64 90 70
part 68 bond 2098 36 42 58
part 40 bond 2099 38 66 56
part 42 bond 2100 24 30 52
part 28 bond 2101 26 40 50
part 30 bond 2102 12 22 46
part 20 bond 2103 14 28 44
part 22 bond 2104 6 16 34
part 16 bond 2105 8 20 34
part 358 bond 2106 302 332 362
part 362 bond 2107 358 332 360
part 332 bond 2108 358 302 306
part 302 bond 2109 278 306 332
part 332 bond 2110 302 306 304
part 332 bond 2111 304 360 362
part 348 bond 2112 290 302 358
part 302 bond 2113 332 358 348
part 360 bond 2114 332 304 350
part 304 bond 2115 292 350 360
part 344 bond 2116 310 290 348
part 290 bond 2117 302 348 344
part 350 bond 2118 304 292 346
part 292 bond 2119 312 346 350
part 334 bond 2120 286 310 344
part 310 bond 2121 290 344 334
part 346 bond 2122 292 312 336
part 312 bond 2123 284 336 346
part 324 bond 2124 270 286 334
part 286 bond 2125 310 334 324
part 336 bond 2126 312 284 326
part 284 bond 2127 268 326 336
part 318 bond 2128 254 270 324
part 270 bond 2129 286 324 318
part 326 bond 2130 284 268 320
part 268 bond 2131 252 320 326
part 298 bond 2132 238 254 318
part 254 bond 2133 270 318 298
part 320 bond 2134 268 252 300
part 252 bond 2135 282 300 320
part 260 bond 2136 214 238 280
part 238 bond 2137 298 280 260
part 282 bond 2138 252 236 262
part 236 bond 2139 210 262 282
part 240 bond 2140 199 214 260
part 214 bond 2141 238 260 240
part 262 bond 2142 236 210 242
part 210 bond 2143 201 242 262
part 216 bond 2144 174 199 240
part 199 bond 2145 214 240 216
part 242 bond 2146 210 201 218
part 201 bond 2147 172 218 242
part 184 bond 2148 150 174 216
part 174 bond 2149 199 216 184
part 218 bond 2150 201 172 186
part 172 bond 2151 148 186 218
part 160 bond 2152 124 150 184
part 150 bond 2153 174 184 160
part 186 bond 2154 172 148 162
part 148 bond 2155 122 162 186
part 304 bond 2156 360 332 306
part 304 bond 2157 332 306 278
part 136 bond 2158 110 124 160
part 124 bond 2159 150 160 136
part 162 bond 2160 148 122 138
part 122 bond 2161 112 138 162
part 110 bond 2162 96 124 136
part 122 bond 2163 94 112 138
part 92 bond 2164 72 96 110
part 96 bond 2165 124 110 92
part 112 bond 2166 122 94 90
part 94 bond 2167 70 90 112
part 68 bond 2168 58 72 92
part 72 bond 2169 96 92 68
part 302 bond 2170 348 290 265
part 90 bond 2171 94 70 66
part 70 bond 2172 56 66 90
part 42 bond 2173 52 58 68
part 58 bond 2174 72 68 42
part 66 bond 2175 70 56 40
part 56 bond 2176 50 40 66
part 292 bond 2177 350 304 266
part 30 bond 2178 46 52 42
part 52 bond 2179 58 42 30
part 40 bond 2180 56 50 28
part 50 bond 2181 44 28 40
part 22 bond 2182 34 46 30
part 46 bond 2183 52 30 22
part 28 bond 2184 50 44 20
part 44 bond 2185 34 20 28
part 16 bond 2186 20 34 22
part 34 bond 2187 46 22 16
part 20 bond 2188 44 34 16
part 290 bond 2189 344 310 286
part 310 bond 2190 334 286 290
part 290 bond 2191 310 286 249
part 284 bond 2192 336 312 292
part 312 bond 2193 346 292 284
part 284 bond 2194 312 292 250
part 286 bond 2195 324 270 249
part 268 bond 2196 326 284 250
part 270 bond 2197 318 254 226
part 252 bond 2198 320 268 224
part 298 bond 2199 280 238 254
part 254 bond 2200 298 238 226
part 282 bond 2201 300 252 236
part 236 bond 2202 282 252 224
part 238 bond 2203 260 214 190
part 210 bond 2204 262 236 188
part 214 bond 2205 240 199 174
part 199 bond 2206 216 174 214
part 214 bond 2207 199 174 190
part 172 bond 2208 218 201 210
part 201 bond 2209 242 210 172
part 172 bond 2210 201 210 188
part 174 bond 2211 184 150 146
part 148 bond 2212 186 172 144
part 150 bond 2213 160 124 118
part 122 bond 2214 162 148 116
part 124 bond 2215 110 96 118
part 94 bond 2216 112 122 116
part 96 bond 2217 92 72 80
part 70 bond 2218 90 94 78
part 72 bond 2219 68 58 52
part 58 bond 2220 42 52 72
part 72 bond 2221 58 52 80
part 50 bond 2222 40 56 70
part 56 bond 2223 66 70 50
part 50 bond 2224 56 70 78
part 52 bond 2225 30 46 60
part 44 bond 2226 28 50 54
part 46 bond 2227 22 34 60
part 34 bond 2228 20 44 54
part 302 bond 2229 265 278 306
part 306 bond 2230 302 278 304
part 278 bond 2231 266 304 306
part 278 bond 2232 302 265 246
part 265 bond 2233 220 246 278
part 278 bond 2234 265 246 266
part 246 bond 2235 265 220 228
part 220 bond 2236 196 228 246
part 246 bond 2237 220 228 222
part 228 bond 2238 196 222 246
part 222 bond 2239 266 246 228
part 265 bond 2240 249 220 246
part 302 bond 2241 290 265 278
part 204 bond 2242 249 226 180
part 226 bond 2243 190 180 204
part 204 bond 2244 226 180 164
part 100 bond 2245 118 80 86
part 80 bond 2246 60 86 100
part 100 bond 2247 80 86 114
part 102 bond 2248 78 116 130
part 116 bond 2249 144 130 102
part 102 bond 2250 116 130 120
part 206 bond 2251 224 250 222
part 250 bond 2252 266 222 206
part 206 bond 2253 250 222 192
part 220 bond 2254 265 249 204
part 249 bond 2255 226 204 220
part 220 bond 2256 249 204 193
part 128 bond 2257 146 118 100
part 118 bond 2258 80 100 128
part 128 bond 2259 118 100 114
part 88 bond 2260 54 78 102
part 78 bond 2261 116 102 88
part 88 bond 2262 78 102 120
part 182 bond 2263 188 224 206
part 224 bond 2264 250 206 182
part 182 bond 2265 224 206 166
part 156 bond 2266 190 146 128
part 146 bond 2267 118 128 156
part 156 bond 2268 146 128 114
part 76 bond 2269 60 54 88
part 54 bond 2270 78 88 76
part 76 bond 2271 54 88 104
part 158 bond 2272 144 188 182
part 188 bond 2273 224 182 158
part 158 bond 2274 188 182 166
part 180 bond 2275 226 190 156
part 190 bond 2276 146 156 180
part 180 bond 2277 190 156 164
part 86 bond 2278 80 60 76
part 60 bond 2279 54 76 86
part 86 bond 2280 60 76 114
part 130 bond 2281 116 144 158
part 144 bond 2282 188 158 130
part 130 bond 2283 144 158 120
part 290 bond 2284 249 265 302
part 304 bond 2285 278 266 292
part 266 bond 2286 250 292 304
part 286 bond 2287 270 249 290
part 249 bond 2288 265 290 286
part 292 bond 2289 266 250 284
part 250 bond 2290 268 284 292
part 270 bond 2291 226 249 286
part 250 bond 2292 224 268 284
part 254 bond 2293 238 226 270
part 226 bond 2294 249 270 254
part 268 bond 2295 250 224 252
part 224 bond 2296 236 252 268
part 238 bond 2297 190 226 254
part 224 bond 2298 188 236 252
part 214 bond 2299 174 190 238
part 190 bond 2300 226 238 214
part 236 bond 2301 224 188 210
part 188 bond 2302 172 210 236
part 174 bond 2303 146 190 214
part 188 bond 2304 144 172 210
part 150 bond 2305 118 146 174
part 146 bond 2306 190 174 150
part 172 bond 2307 188 144 148
part 144 bond 2308 116 148 172
part 124 bond 2309 96 118 150
part 118 bond 2310 146 150 124
part 148 bond 2311 144 116 122
part 116 bond 2312 94 122 148
part 96 bond 2313 80 118 124
part 116 bond 2314 78 94 122
part 72 bond 2315 52 80 96
part 80 bond 2316 118 96 72
part 94 bond 2317 116 78 70
part 78 bond 2318 50 70 94
part 52 bond 2319 60 80 72
part 78 bond 2320 54 50 70
part 46 bond 2321 34 60 52
part 60 bond 2322 80 52 46
part 50 bond 2323 78 54 44
part 54 bond 2324 34 44 50
part 34 bond 2325 54 60 46
part 54 bond 2326 60 34 44
part 226 bond 2327 238 190 180
part 116 bond 2328 148 144 130
part 80 bond 2329 52 60 86
part 250 bond 2330 292 266 222
part 266 bond 2331 246 222 250
part 188 bond 2332 236 224 182
part 54 bond 2333 50 78 88
part 146 bond 2334 150 118 128
part 265 bond 2335 290 249 220
part 224 bond 2336 268 250 206
part 118 bond 2337 96 80 100
part 78 bond 2338 94 116 102
part 249 bond 2339 270 226 204
part 190 bond 2340 174 146 156
part 144 bond 2341 172 188 158
part 60 bond 2342 34 54 76
part 278 bond 2343 246 266 304
part 246 bond 2344 222 266 278
part 220 bond 2345 193 196 228
part 228 bond 2346 220 196 222
part 196 bond 2347 220 193 168
part 193 bond 2348 164 168 196
part 196 bond 2349 193 168 192
part 168 bond 2350 166 192 196
part 192 bond 2351 222 196 168
part 168 bond 2352 193 164 140
part 164 bond 2353 114 140 168
part 168 bond 2354 164 140 166
part 140 bond 2355 120 166 168
part 166 bond 2356 192 168 140
part 222 bond 2357 196 192 206
part 192 bond 2358 166 206 222
part 130 bond 2359 158 120 102
part 120 bond 2360 88 102 130
part 86 bond 2361 76 114 100
part 114 bond 2362 128 100 86
part 180 bond 2363 156 164 204
part 164 bond 2364 193 204 180
part 206 bond 2365 192 166 182
part 166 bond 2366 158 182 206
part 120 bond 2367 104 88 102
part 114 bond 2368 156 128 100
part 204 bond 2369 164 193 220
part 193 bond 2370 196 220 204
part 166 bond 2371 120 158 182
part 88 bond 2372 120 104 76
part 104 bond 2373 114 76 88
part 196 bond 2374 192 222 228
part 158 bond 2375 166 120 130
part 76 bond 2376 104 114 86
part 156 bond 2377 114 164 180
part 193 bond 2378 204 164 168
part 166 bond 2379 206 192 168
part 140 bond 2380 104 120 166
part 120 bond 2381 158 166 140
part 164 bond 2382 156 114 140
part 114 bond 2383 104 140 164
part 114 bond 2384 164 156 128
part 120 bond 2385 140 104 88
part 104 bond 2386 140 114 76
part 140 bond 2387 114 104 120
