  175 151 169
  295 315 308
  313 293 307
  153 177 170
  35 23 31
  373 379 382
  377 371 381
  25 37 32
  383 377 393
  13 25 18
  23 11 17
  379 385 394
  327 313 321
  133 153 142
  151 131 141
  315 329 322
  365 373 376
  61 35 47
  371 363 375
  37 63 48
  339 327 337
  107 133 126
  131 105 125
  329 341 338
  81 61 73
  353 365 368
  363 351 367
  63 83 74
  351 339 355
  105 81 97
  83 107 98
  341 353 356
  207 175 197
  275 295 288
  293 273 287
  177 211 198
  255 231 243
  233 257 244
  391 387 397
  3 7 2
  5 3 1
  389 391 398
  387 383 395
  7 13 10
  11 5 9
  385 389 396
  231 207 229
  257 275 272
  273 255 271
  211 233 230
  397 399 391
  399 398 391
  395 397 387
  398 396 389
  393 395 383
  396 394 385
  381 393 377
  394 382 379
  375 381 371
  382 376 373
  367 375 363
  376 368 365
  355 367 351
  368 356 353
  337 355 339
  356 338 341
  321 337 327
  338 322 329
  307 321 313
  322 308 315
  287 307 293
  308 288 295
  271 287 273
  288 272 275
  243 271 255
  272 244 257
  229 243 231
  244 230 233
  197 229 207
  230 198 211
  169 197 175
  198 170 177
  141 169 151
  170 142 153
  125 141 131
  142 126 133
  97 125 105
  126 98 107
  73 97 81
  98 74 83
  47 73 61
  74 48 63
  31 47 35
  48 32 37
  17 31 23
  32 18 25
  9 17 11
  18 10 13
  1 9 5
  10 2 7
  0 1 3
  2 0 3
  391 369 387
  369 361 357
  315 295 281
  151 175 159
  177 153 161
  293 313 279
  379 373 345
  23 35 41
  37 25 39
  371 377 343
  25 13 27
  377 383 347
  385 379 349
  11 23 29
  153 133 137
  313 327 297
  329 315 299
  131 151 135
  373 365 335
  35 61 67
  63 37 65
  363 371 333
  133 107 111
  327 339 317
  341 329 319
  105 131 109
  365 353 325
  61 81 91
  83 63 89
  351 363 323
  353 341 325
  107 83 89
  81 105 91
  339 351 323
  295 275 261
  175 207 183
  211 177 185
  273 293 259
  257 233 217
  231 255 215
  7 3 15
  391 389 369
  3 5 15
  13 7 19
  383 387 357
  389 385 359
  5 11 21
  275 257 241
  207 231 215
  233 211 217
  255 273 239
  359 361 369
  357 347 383
  349 359 385
  347 343 377
  345 349 379
  343 333 371
  335 345 373
  333 323 363
  325 335 365
  323 317 339
  319 325 341
  317 297 327
  299 319 329
  297 279 313
  281 299 315
  279 259 293
  261 281 295
  259 239 273
  241 261 275
  239 215 255
  217 241 257
  215 183 207
  185 217 211
  183 159 175
  161 185 177
  159 135 151
  137 161 153
  135 109 131
  111 137 133
  109 91 105
  89 111 107
  91 67 61
  65 89 63
  67 41 35
  39 65 37
  41 29 23
  27 39 25
  29 21 11
  19 27 13
  21 15 5
  15 19 7
  387 369 357
  369 389 359
  361 331 357
  331 305 301
  331 361 359
  347 357 301
  359 349 303
  343 347 289
  349 345 291
  333 343 309
  345 335 311
  323 333 285
  335 325 283
  317 323 269
  325 319 267
  297 317 253
  319 299 251
  259 279 237
  281 261 235
  239 259 213
  261 241 209
  215 239 200
  241 217 202
  183 215 173
  217 185 171
  159 183 149
  185 161 147
  303 305 331
  135 159 123
  161 137 121
  109 135 123
  137 111 121
  91 109 95
  111 89 93
  67 91 71
  301 289 347
  89 65 69
  41 67 57
  65 39 55
  291 303 349
  29 41 51
  39 27 49
  21 29 45
  27 19 43
  15 21 33
  19 15 33
  289 285 309
  309 285 333
  289 309 343
  283 291 311
  283 311 335
  311 291 345
  285 269 323
  267 283 325
  269 253 317
  251 267 319
  253 237 297
  235 251 281
  281 251 299
  237 213 259
  209 235 261
  213 173 200
  200 173 215
  213 200 239
  171 209 202
  171 202 217
  202 209 241
  173 149 183
  147 171 185
  149 123 159
  121 147 161
  297 237 279
  123 95 109
  93 121 111
  95 71 91
  69 93 89
  71 51 57
  57 51 41
  71 57 67
  49 69 55
  49 55 39
  55 69 65
  51 45 29
  43 49 27
  45 33 21
  33 43 19
  357 331 301
  331 359 303
  305 277 301
  277 305 303
  277 245 264
  245 277 263
  245 227 219
  264 245 219
  277 264 301
  245 263 221
  263 277 303
  203 179 225
  99 85 79
  101 129 115
  205 221 247
  219 203 248
  127 99 117
  87 101 77
  181 205 223
  155 127 145
  75 87 53
  157 181 187
  179 155 189
  85 75 59
  129 157 143
  221 227 245
  289 301 264
  303 291 263
  285 289 248
  291 283 247
  269 285 248
  283 267 247
  253 269 225
  267 251 223
  237 253 225
  251 235 223
  213 237 189
  235 209 187
  173 213 189
  209 171 187
  149 173 145
  171 147 143
  123 149 117
  147 121 115
  95 123 117
  121 93 115
  71 95 79
  93 69 77
  51 71 79
  69 49 77
  45 51 59
  49 43 53
  33 45 59
  43 33 53
  225 179 189
  115 129 143
  79 85 59
  247 221 263
  181 223 187
  87 77 53
  127 117 145
  219 248 264
  205 247 223
  99 79 117
  101 115 77
  203 225 248
  155 145 189
  157 187 143
  59 75 53
  247 263 291
  264 248 289
  59 53 33
  189 145 173
  143 187 171
  117 79 95
  223 247 267
  77 115 93
  248 225 269
  225 189 237
  115 143 147
  79 59 51
  187 223 235
  145 117 149
  53 77 49
  227 195 219
  195 167 194
  167 195 191
  167 139 163
  139 167 165
  221 205 191
  129 101 119
  85 99 113
  179 203 163
  205 181 165
  101 87 119
  99 127 113
  203 219 194
  181 157 165
  87 75 103
  227 221 195
  157 129 119
  75 85 113
  155 179 163
  194 167 163
  194 163 203
  195 194 219
  167 191 165
  165 191 205
  191 195 221
  139 165 119
  163 139 113
  127 155 113
  87 103 119
  155 163 113
  103 75 113
  119 103 139
  103 113 139
  119 165 157
  176 169 152
  296 308 316
  314 307 294
  154 170 178
  36 31 24
  374 382 380
  378 381 372
  26 32 38
  384 393 378
  14 18 26
  24 17 12
  380 394 386
  328 321 314
  134 142 154
  152 141 132
  316 322 330
  366 376 374
  62 47 36
  372 375 364
  38 48 64
  340 337 328
  108 126 134
  132 125 106
  330 338 342
  82 73 62
  354 368 366
  364 367 352
  64 74 84
  352 355 340
  106 97 82
  84 98 108
  342 356 354
  208 197 176
  276 288 296
  294 287 274
  178 198 212
  256 243 232
  234 244 258
  392 397 388
  4 2 8
  6 1 4
  390 398 392
  388 395 384
  8 10 14
  12 9 6
  386 396 390
  232 229 208
  258 272 276
  274 271 256
  212 230 234
  397 392 399
  399 392 398
  395 388 397
  398 390 396
  393 384 395
  396 386 394
  381 378 393
  394 380 382
  375 372 381
  382 374 376
  367 364 375
  376 366 368
  355 352 367
  368 354 356
  337 340 355
  356 342 338
  321 328 337
  338 330 322
  307 314 321
  322 316 308
  287 294 307
  308 296 288
  271 274 287
  288 276 272
  243 256 271
  272 258 244
  229 232 243
  244 234 230
  197 208 229
  230 212 198
  169 176 197
  198 178 170
  141 152 169
  170 154 142
  125 132 141
  142 134 126
  97 106 125
  126 108 98
  73 82 97
  98 84 74
  47 62 73
  74 64 48
  31 36 47
  48 38 32
  17 24 31
  32 26 18
  9 12 17
  18 14 10
  1 6 9
  10 8 2
  0 4 1
  2 4 0
  392 388 370
  370 358 362
  362 360 370
  316 282 296
  152 160 176
  178 162 154
  294 280 314
  380 346 374
  24 42 36
  38 40 26
  372 344 378
  26 28 14
  378 348 384
  386 350 380
  12 30 24
  154 138 134
  314 298 328
  330 300 316
  132 136 152
  374 336 366
  36 68 62
  64 66 38
  364 334 372
  134 112 108
  328 318 340
  342 320 330
  106 110 132
  366 326 354
  62 92 82
  84 90 64
  352 324 364
  354 326 342
  108 90 84
  82 92 106
  340 324 352
  296 262 276
  176 184 208
  212 186 178
  274 260 294
  258 218 234
  232 216 256
  8 16 4
  392 370 390
  4 16 6
  14 20 8
  384 358 388
  390 360 386
  6 22 12
  276 242 258
  208 216 232
  234 218 212
  256 240 274
  358 384 348
  350 386 360
  348 378 344
  346 380 350
  344 372 334
  336 374 346
  334 364 324
  326 366 336
  324 340 318
  320 342 326
  318 328 298
  300 330 320
  298 314 280
  282 316 300
  280 294 260
  262 296 282
  260 274 240
  242 276 262
  240 256 216
  218 258 242
  216 208 184
  186 212 218
  184 176 160
  162 178 186
  160 152 136
  138 154 162
  136 132 110
  112 134 138
  110 106 92
  90 108 112
  92 62 68
  66 64 90
  68 36 42
  40 38 66
  42 24 30
  28 26 40
  30 12 22
  20 14 28
  22 6 16
  16 8 20
  388 358 370
  370 360 390
  362 358 332
  332 302 306
  332 360 362
  348 302 358
  360 304 350
  344 290 348
  350 292 346
  334 310 344
  346 312 336
  324 286 334
  336 284 326
  318 270 324
  326 268 320
  298 254 318
  320 252 300
  260 238 280
  282 236 262
  240 214 260
  262 210 242
  216 199 240
  242 201 218
  184 174 216
  218 172 186
  160 150 184
  186 148 162
  304 332 306
  136 124 160
  162 122 138
  110 124 136
  138 122 112
  92 96 110
  112 94 90
  68 72 92
  302 348 290
  90 70 66
  42 58 68
  66 56 40
  292 350 304
  30 52 42
  40 50 28
  22 46 30
  28 44 20
  16 34 22
  20 34 16
  290 310 286
  310 334 286
  290 344 310
  284 312 292
  284 336 312
  312 346 292
  286 324 270
  268 326 284
  270 318 254
  252 320 268
  254 298 238
  236 282 252
  282 300 252
  238 260 214
  210 262 236
  214 199 174
  199 216 174
  214 240 199
  172 201 210
  172 218 201
  201 242 210
  174 184 150
  148 186 172
  150 160 124
  122 162 148
  298 280 238
  124 110 96
  94 112 122
  96 92 72
  70 90 94
  72 58 52
  58 42 52
  72 68 58
  50 56 70
  50 40 56
  56 66 70
  52 30 46
  44 28 50
  46 22 34
  34 20 44
  358 302 332
  332 304 360
  306 302 278
  278 304 306
  278 265 246
  246 220 228
  228 222 246
  265 220 246
  278 302 265
  204 226 180
  100 80 86
  102 116 130
  206 250 222
  220 249 204
  128 118 100
  88 78 102
  182 224 206
  156 146 128
  76 54 88
  158 188 182
  180 190 156
  86 60 76
  130 144 158
  290 265 302
  304 266 292
  286 249 290
  292 250 284
  270 249 286
  284 250 268
  254 226 270
  268 224 252
  238 226 254
  252 224 236
  214 190 238
  236 188 210
  174 190 214
  210 188 172
  150 146 174
  172 144 148
  124 118 150
  148 116 122
  96 118 124
  122 116 94
  72 80 96
  94 78 70
  52 80 72
  70 78 50
  46 60 52
  50 54 44
  34 60 46
  44 54 34
  226 190 180
  116 144 130
  80 60 86
  250 266 222
  250 292 266
  182 188 224
  88 54 78
  128 146 118
  220 265 249
  206 224 250
  100 118 80
  102 78 116
  204 249 226
  156 190 146
  158 144 188
  60 54 76
  304 278 266
  278 246 266
  246 222 266
  265 290 249
  60 34 54
  190 174 146
  144 172 188
  118 96 80
  224 268 250
  78 94 116
  249 270 226
  226 238 190
  116 148 144
  80 52 60
  188 236 224
  146 150 118
  54 50 78
  228 220 196
  196 193 168
  168 192 196
  168 164 140
  140 166 168
  222 192 206
  130 120 102
  86 114 100
  180 164 204
  206 166 182
  102 120 88
  100 114 128
  204 193 220
  182 166 158
  88 104 76
  228 196 222
  158 120 130
  76 114 86
  156 164 180
  193 164 168
  193 204 164
  196 220 193
  168 166 192
  166 206 192
  192 222 196
  140 120 166
  164 114 140
  128 114 156
  88 120 104
  156 114 164
  104 114 76
  120 140 104
  104 140 114
  120 158 166
